,colId0,colId1,colId2,colId3,colId4,colId5,colId6,colId7,colId8,colId9,colId10,colId11,colId12,colId13,colId14,colId15,colId16,colId17,colId18,colId19,colId20,colId21,colId22,colId23,colId24,colId25,colId26,colId27,colId28,colId29,colId30,colId31,colId32,colId33,colId34,colId35,colId36,colId37,colId38,colId39,colId40,colId41,colId42,colId43,colId44,colId45,colId46,colId47,colId48,colId49,colId50,colId51,colId52,colId53,colId54,colId55,colId56,colId57,colId58,colId59,colId60,colId61,colId62,colId63,colId64,colId65,colId66,colId67,colId68,colId69,colId70,colId71,colId72,colId73,colId74,colId75,colId76,colId77,colId78,colId79,colId80,colId81,colId82,colId83,colId84,colId85,colId86,colId87,colId88,colId89,colId90,colId91,colId92,colId93,colId94,colId95,colId96,colId97,colId98,colId99,colId100,colId101,colId102,colId103,colId104,colId105,colId106,colId107,colId108,colId109,colId110,colId111,colId112,colId113,colId114,colId115,colId116,colId117,colId118,colId119,colId120,colId121,colId122,colId123,colId124,colId125,colId126,colId127,colId128,colId129,colId130,colId131,colId132,colId133,colId134,colId135,colId136,colId137,colId138,colId139,colId140,colId141,colId142,colId143,colId144,colId145,colId146,colId147,colId148,colId149,colId150,colId151,colId152,colId153,colId154,colId155,colId156,colId157,colId158,colId159,colId160,colId161,colId162,colId163,colId164,colId165,colId166,colId167,colId168,colId169,colId170,colId171,colId172,colId173,colId174,colId175,colId176,colId177,colId178,colId179,colId180,colId181,colId182,colId183,colId184,colId185,colId186,colId187,colId188,colId189,colId190,colId191,colId192,colId193,colId194,colId195,colId196,colId197,colId198,colId199,colId200,colId201,colId202,colId203,colId204,colId205,colId206,colId207,colId208,colId209,colId210,colId211,colId212,colId213,colId214,colId215,colId216,colId217,colId218,colId219,colId220,colId221,colId222,colId223,colId224,colId225,colId226,colId227,colId228,colId229,colId230,colId231,colId232,colId233,colId234,colId235,colId236,colId237,colId238,colId239,colId240,colId241,colId242,colId243,colId244,colId245,colId246,colId247,colId248,colId249
rowId0,0.05295063780666251,0.10668520722708796,0.026263694827171676,0.0627691656825544,0.03794816822754598,0.0890191691639798,0.108774467065854,0.09884639407295902,0.14190502455906753,0.03351128377193219,0.02002952840479787,0.12131608126838168,0.09811087086971863,0.027531620896947936,0.12912460435442497,0.1276348184276337,0.0689993063277523,0.027381273594172674,0.026483930919803868,0.10904500645234083,0.07956170583697932,0.04647464526117058,0.11337772438500815,0.013725977296703391,0.03942154954513675,0.028358287807441887,0.02089366322938851,0.035260075015522224,0.15669038074703903,0.03299054287185349,0.03211573957942239,0.1250324649912175,0.021580403233670803,0.029446283759633547,0.11338932753021252,0.030801362127112646,0.05334765586927046,0.023828379467334102,0.022190818518236684,0.16340254510766541,0.03167120150154307,0.09835796675412416,0.0035574907143634156,0.023303430075389122,0.0595199526671757,0.04491749837502824,0.1228991753105598,0.027339415128827614,0.039295265544470714,0.11443541100529811,0.018432099923438347,0.06382012832209755,0.04222067134673445,0.13066122595384033,0.0607849939934305,0.0874903467327799,0.1134198647261424,0.058487495737945545,0.00569868141837213,0.027046187939357282,0.06303752745103712,0.10970978460661515,0.03386979239732146,0.11077466046246393,0.034192443862057706,0.05686893322128239,0.07426990010622855,0.21386519591590655,0.036187468336751134,0.026274800215107787,0.05092201320945591,0.01238592740711079,0.03705585238141802,0.030153517681651424,0.043430434770496025,0.08874543296011354,0.03915384690431336,0.033579700002234446,0.043406679589960986,0.13478958388347761,0.06071106900104466,0.05486084811073825,0.17530093677818082,0.07734764030560726,0.0019743672866612385,0.030996936519047814,0.11928874304104242,0.10007624563057085,0.07797456036523379,0.03727036506772215,0.027839708058538748,0.11538145086578852,0.19690434088246628,0.05180395422007624,0.2038753946093372,0.015664244459787043,0.04809396790315217,0.03127487733751449,0.09545180886436631,0.1518192802005353,0.08352530227143147,0.1125644642390023,0.05978660310536649,0.06345286629684944,0.03808331619262089,0.018639036263385752,0.06136603642967155,0.08326537255041222,0.03948408970897994,0.1640993206899182,0.04094085519318643,0.09361426491082366,0.042797119164057644,0.06435750665381641,0.05487583547021357,0.029291059936358436,0.040486436781981466,0.08321436088057595,0.052405226629760854,0.033309323892934846,0.08684442825395526,0.02263772852861777,0.06896073906595404,0.08377775022095811,0.0415090335415429,0.0052680624270637945,0.08034193349068149,0.05210881518392313,0.06168603994923707,0.09045302062979264,0.02116821400719217,0.09226955809382711,0.018291443294187214,0.12558596605576303,0.15673013638471428,0.026585122090765596,0.049508764798018974,0.15673013638471428,0.0542228987442999,0.10603764313892584,0.1309239724605942,0.08029710466537372,0.10328477219772461,0.03502074766405762,0.06356196425814355,0.08136133338035202,0.05916657597753136,0.008293484545749671,0.14040186023070478,0.007131961602682052,0.20989097606091836,0.1380096912362205,0.12441356900095034,0.014375380660155637,0.043430434770496025,0.030396685805813638,0.03277899940354323,0.11077466046246393,0.04595539194754334,0.03351405703448733,0.006246975601047956,0.004799042885886919,0.11588311427078586,0.013081264351617305,0.023806578256957357,0.11186074983563712,0.03086444059220104,0.057346481122152716,0.1287191263258841,0.08004269499961067,0.03929745058332522,0.2386319475261509,0.049933419816022,0.08517001339279531,0.02385857807363168,0.06111234514641131,0.009256460734643968,0.10970978460661515,0.0629887879839539,0.030996936519047814,0.2548275354194706,0.022190818518236684,0.09720702222508476,0.13914740977622023,0.05880646563927412,0.04491749837502824,0.037500805942635745,0.08226846302831745,0.056891079170697266,0.2394309350208083,0.014956096707606049,0.10426384688641321,0.026876565589276938,0.04809396790315217,0.011353764515775563,0.04631310994474407,0.04608240081918501,0.05552993223624501,0.1779344105324831,0.012302249161072084,0.06097390686036244,0.07137774300691742,0.012302249161072084,0.04727763522576811,0.2496359041853222,0.028255731759402766,0.1330630091351828,0.10939680651715215,0.009482827252723503,0.01770105402259905,0.03235682904790616,0.3182529286418399,0.09599121761833428,0.12481848783605332,0.04177562316439023,0.07792447873124378,0.07194821538076857,0.06203184337028378,0.03419462071077893,0.0704920209854422,0.17042579593926416,0.054129586089871874,0.1581044432373948,0.10155999662551508,0.10426384688641321,0.045360789929056525,0.04177562316439023,0.07075565832710061,0.09703680934456076,0.020345966248878473,0.04645193071360075,0.06196559736719907,0.011447945396967713,0.02623006659696883,0.19562540965975656,0.21415924083222407,0.05992858240965832,0.0316759563735845,0.04952331415873677,0.12319189475464339,0.06644184695473425,0.014772500230663017,0.08029710466537372,0.09703680934456076,0.11133391901952686,0.03574794240080859,0.05957042965684036,0.007194636632862728,0.06168603994923707,0.0461850859364933
rowId1,0.06140680518445316,0.11909544926042755,0.1615715416251067,0.015255115808022152,0.0406149742766575,0.05533035481700348,0.07209222732767491,0.03127487733751449,0.10138195455992095,0.20540485068688014,0.022901702888118634,0.040845637903666084,0.034000464186655505,0.03961435402692669,0.06107495036395189,0.09280744993744025,0.1380096912362205,0.038486313482753644,0.017450624484275826,0.08079817537731275,0.12219537683003356,0.012382517878824474,0.2364121131322201,0.12626963953472042,0.052384989966095176,0.13725806414437652,0.03899315372958534,0.001160583601150869,0.142594228576919,0.01513130881026172,0.14003920305160011,0.2111621141291003,0.05339413863343843,0.03231724629731043,0.03542607471918619,0.08154620190035185,0.026426546782911408,0.05661462709928093,0.17327047237633048,0.0721305894263954,0.034058891602593,0.14718307939982944,0.057715175115986395,0.04176343650280099,0.13289247623394812,0.032210831267687964,0.03748970445464128,0.14812399391349337,0.05636390858181385,0.03832618871610142,0.09599121761833428,0.025392678101793305,0.02054140468873364,0.15785882849713337,0.05772318999452151,0.0785721462772907,0.06090742961770446,0.07853026456257887,0.009681513657680633,0.09438867908508199,0.1215872123146998,0.03501514193951451,0.06415207462311867,0.008660115293498229,0.07252304152301488,0.03544609355570803,0.10656782405670617,0.02814962589004989,0.13070215436176996,0.018958315266224966,0.01987491124064308,0.041712302511136355,0.06460373209232116,0.09684750332021232,0.03157549614693655,0.06896073906595404,0.06303752745103712,0.08938879861991139,0.08586955293230615,0.13554704684960045,0.028255731759402766,0.04917298652148906,0.11245629191416737,0.27554240885943343,0.0704920209854422,0.057715175115986395,0.10708985912028696,0.08800441714809738,0.043763658440362514,0.07915161640724724,0.27036948105207664,0.06867273616548764,0.45549265311912734,0.03759004280874613,0.02783085768444364,0.08685234331831665,0.07373625391171952,0.03822996370629155,0.10138195455992095,0.043071005021486634,0.025024671166916177,0.012409812198573015,0.010874952074147064,0.14939398150028746,0.05472964640721986,0.03216971260422346,0.08865993303919399,0.057715175115986395,0.025720319365882233,0.06715056668121039,0.13091803247248263,0.07044365083545326,0.09325059267029452,0.053866987442392295,0.26879822329353653,0.06598354674678703,0.03084410864312551,0.06715841591553207,0.05578830709588376,0.027363439804964036,0.1233723421551813,0.12211068626932499,0.10006566146445842,0.14718307939982944,0.015793248160788205,0.024771235204193724,0.22321178026943483,0.06707224149513806,0.030086858276874,0.08685226182184991,0.036649896912632624,0.055217181988922066,0.1792834397466763,0.04187852298493348,0.05104160610971572,0.11626584452197324,0.14129435327272127,0.10737095420916197,0.10618502505903259,0.07700547832610954,0.05580781562436631,0.014951362342960125,0.04078779991944996,0.09222861443600389,0.035898107525405044,0.20857655664498323,0.0359447612391452,0.13289247623394812,0.04820576052431156,0.1295841708513099,0.04270954807646496,0.08685226182184991,0.036291896834200026,0.14040186023070478,0.019194145876443882,0.014981903813317581,0.03999860299970289,0.1550911996168274,0.008203217482846543,0.18186820160151645,0.108774467065854,0.05758175040859915,0.051075750530004446,0.03574794240080859,0.062350729694423915,0.032818997701746046,0.10316854057431916,0.07058851242365444,0.017998176002266903,0.11752161948341273,0.02696601461760173,0.1562688333715234,0.06149509908870966,0.08685234331831665,0.0016594866843270078,0.2523686063220783,0.0754669708164873,0.24775353246930432,0.1342836024757118,0.14371991382089253,0.045360789929056525,0.08569440272150812,0.012023196246579756,0.12626963953472042,0.037558283967565914,0.14529841026851467,0.03766539871962317,0.07170174788096212,0.10534266627030402,0.04595539194754334,0.10349991225940729,0.16822232470883255,0.17492427915422573,0.028669348790339493,0.1824389242971646,0.009873194535136116,0.012961469731987266,0.040845637903666084,0.013719858586891658,0.03574794240080859,0.09772256989304996,0.028599325313790534,0.023992342584586136,0.015469941711065378,0.04645193071360075,0.23158276126519725,0.10656782405670617,0.14365904546732117,0.027739673843593833,0.093388886946188,0.013902640332945745,0.06035921583087826,0.06952257454552643,0.08635270049928916,0.11882319584165722,0.13478958388347761,0.065728013099982,0.27298330321199804,0.10565873408288223,0.33732251758153786,0.1323334003157555,0.030387354680054202,0.21386519591590655,0.21215248245116475,0.036649896912632624,0.017588295025992687,0.08553715656480743,0.04821058808631389,0.03357781202869811,0.1334709007063108,0.15967368453543784,0.02814962589004989,0.09699257399247305,0.04253325415890776,0.034509813976437216,0.03832618871610142,0.04370905553095802,0.1052622382613658,0.01530033495826165,0.008136093675204323,0.03798354132414837,0.046607082917171326,0.028351876179501967,0.0656152538296495,0.0024735841903112434,0.024266183679863794,0.14463515329590595,0.042946920005675966,0.16552069044415763,0.004975004103988152
rowId2,0.028174092892130336,0.1674209607725292,0.032952065867482595,0.12912460435442497,0.10241020114291999,0.08579832894478713,0.09855186215742719,0.0527981832657547,0.057693300840760825,0.02629983587546414,0.1295841708513099,0.14463515329590595,0.047635917976653605,0.0595199526671757,0.0527981832657547,0.06375824879173388,0.02351782199413517,0.07400648649450245,0.05692538241875496,0.02783085768444364,0.054763426404342466,0.05357940536723349,0.037558283967565914,0.13277468211871718,0.03924510396556578,0.02977049159155893,0.17419125449951103,0.23095548830597412,0.09704550650974093,0.3028211805111555,0.05103956064333818,0.027339415128827614,0.05104160610971572,0.09225130635784731,0.04364627000013338,0.2159207442663503,0.04817075298797411,0.09880416150985406,0.2200078992959789,0.0890610933244565,0.008422735088664578,0.09236449954720602,0.02635623173074948,0.1637682749328249,0.013081264351617305,0.07329327435539988,0.038627933456537346,0.20428805750621565,0.0874903467327799,0.028303357240390212,0.34891311677638054,0.09669392721349093,0.0630038274757027,0.08042163712152642,0.017800098837098807,0.13323027286096276,0.06134163395735278,0.16331513308486978,0.02696601461760173,0.07426990010622855,0.13316941358652512,0.022901702888118634,0.014375380660155637,0.04820576052431156,0.09340039086107733,0.011030822511195562,0.030086858276874,0.14113031011126084,0.01907473378512423,0.02664862240992076,0.12321405941938406,0.03726148697091725,0.04379595926580875,0.04589467591825148,0.13886235682904702,0.17327047237633048,0.08425381116818527,0.09854469621923163,0.13554704684960045,0.08018129967829611,0.027167382687697555,0.11338932753021252,0.04610325480715077,0.0779192497212779,0.030996936519047814,0.051141409945534407,0.013902640332945745,0.3070058519568064,0.10060492240923555,0.04463339559281491,0.018700198478567746,0.26279658803543204,0.06838469631026628,0.008660115293498229,0.07637491113170373,0.040245610853556525,0.2714605466469469,0.02263772852861777,0.11867710015527264,0.02054140468873364,0.04444735794264896,0.03885148803211316,0.04506801982299781,0.0845594630992321,0.028599325313790534,0.019996810121400154,0.12450729421284275,0.052956487694236526,0.012087732820448055,0.018275824150812713,0.04589467591825148,0.018700198478567746,0.010581444816286216,0.03681645588138558,0.1445093638682014,0.017766762353292203,0.10328477219772461,0.07627885643610594,0.23543932595827535,0.028506084278041223,0.03449769517907935,0.10605325488426509,0.00424493197697294,0.14311180265807422,0.07659175563472435,0.0419386775708471,0.06644184695473425,0.1175324079111423,0.03994451649516368,0.193635599882764,0.2219849138281642,0.0406149742766575,0.03726148697091725,0.03915384690431336,0.0337456475259338,0.03280757013644673,0.029446283759633547,0.06021094519756196,0.04424430627846097,0.06264437487725902,0.06303752745103712,0.06381984694513282,0.04734445323783841,0.02081028375652667,0.11337772438500815,0.04700080692243039,0.10337740311861805,0.20247490841399748,0.0325779914417661,0.028799829447790155,0.04097984159837939,0.03514363435872044,0.0016584474346639983,0.04251764915435123,0.026585122090765596,0.3064858950054413,0.05354673072017464,0.11445004906312639,0.020598295357288864,0.10138195455992095,0.03418168625114799,0.07926505648786575,0.03983635869480125,0.11740460218514133,0.03563154151704626,0.08732456447569596,0.1414196764074397,0.1382327865214983,0.017630175192375756,0.11242857206816594,0.2746187737836757,0.08321436088057595,0.04036084414354057,0.18694592172753058,0.05686233393948718,0.0772783426344131,0.034000464186655505,0.03319675917204851,0.1159413949746028,0.013570794622076622,0.1228991753105598,0.0899923145289757,0.10131679962040124,0.07926505648786575,0.018955262996848417,0.20146058500594796,0.26149081198054147,0.04541251652372214,0.03350840518769029,0.15086271529609083,0.0485374725560171,0.13022584200540502,0.09599121761833428,0.2480913783478117,0.05686893322128239,0.020889833352379115,0.26307161862603196,0.13396855290030701,0.030153517681651424,0.10316854057431916,0.09970243584113091,0.09304335223163059,0.1316345418035157,0.1295841708513099,0.22929229968146284,0.025271682694782034,0.1674209607725292,0.06551654894201865,0.08044347490146428,0.14668917981254953,0.04809396790315217,0.1932187420887361,0.13323027286096276,0.26566501185002683,0.05371547389741796,0.06644184695473425,0.03205144736031224,0.04641012420267559,0.014956096707606049,0.1404080633955328,0.09025769470979908,0.0014195172520296124,0.11122896499749457,0.03292973864397497,0.04579692809366499,0.0024663782729773404,0.07298990170758035,0.0907346183323277,0.35546825740553917,0.04676237280688779,0.1295178019926262,0.17530093677818082,0.03080378095493439,0.05210881518392313,0.1309239724605942,0.3197689405850322,0.20959641478555013,0.02002952840479787,0.03588597300280466,0.05636390858181385,0.060795326079078026,0.1323334003157555,0.07381480878488941,0.024377994979228636,0.017430691886933358,0.012802176579163431,0.042946920005675966,0.17327047237633048,0.0876026134183375,0.0533719563635346
rowId3,0.03134987981722057,0.21134613596198915,0.10164575434174027,0.24172811512025913,0.2506406475823802,0.03848544513246123,0.17042579593926416,0.06584863655866877,0.17492427915422573,0.05379965376413866,0.04589955972427422,0.16710876139780362,0.2219849138281642,0.16638812160611435,0.046388466784095875,0.1911796698425654,0.20146058500594796,0.039463191802789024,0.07137774300691742,0.123826265711517,0.007269746988188503,0.048464710066720464,0.002121882473025589,0.06111234514641131,0.014470794131012073,0.027492306065426773,0.03808331619262089,0.07709042215528919,0.11815629172468389,0.273296513704592,0.10534266627030402,0.017264477451250176,0.026336588642208864,0.13829512470271474,0.18719690702186523,0.10294895835231888,0.049097617730240746,0.12211806068723663,0.1265934144919582,0.07929654641953629,0.03727036506772215,0.010196507717486642,0.10421310024034515,0.03999860299970289,0.005679349701945355,0.12481848783605332,0.08148668066719446,0.09595609125389327,0.10164575434174027,0.05268225340870092,0.01817424356802463,0.059004586079247745,0.13396855290030701,0.34891311677638054,0.12626963953472042,0.10708985912028696,0.04804952846042931,0.0627691656825544,0.0699128580206811,0.10085216866489953,0.08481315466306634,0.022573770900477633,0.05486872498828684,0.06839934237827247,0.010874952074147064,0.10316854057431916,0.008293484545749671,0.04305512182419307,0.084028416742319,0.04676237280688779,0.05670052168664793,0.019127231002087627,0.027694535126016932,0.18186820160151645,0.01976819149240272,0.20649467464612828,0.030086858276874,0.03493008876530704,0.018364172732089117,0.10076413849603529,0.057350477925272175,0.033106713589935485,0.1323933915099046,0.25635908080830144,0.031275357344309446,0.1052622382613658,0.057346481122152716,0.0052680624270637945,0.11726927412993757,0.028547592901568733,0.055466322071612284,0.05995406151271267,0.10252991989402437,0.023992342584586136,0.06515893991520305,0.1265934144919582,0.027839708058538748,0.023806578256957357,0.11960470280766451,0.142594228576919,0.1631943737956888,0.034210362222606545,0.015529893083447616,0.15326340587523377,0.06715056668121039,0.3148892573261145,0.2186621908474496,0.2483154695117704,0.00193613108216705,0.062285713965148974,0.026876565589276938,0.22080184262869307,0.11242857206816594,0.03788775710543377,0.04879590076482457,0.014470794131012073,0.03007671168660523,0.03417634251930709,0.027407112804122807,0.07445848668361738,0.1612891967285631,0.0181559662694938,0.04909027753160908,0.19388151623358074,0.07506896499436568,0.15492062769528012,0.032818997701746046,0.11458761931764577,0.1052622382613658,0.024618591499328494,0.03775970949684174,0.07667281301684715,0.018432099923438347,0.04036084414354057,0.03503989682772746,0.07228921937305575,0.07710780672072709,0.057693300840760825,0.051853501696350786,0.03319675917204851,0.012023196246579756,0.028669348790339493,0.04176343650280099,0.08840250238522263,0.048619139107471364,0.016063735838563173,0.015701948111027837,0.054280931684650695,0.10897046204943009,0.072099642549982,0.03759004280874613,0.1052622382613658,0.07037493381792351,0.12481380621321259,0.18541752096511707,0.05783041423428113,0.13106381999870861,0.017128430737049664,0.07805267957088467,0.027980646120439018,0.0527981832657547,0.08325662503095924,0.23303426545035244,0.036187468336751134,0.057350477925272175,0.06113316301368413,0.06796177011202863,0.07963498296649549,0.07460163473835035,0.012715153096983886,0.0429850759827676,0.025271682694782034,0.0656152538296495,0.06264437487725902,0.00723332362833648,0.11523398534945531,0.1834345178956457,0.035260075015522224,0.015960476247937345,0.01678977509604229,0.0962274436407269,0.15530946107413995,0.08061541586142089,0.015335599796271132,0.15758099506012443,0.05339413863343843,0.03123999571671486,0.0656152538296495,0.09325059267029452,0.025817662585343973,0.05787162479345371,0.05240819850123343,0.017273800303183713,0.03875353309490299,0.15758099506012443,0.03633334323186749,0.014951362342960125,0.1369968788708034,0.044521419544169445,0.01647513823739269,0.016588984493490472,0.3545963317289478,0.06556312471448641,0.02743976817762768,0.05365236410491182,0.016040533338174266,0.07700547832610954,0.06874798169201987,0.028906179387724443,0.14812399391349337,0.11593151931672963,0.022190818518236684,0.023705378825243036,0.08938879861991139,0.04230443740330246,0.10316854057431916,0.05745113261848428,0.10112773277521184,0.03574794240080859,0.34468304846797815,0.10241594063559417,0.018425671901617,0.07730301579951251,0.062123878833392175,0.13464322407379928,0.24172811512025913,0.09854469621923163,0.0842820761735914,0.20540485068688014,0.12987758190099027,0.025174039322353518,0.05307977036299651,0.2159207442663503,0.2076241358354501,0.08970485982576791,0.021118410496397552,0.07103377565029463,0.06620182671010647,0.023330181294667924,0.031756706272599924,0.04364627000013338,0.07451204275514442,0.06605031758532445,0.06297106234016792,0.053552928875930855,0.028255731759402766,0.10167435577256531,0.04586860269306368,0.06556312471448641,0.06250849925275137
rowId4,0.14112762206315058,0.09865414033922758,0.0337456475259338,0.08545342411244973,0.14952523046457591,0.028599325313790534,0.0584438991170054,0.06408883949666411,0.2578014176647156,0.07020954388857871,0.04917298652148906,0.3028211805111555,0.16061958142217606,0.0035574907143634156,0.043071005021486634,0.26879822329353653,0.10349991225940729,0.18611516817269508,0.06556312471448641,0.05472964640721986,0.06693039258088294,0.19078411262500236,0.17327047237633048,0.22664699653928227,0.05422935740651338,0.1115905840203343,0.045791771541429424,0.06886356171131285,0.04816170391689469,0.03565841363186296,0.24967309262222043,0.0824477990648991,0.09330931421783428,0.05772318999452151,0.08000910597483264,0.18283726985167884,0.0635494061796558,0.0031098328052653304,0.024618591499328494,0.21640617987221014,0.07800111967087671,0.07627885643610594,0.012802176579163431,0.01986848339245085,0.22321178026943483,0.05196947250218702,0.026709505515855436,0.024618591499328494,0.013902640332945745,0.07037567900853456,0.33918533192477185,0.19512175973379914,0.09073026914828385,0.028799829447790155,0.11460330998056277,0.06605031758532445,0.49528609136595186,0.13478958388347761,0.05429242909402791,0.055615668272831646,0.04917298652148906,0.008281152186413676,0.38875735910827086,0.08874543296011354,0.2251822106904705,0.023054019550028122,0.049024242005896064,0.027722067837179065,0.14632140965753745,0.02284163337380396,0.012134930745230818,0.055774104685159004,0.09865414033922758,0.0657465267103825,0.0009565827979865296,0.11426457805788533,0.08004269499961067,0.07197347829236062,0.09462622765743829,0.0490597499275445,0.06867273616548764,0.3771672212472896,0.1932187420887361,0.03530475507284041,0.05783041423428113,0.010336929883731765,0.09510173084686854,0.1263156157929624,0.04759092305037301,0.031740260267190276,0.05834458195742017,0.04769708527913133,0.07913518569135433,0.05580781562436631,0.12507654866951376,0.18426750232774555,0.10575797204979392,0.05245383369473509,0.0019743672866612385,0.06308101847755063,0.09543761332904574,0.05088840639974515,0.016588984493490472,0.12700540400463725,0.06415207462311867,0.06588276610283748,0.07929262048894575,0.10851714506791006,0.045581527511999786,0.09388686176416415,0.07988827723680285,0.06750050498598165,0.051082808073531286,0.09699257399247305,0.0824477990648991,0.04126416055933206,0.1279124781470182,0.006246975601047956,0.1369968788708034,0.021241772437108286,0.03849441112147166,0.06381984694513282,0.1615715416251067,0.05109981097667743,0.07005594247260512,0.010874952074147064,0.03788775710543377,0.23672554762405443,0.03307704851652938,0.05147005307257128,0.1029843243690421,0.11960470280766451,0.06169254292998417,0.1279124781470182,0.18541752096511707,0.019194145876443882,0.17061893930874097,0.04251764915435123,0.11061162161675382,0.14573659520976878,0.03924490953398031,0.024098780808221292,0.11837185643558287,0.09959952523575737,0.06140680518445316,0.02385857807363168,0.11625513295709856,0.1404080633955328,0.10939680651715215,0.08555483590857797,0.14113352939866172,0.08895253341747135,0.08079510604588554,0.03991607894800064,0.05370653215934189,0.0555072862063709,0.05745628713186052,0.13323971897869835,0.039463191802789024,0.12886494823050226,0.08377775022095811,0.03588597300280466,0.04190173012996835,0.02623006659696883,0.06715841591553207,0.06381984694513282,0.043145974762119024,0.11218261353333293,0.042946920005675966,0.07929262048894575,0.15863599133732575,0.13844044529711408,0.17061893930874097,0.1386428392245063,0.07482193533990962,0.057715175115986395,0.2642019076465018,0.0576500574178649,0.033106713589935485,0.09097591582361568,0.34891311677638054,0.07228921937305575,0.26913692879840234,0.019457210346014938,0.10121866702268312,0.06134922898764997,0.22929229968146284,0.15883501452833554,0.0536970880051042,0.06882577223500075,0.08938879861991139,0.0542228987442999,0.034695106210996585,0.029985474340503245,0.061302009339381985,0.06588276610283748,0.18338484295646426,0.05092201320945591,0.015793248160788205,0.06316832941713058,0.1287191263258841,0.11402291709174132,0.11575658288256026,0.0550416688137162,0.0664158250271298,0.03240034146396136,0.03578457377357328,0.10708985912028696,0.20428805750621565,0.04375041821232045,0.008149511298223012,0.04791447870766466,0.18186820160151645,0.027046187939357282,0.1003528810059929,0.0471885983259131,0.16102481895057755,0.03288713675441889,0.07117167890071133,0.012023196246579756,0.047113868993233096,0.1323933915099046,0.15868440580585322,0.09899324295735384,0.10112773277521184,0.06458494506397139,0.15427323840338192,0.03983059066932128,0.08321436088057595,0.03633334323186749,0.09429267373051416,0.07037567900853456,0.09244417169740099,0.08008595999373899,0.05469840484931965,0.06860051948882322,0.05092201320945591,0.028799829447790155,0.10902995955306398,0.10164575434174027,0.06308101847755063,0.037452485883362904,0.18353317167795255,0.026263694827171676,0.17172641547838768,0.09279965872048816,0.0196556399038762,0.3229171991097377,0.013902640332945745,0.02012066757282389
rowId5,0.2038753946093372,0.0314607697635493,0.14687038373156372,0.0190519723518334,0.09236449954720602,0.1647014841231385,0.03123999571671486,0.046607082917171326,0.2200078992959789,0.041880081706703216,0.30318879799301185,0.23725070138533247,0.20872635028747744,0.08352530227143147,0.0627691656825544,0.05940037972146779,0.061019999055244085,0.025029094172608478,0.065728013099982,0.07486977280851757,0.06262632535208257,0.047113868993233096,0.05196947250218702,0.04424430627846097,0.00193613108216705,0.04795333646108831,0.3428503142213519,0.017800098837098807,0.13066122595384033,0.1412294811690744,0.02629983587546414,0.06111234514641131,0.025031390642341268,0.04608240081918501,0.0329046009050689,0.04095516332527793,0.04126416055933206,0.19388151623358074,0.2480913783478117,0.26279658803543204,0.03871069082009698,0.03137587953540144,0.047113868993233096,0.16190114586296384,0.04444735794264896,0.1316345418035157,0.14638398611707923,0.031798389482455613,0.09760076578435951,0.03319675917204851,0.05992858240965832,0.09388686176416415,0.07228921937305575,0.007615392198972024,0.0014734937643591185,0.03839846356265713,0.05513978848235159,0.34468304846797815,0.03530475507284041,0.08481315466306634,0.062123878833392175,0.06828300839267314,0.3594849603243823,0.25881898426779637,0.15525086444828687,0.04190173012996835,0.18191540179836385,0.032264556125907624,0.11777693041468404,0.05486872498828684,0.1550911996168274,0.2394309350208083,0.18694592172753058,0.02840389634552638,0.10190263505242705,0.1823869310687453,0.13070215436176996,0.07125929557042193,0.04509791694775669,0.007615392198972024,0.14939398150028746,0.15326340587523377,0.029488681130087475,0.01988777446856482,0.16638812160611435,0.03449769517907935,0.05469840484931965,0.08847280145958716,0.08698319649927172,0.1789631763486703,0.15217526271752516,0.14190502455906753,0.03123999571671486,0.10250890973583873,0.24172811512025913,0.045616126317840226,0.17638672838815636,0.05886391966927162,0.06203184337028378,0.1037583457617435,0.05995406151271267,0.013563499102358852,0.07659175563472435,0.09950116357986438,0.029274926692899546,0.054214800583152645,0.012134930745230818,0.021226796448345624,0.12563750103973415,0.08684442825395526,0.05696271235707727,0.026276556651016393,0.093388886946188,0.012409812198573015,0.1677536341409256,0.02381888579015437,0.06399474151154907,0.037378649224921054,0.10552438389889687,0.1823869310687453,0.22380058753779314,0.03678678295654137,0.033309323892934846,0.17956653351301535,0.35371062299421097,0.0201585408420951,0.07074577782997114,0.07730301579951251,0.10155896546150484,0.017450624484275826,0.06924378137890005,0.039872841557605905,0.0657465267103825,0.15967368453543784,0.008203217482846543,0.042261196458572674,0.03113679629243459,0.06744074606654175,0.04509791694775669,0.0594686421835955,0.10155896546150484,0.01473791567634694,0.024098780808221292,0.09704550650974093,0.10851714506791006,0.04579692809366499,0.03983059066932128,0.03942154954513675,0.1580817611002511,0.05957042965684036,0.016686140188555895,0.07117167890071133,0.0838457233068345,0.13671306362195296,0.2078788065117053,0.30318879799301185,0.0879574190924659,0.03648124451396212,0.01348667430785373,0.04785285354146018,0.04190173012996835,0.10060492240923555,0.05095963412617053,0.03080378095493439,0.03211573957942239,0.11862327645103342,0.06168446572573735,0.04130264847584571,0.1550911996168274,0.03520873620064968,0.22628529374863732,0.014635708471241923,0.10854730204208571,0.02281560115399537,0.0325779914417661,0.06896073906595404,0.12807209650745013,0.10934531532203123,0.15962122246056037,0.09950116357986438,0.03674381607780177,0.10203295344644954,0.0196556399038762,0.03717821775032464,0.22961718615419324,0.03520400737034127,0.034370664243488024,0.33091766808774714,0.06097390686036244,0.029943120478630375,0.05393921197358413,0.261655810195167,0.1860946727606127,0.034370664243488024,0.034370664243488024,0.108774467065854,0.01046299191267717,0.014375380660155637,0.10250890973583873,0.030801362127112646,0.11124057942966953,0.035261434698328355,0.06220922433133476,0.05088840639974515,0.11027956864797933,0.03256549912379051,0.07397354572993337,0.09025769470979908,0.11740460218514133,0.0632434822655344,0.04440583666255198,0.12941427028674948,0.014257324378410534,0.04372229617401926,0.10290633734405875,0.043406679589960986,0.0348058819147593,0.03520873620064968,0.16426708102052753,0.14003920305160011,0.017106025771398956,0.0054814593349430405,0.11710710220545238,0.04542468396420786,0.02815537823506851,0.09699257399247305,0.09703680934456076,0.05098374705089239,0.1029843243690421,0.1086200947835858,0.04774617208099574,0.21384661491077844,0.03315502653878524,0.016980287233531125,0.17005480488327893,0.019127231002087627,0.1295178019926262,0.08414673120938626,0.04541251652372214,0.12211068626932499,0.019663016356227418,0.03798354132414837,0.02056781267910599,0.025897385529207652,0.018364172732089117,0.08445385072126431,0.030439379557517934,0.04917298652148906,0.36457726444627037,0.3148892573261145
rowId6,0.030086858276874,0.1320554396711257,0.03315502653878524,0.023099802747534592,0.027146168235100094,0.11625513295709856,0.04267621179097056,0.08380283722038466,0.012302249161072084,0.07467052724840187,0.16266482666147805,0.1115905840203343,0.1342836024757118,0.03305393741437245,0.04589467591825148,0.20736683539202264,0.06140680518445316,0.02642587952391636,0.11118440660788745,0.13072710424841222,0.00501509556765598,0.21134613596198915,0.18057994137607258,0.10552438389889687,0.16646448339576006,0.01660390198358485,0.03502074766405762,0.03835395733374427,0.027876176803554725,0.10364937774625661,0.07113296854299447,0.08685226182184991,0.06136603642967155,0.12563750103973415,0.010987912659858455,0.03321758702491373,0.06922884638999138,0.07005594247260512,0.1779344105324831,0.04541251652372214,0.12912460435442497,0.01520413806018166,0.055615668272831646,0.016358000002096352,0.3162993595987294,0.03217564722898496,0.04178727469312611,0.02783085768444364,0.12807209650745013,0.11273450456651479,0.049933419816022,0.09884639407295902,0.013484203769131214,0.05212729291658361,0.06874798169201987,0.1076361019752512,0.1868962350416429,0.040245610853556525,0.36368055324122,0.1611631355227145,0.03544609355570803,0.19009898732459152,0.03733659973021283,0.057350477925272175,0.014257324378410534,0.15346551334662537,0.16061958142217606,0.02611256720996245,0.046747789712766004,0.07942359275213501,0.0017202596135649285,0.07734764030560726,0.06140680518445316,0.23861576314397512,0.03419462071077893,0.1382327865214983,0.06715841591553207,0.017630175192375756,0.07486977280851757,0.20146058500594796,0.06601684212396985,0.021035279389131245,0.042797119164057644,0.03211573957942239,0.10565873408288223,0.0649477681015009,0.05104160610971572,0.045509685059433785,0.02966187467733761,0.04280986253284726,0.08034193349068149,0.20476934866778262,0.03005283459482651,0.05486872498828684,0.09703680934456076,0.1003528810059929,0.1596607802709601,0.06922884638999138,0.029943120478630375,0.1078497759557763,0.09869680188678473,0.01895455216864403,0.06421392437529953,0.12860464508678013,0.039295265544470714,0.06485024265722507,0.08800441714809738,0.06303752745103712,0.03561139959328582,0.1612891967285631,0.06644184695473425,0.10409300769221103,0.11458761931764577,0.08586955293230615,0.10603764313892584,0.2219849138281642,0.015241665720065582,0.2121707794512331,0.07710103079442301,0.012382517878824474,0.05735692628781611,0.00588991757559099,0.033555591874811025,0.06035921583087826,0.012023196246579756,0.06841565862114168,0.06796177011202863,0.10203295344644954,0.06486139555434021,0.13621507646855882,0.13070215436176996,0.07627885643610594,0.38875735910827086,0.1185385584173658,0.06556312471448641,0.07090457711116659,0.02137279835562717,0.09893626269075131,0.08274407282366453,0.07070226275940979,0.03589832647286954,0.04962240834602832,0.0874903467327799,0.15955399352998592,0.03253960227038006,0.04130264847584571,0.08048125822188523,0.036649896912632624,0.03514363435872044,0.08657086839348747,0.03808331619262089,0.11144192143260966,0.24358307554122477,0.02733218066286086,0.012302249161072084,0.0629887879839539,0.06796177011202863,0.03994451649516368,0.2251822106904705,0.18191540179836385,0.06090742961770446,0.06390620491701236,0.028912686395979416,0.061013159375091844,0.053628078709692925,0.03681279137599688,0.14825661287507363,0.024338964763538914,0.06679846799465182,0.06420564322210497,0.03489886399072764,0.10007624563057085,0.01513130881026172,0.25169580570047323,0.03280757013644673,0.03610503296908216,0.0471885983259131,0.11458761931764577,0.031798389482455613,0.01915352288157754,0.3228831316963086,0.06115579624633521,0.034192443862057706,0.07988827723680285,0.0277221587397961,0.1466377351705964,0.047635917976653605,0.07031572056692838,0.0024663782729773404,0.18350589336633658,0.03563154151704626,0.02696601461760173,0.017128430737049664,0.20146058500594796,0.015258459652880734,0.08970485982576791,0.13022584200540502,0.029237766048682105,0.24967309262222043,0.09899324295735384,0.02012066757282389,0.027980646120439018,0.16677513400863042,0.07482193533990962,0.011239942713006513,0.03324955615323629,0.022201433566264018,0.02555328322910774,0.1445201601817003,0.18541752096511707,0.09704550650974093,0.05848213623398934,0.028923152962393183,0.04095910770721359,0.06796177011202863,0.029237766048682105,0.024266183679863794,0.07194821538076857,0.012944281733999176,0.15919559162073024,0.1381458096349222,0.08685234331831665,0.0899400568571098,0.03540866522579982,0.05088840639974515,0.02629983587546414,0.07627885643610594,0.1445201601817003,0.09835796675412416,0.053552928875930855,0.19822721863685178,0.06203825029697983,0.08874543296011354,0.04676237280688779,0.03548375469695007,0.030396685805813638,0.03548375469695007,0.11538145086578852,0.04910280909990828,0.011239942713006513,0.020247981163211536,0.06886356171131285,0.11710710220545238,0.039097178403433,0.08583343789693548,0.07381480878488941,0.03187190381782426,0.0069603434554135245,0.08481315466306634,0.06750234075417384
rowId7,0.17966692845076357,0.033097731182593564,0.01530033495826165,0.172012297833012,0.10708985912028696,0.18619259208399594,0.02054140468873364,0.18894688715902186,0.08984605018464675,0.11926490911450775,0.020247981163211536,0.0630038274757027,0.15968786781821426,0.04610325480715077,0.15784646325867696,0.026336588642208864,0.3391137012024435,0.08226846302831745,0.034695106210996585,0.1932187420887361,0.07593919617160745,0.03299054287185349,0.1040932907750545,0.20152512057686184,0.14112762206315058,0.01987491124064308,0.022234943294891715,0.22507450032489837,0.06134163395735278,0.047921103849625876,0.26913692879840234,0.06069020644170173,0.01869083213487588,0.22507450032489837,0.10138195455992095,0.06381984694513282,0.1037583457617435,0.028303357240390212,0.15326340587523377,0.20649467464612828,0.0938511877510938,0.03240034146396136,0.028067500025218257,0.06113316301368413,0.02264041966360618,0.1037583457617435,0.07584865320171244,0.12411607552736283,0.07400648649450245,0.11620181949525443,0.025311766711087064,0.03215927506634591,0.09462622765743829,0.00424493197697294,0.02049398507016983,0.0016594866843270078,0.06245472633172106,0.1323334003157555,0.24172811512025913,0.020122083008015757,0.07708572147077516,0.07023972692722037,0.1563213946479865,0.06129987982429951,0.028765196562273956,0.09880416150985406,0.05330037918976837,0.06838553160708132,0.11266209052558614,0.2258985049700433,0.016063735838563173,0.05271634220676527,0.26566501185002683,0.07441619064437292,0.03294574279750345,0.02318646687325158,0.026709505515855436,0.015529893083447616,0.032359818370631226,0.035056425684755754,0.09763967183037908,0.06715056668121039,0.03678678295654137,0.028010747977871408,0.01512409783235807,0.03540866522579982,0.022964712006800666,0.13022584200540502,0.1380096912362205,0.1957036499749003,0.04990213832453254,0.1342836024757118,0.0540927417505276,0.1625737309454052,0.03681279137599688,0.025720319365882233,0.011030822511195562,0.09939811435029541,0.142594228576919,0.11325291449263311,0.09763967183037908,0.028358287807441887,0.053552928875930855,0.017588295025992687,0.028599325313790534,0.032264556125907624,0.27298330321199804,0.05339413863343843,0.06707224149513806,0.07220956990215752,0.049024242005896064,0.005745803733773644,0.04455737455271466,0.027606168990960488,0.06250205948427942,0.0899400568571098,0.002121882473025589,0.09975901395039075,0.02225068215494732,0.261655810195167,0.11730261187148877,0.12228666395372358,0.02281560115399537,0.09763967183037908,0.03759004280874613,0.1612891967285631,0.16061958142217606,0.22961718615419324,0.18173888180230333,0.06644184695473425,0.034865189638133724,0.00193613108216705,0.05886391966927162,0.04583884293867521,0.08338120696561022,0.043071005021486634,0.010196507717486642,0.16266482666147805,0.015701948111027837,0.12319189475464339,0.04401643776890336,0.15967368453543784,0.04070808234821544,0.06216262999539586,0.14129435327272127,0.10897046204943009,0.1911693802116228,0.06316832941713058,0.09279965872048816,0.031089106207021117,0.02284163337380396,0.03788775710543377,0.0704920209854422,0.017947202939576485,0.028669348790339493,0.01986848339245085,0.05271634220676527,0.03540866522579982,0.06169254292998417,0.15243063322524364,0.18628808680826586,0.017450624484275826,0.02243896273490084,0.10670357252879333,0.08583343789693548,0.10316854057431916,0.09340039086107733,0.1357760968140226,0.16646448339576006,0.0541445986603901,0.16181108040061645,0.02352782975286913,0.2121707794512331,0.14510798968466007,0.028854506441448317,0.18249217498805528,0.12705315503216075,0.0857171521604164,0.14371991382089253,0.10724947234195165,0.05109981097667743,0.09720702222508476,0.09880416150985406,0.10738461346976483,0.07426990010622855,0.24775353246930432,0.21825403355153195,0.0632434822655344,0.10290633734405875,0.011353764515775563,0.16102481895057755,0.14343504384091949,0.11862327645103342,0.010196507717486642,0.06551654894201865,0.07252304152301488,0.21415924083222407,0.046607082917171326,0.12562638679141755,0.06382012832209755,0.021423618077814347,0.047635917976653605,0.04251837313333597,0.040845637903666084,0.20146058500594796,0.061119482480982854,0.09699257399247305,0.09510173084686854,0.12987758190099027,0.051075750530004446,0.010071064154334532,0.0401083087727199,0.02635623173074948,0.1364655702278823,0.16638812160611435,0.010343023728082419,0.01647513823739269,0.1320554396711257,0.1228991753105598,0.055251470079924085,0.019663016356227418,0.2251822106904705,0.3194174998259263,0.03748970445464128,0.11928874304104242,0.1427773981478607,0.036230841073632856,0.03137587953540144,0.0876026134183375,0.030614514599098204,0.08738340122130314,0.03357781202869811,0.024771235204193724,0.030328569389991258,0.0421658790621041,0.053552928875930855,0.09763967183037908,0.04525431632382581,0.06451092060994358,0.2078788065117053,0.09599121761833428,0.0439131798692914,0.0208339993927098,0.01988777446856482,0.024245729366474,0.018639036263385752,0.039716931145939396,0.12700540400463725,0.021035279389131245,0.025100142065157392
rowId8,0.06838469631026628,0.2578014176647156,0.0874074118222219,0.028906179387724443,0.22321178026943483,0.0962274436407269,0.026876565589276938,0.15967368453543784,0.023702634221545157,0.009256460734643968,0.1631943737956888,0.19373147860601644,0.10409300769221103,0.26881345614637076,0.2469646889848434,0.18283726985167884,0.1178912662492186,0.24562228218208193,0.0628343017848615,0.02650003550771703,0.0507553338290804,0.014956096707606049,0.06220922433133476,0.18870426167675433,0.030801362127112646,0.1640993206899182,0.04816170391689469,0.11512592140157864,0.062888714605575,0.08685234331831665,0.2204852418369684,0.13421121227743957,0.06136603642967155,0.04385903655213013,0.08657764061190118,0.1115905840203343,0.02452123900545794,0.1367338401089776,0.028010747977871408,0.09409381491828588,0.0196556399038762,0.1320554396711257,0.18870426167675433,0.04768002594368225,0.024098780808221292,0.01387351467132388,0.0010202824078819834,0.06169254292998417,0.020345966248878473,0.0035574907143634156,0.04458682553622899,0.04185138268959872,0.20397206245230323,0.3556424361647484,0.004152926940190109,0.03351128377193219,0.01512409783235807,0.03514363435872044,0.35546825740553917,0.01973453494446283,0.1265934144919582,0.0555072862063709,0.06201881903401059,0.06503226309649579,0.002316316510001745,0.004004509703717296,0.024771235204193724,0.18350589336633658,0.3469715121223475,0.04375041821232045,0.059194134118890046,0.06203184337028378,0.07853026456257887,0.08244247697781007,0.028547592901568733,0.02840022742037241,0.14040186023070478,0.10203295344644954,0.062430280141366375,0.04774617208099574,0.10605325488426509,0.04177562316439023,0.03849441112147166,0.0196556399038762,0.10922571722489388,0.10355086589252654,0.018955262996848417,0.03134987981722057,0.041436914536371376,0.03681645588138558,0.030439379557517934,0.04300577383145825,0.08196324862914352,0.1086200947835858,0.06605031758532445,0.06216262999539586,0.013409590494440833,0.06421392437529953,0.06070335427422454,0.029706759699468954,0.014470794131012073,0.04463134321514318,0.08786929151668124,0.03157549614693655,0.1563681993870599,0.1789225102535176,0.0542228987442999,0.07666916063144738,0.060137038670072376,0.09045302062979264,0.09300221264141717,0.16556059057061148,0.02535456283120991,0.07700547832610954,0.22628529374863732,0.055217181988922066,0.10806418965376709,0.01612460411241117,0.172012297833012,0.047113868993233096,0.03418168625114799,0.20736683539202264,0.22507450032489837,0.011239942713006513,0.0779192497212779,0.3180651754385313,0.07438060590537096,0.0984254873172523,0.030387354680054202,0.009256460734643968,0.05453101905055259,0.00469153133525907,0.024245729366474,0.07593919617160745,0.1788227873389219,0.16842985562662227,0.03542607471918619,0.1677536341409256,0.2038753946093372,0.031868410667312,0.11538145086578852,0.06082818198831625,0.03449769517907935,0.007131961602682052,0.05061685740582469,0.06245472633172106,0.07658065332977336,0.14335025920532107,0.054763426404342466,0.028506084278041223,0.18444224677760085,0.012216891820285111,0.07261732845551341,0.036291896834200026,0.08840250238522263,0.09761890088074457,0.39546404121520046,0.06250205948427942,0.08984605018464675,0.04636684804944004,0.06715056668121039,0.07666916063144738,0.22290272665912386,0.030996936519047814,0.19078411262500236,0.023702634221545157,0.039872841557605905,0.03518168490499371,0.035898107525405044,0.009681513657680633,0.05109981097667743,0.0899923145289757,0.02760353810210546,0.04910280909990828,0.1276348184276337,0.002786736453702084,0.1052622382613658,0.04804952846042931,0.07995188821965497,0.03256549912379051,0.11293500613327476,0.023330181294667924,0.08566758211999098,0.15346551334662537,0.02977049159155893,0.04126416055933206,0.04305512182419307,0.0649477681015009,0.1562688333715234,0.1042569366773471,0.020889833352379115,0.033097731182593564,0.06297106234016792,0.047856065533528384,0.0399806288070988,0.0857171521604164,0.33734359445085255,0.10724947234195165,0.029985474340503245,0.053866987442392295,0.17419125449951103,0.19016002304180096,0.22929229968146284,0.14939398150028746,0.0879574190924659,0.060266059686105294,0.09811087086971863,0.0749770436991232,0.01238592740711079,0.05291159731953287,0.05260097431677552,0.035898107525405044,0.04372229617401926,0.1404080633955328,0.12252495912844875,0.052384989966095176,0.13914740977622023,0.051853501696350786,0.02281560115399537,0.09595609125389327,0.0857171521604164,0.05245383369473509,0.10426384688641321,0.26913692879840234,0.008136093675204323,0.04774728846850738,0.009230952109465151,0.051082808073531286,0.0522210458533132,0.03160906145105333,0.08496200088294405,0.07461071930135524,0.05618891157550481,0.09330931421783428,0.03726148697091725,0.07075565832710061,0.21215248245116475,0.03305393741437245,0.017630175192375756,0.014956096707606049,0.04491749837502824,0.11575658288256026,0.008136093675204323,0.10426991559030556,0.07785515459993708,0.3180651754385313,0.023054019550028122,0.04203818600440162,0.012161449214596332,0.04589467591825148
rowId9,0.2483154695117704,0.01817424356802463,0.09206805513314008,0.09388686176416415,0.02613129831130594,0.06460373209232116,0.04462283994352437,0.07865097944924848,0.1612891967285631,0.04298511575898325,0.16316697912643482,0.04300577383145825,0.03835395733374427,0.049508764798018974,0.3064858950054413,0.2642019076465018,0.252546345387661,0.04251837313333597,0.18426750232774555,0.035617739209091205,0.07397354572993337,0.06321851305053366,0.05104160610971572,0.03905296466375901,0.06810160351913451,0.4100194020764493,0.012126675197217269,0.13990357565144373,0.1631943737956888,0.01869083213487588,0.045376733613794906,0.032818997701746046,0.05880646563927412,0.11700851988804442,0.10995881609813189,0.0628343017848615,0.04300577383145825,0.0632434822655344,0.03737447382194406,0.2106587338270038,0.0014042345243768168,0.027694535126016932,0.10904500645234083,0.0019743672866612385,0.2078788065117053,0.039876557026929625,0.06168446572573735,0.36368055324122,0.1003528810059929,0.1550911996168274,0.06308101847755063,0.08029710466537372,0.07886327830220485,0.014257324378410534,0.18545904204552274,0.02760353810210546,0.2644690882345289,0.05486084811073825,0.10879308328872195,0.051082808073531286,0.06828300839267314,0.016973271370151134,0.01988777446856482,0.05916657597753136,0.0465363904616811,0.21215248245116475,0.18896364773024418,0.021328364187053844,0.054214800583152645,0.0268184986299694,0.04058050711022771,0.03215927506634591,0.33734359445085255,0.13022584200540502,0.1767565322514853,0.0361999467180642,0.08434440432053056,0.028906179387724443,0.027492306065426773,0.1295841708513099,0.11402459448067369,0.07554793194649385,0.0359447612391452,0.12941427028674948,0.01973453494446283,0.07023972692722037,0.1563213946479865,0.013081264351617305,0.03924490953398031,0.35371062299421097,0.16172161237277496,0.05511425938721453,0.3148892573261145,0.06291784212017582,0.10307852310271426,0.15919559162073024,0.2670740704633735,0.09325059267029452,0.27036948105207664,0.0890610933244565,0.140959726596463,0.07586344697981773,0.0571866857956583,0.08635270049928916,0.033309323892934846,0.0522210458533132,0.05212729291658361,0.1677536341409256,0.21004634554321927,0.06021094519756196,0.015529893083447616,0.2658849877817125,0.17492427915422573,0.09156471727650593,0.09820919447804341,0.05861421065705314,0.03489886399072764,0.14113031011126084,0.00193613108216705,0.10995881609813189,0.035898107525405044,0.05339413863343843,0.029446283759633547,0.07755929807815137,0.03486464801397875,0.00424493197697294,0.06021094519756196,0.3468516279701624,0.025031390642341268,0.04261959859366956,0.12391169721127608,0.04864227679937645,0.020345966248878473,0.08164072362909384,0.18894688715902186,0.13022584200540502,0.03193248632198632,0.0421658790621041,0.14716545133457043,0.020889833352379115,0.3715749938643185,0.03123999571671486,0.04176343650280099,0.055938634554263025,0.18583451268168535,0.027531620896947936,0.044860885474410195,0.16903165089690644,0.02116821400719217,0.008203217482846543,0.08583343789693548,0.21326958176696714,0.06468796458830008,0.004975004103988152,0.07215257276062831,0.03822996370629155,0.012134930745230818,0.11445004906312639,0.061019999055244085,0.06952257454552643,0.3194174998259263,0.03706550616195868,0.1414196764074397,0.1792834397466763,0.055422642859247175,0.14958268588671825,0.07460163473835035,0.13021606959958118,0.0024735841903112434,0.05260097431677552,0.15525234849131536,0.030996936519047814,0.02520256731126624,0.11625513295709856,0.046092288886077,0.16190114586296384,0.017450624484275826,0.013570794622076622,0.03045556880439479,0.08969943217494578,0.035617739209091205,0.013484203769131214,0.2091523714731809,0.06693039258088294,0.12205572874413355,0.0300759063062323,0.24562228218208193,0.01678977509604229,0.34891311677638054,0.05783041423428113,0.09543251971003722,0.07252304152301488,0.08892913104888106,0.10879308328872195,0.07261732845551341,0.062303464678621655,0.07445848668361738,0.17005480488327893,0.0987284859740227,0.07389922166867542,0.21215248245116475,0.1321701883802027,0.027768061154365427,0.04821058808631389,0.04700080692243039,0.016040533338174266,0.10197873909666125,0.11276069009873572,0.11445004906312639,0.06486139555434021,0.03885148803211316,0.16102481895057755,0.0962274436407269,0.04230443740330246,0.11266209052558614,0.019315778665033825,0.08481315466306634,0.036763862238349515,0.09855186215742719,0.08970485982576791,0.06922884638999138,0.09330931421783428,0.004975004103988152,0.04222067134673445,0.0467562821725928,0.011239942713006513,0.05024722004133929,0.017672990361177764,0.06207113531016131,0.016973271370151134,0.0522210458533132,0.01520413806018166,0.07252304152301488,0.08984605018464675,0.015170411416985165,0.030927021957536882,0.03386979239732146,0.2219849138281642,0.06557286050496769,0.09074726331961366,0.13074656879043367,0.01348667430785373,0.15227726780942955,0.029488681130087475,0.05271634220676527,0.14335025920532107,0.09388686176416415,0.23725070138533247,0.052153667803229845,0.13621507646855882
rowId10,0.10565873408288223,0.05513978848235159,0.051633899716894936,0.0017571564343280834,0.00193613108216705,0.04610325480715077,0.22290272665912386,0.051687603420260464,0.16592845940929335,0.004317486260476565,0.09611385024571852,0.10249062815394472,0.21640617987221014,0.08496200088294405,0.026059042153095482,0.13079995882111786,0.054763426404342466,0.06601684212396985,0.031798389482455613,0.02696476681248785,0.041880081706703216,0.07797456036523379,0.019496038612461016,0.029352972462383407,0.06262632535208257,0.07486977280851757,0.19039423461709837,0.13683359295655975,0.20044102279815545,0.2349367485001284,0.06926103601658354,0.02263772852861777,0.04471466947688636,0.0316759563735845,0.2223604653132783,0.006885013636356038,0.03814931609514115,0.03121060153353462,0.030086858276874,0.15919559162073024,0.13621507646855882,0.16181108040061645,0.1159413949746028,0.3556424361647484,0.078934870899722,0.08249538594581472,0.033365314010788134,0.03351405703448733,0.029943120478630375,0.18894688715902186,0.06787691772128103,0.1276348184276337,0.054822115843996516,0.06321851305053366,0.05833622116877451,0.09073026914828385,0.1295082634805193,0.06557286050496769,0.06262632535208257,0.10337740311861805,0.027046187939357282,0.1581044432373948,0.0664158250271298,0.08847280145958716,0.09487925635320633,0.28973263368498414,0.0348058819147593,0.07915161640724724,0.06267275232069118,0.14668917981254953,0.08964431767445613,0.020991286417138856,0.11593151931672963,0.04820576052431156,0.09545180886436631,0.002450277267931671,0.021241772437108286,0.07103377565029463,0.011447945396967713,0.036649896912632624,0.18057994137607258,0.027763038657373913,0.06321851305053366,0.19194275096689792,0.05952281701584533,0.2258985049700433,0.21386519591590655,0.0848548636801642,0.09772256989304996,0.03352815115625609,0.28033217266827043,0.0395962715405713,0.2548275354194706,0.2153453683839955,0.1968180510868663,0.0017571564343280834,0.09487925635320633,0.03563154151704626,0.08496200088294405,0.1754565304756922,0.12411607552736283,0.1911693802116228,0.03425876494478175,0.35546825740553917,0.0632434822655344,0.06584863655866877,0.05834458195742017,0.053990798115460266,0.027407112804122807,0.039097178403433,0.1386428392245063,0.2078788065117053,0.2644690882345289,0.029985474340503245,0.08685226182184991,0.20044102279815545,0.13310438824799042,0.07486977280851757,0.1357009020748816,0.029352972462383407,0.11626584452197324,0.08472293367978442,0.05618891157550481,0.04676237280688779,0.03400334190851857,0.06882577223500075,0.03137587953540144,0.20540485068688014,0.00424493197697294,0.04210500574751806,0.08048125822188523,0.22105905987919588,0.00588991757559099,0.08000910597483264,0.15525234849131536,0.15388354988563785,0.06130051184028606,0.36400503546692115,0.04595539194754334,0.03727036506772215,0.1369571476989645,0.027504269865620715,0.07942359275213501,0.03167120150154307,0.2003959170726871,0.05104574543442532,0.13621507646855882,0.12211068626932499,0.022573770900477633,0.1452086934270091,0.09855186215742719,0.07762287103978621,0.14871072430793672,0.05390023838106589,0.03648124451396212,0.08034193349068149,0.36799292665354805,0.05034077198458959,0.023686072056975687,0.055615668272831646,0.047856065533528384,0.03160906145105333,0.014415037939537852,0.04230443740330246,0.03344599543635577,0.0190519723518334,0.0541445986603901,0.07309631450339381,0.09073026914828385,0.021527467005206555,0.0024735841903112434,0.1414196764074397,0.0962274436407269,0.08425381116818527,0.025333958859089768,0.1086200947835858,0.02966187467733761,0.10167435577256531,0.033506658653691006,0.11293500613327476,0.13323971897869835,0.033290774643300255,0.057715175115986395,0.04521676151860069,0.1611631355227145,0.0245809366740213,0.03814931609514115,0.3260595187431702,0.018291443294187214,0.13421121227743957,0.05916657597753136,0.08380283722038466,0.004332332792757682,0.06381984694513282,0.08840250238522263,0.007024772460824246,0.02352782975286913,0.09487925635320633,0.09880416150985406,0.05334765586927046,0.5193187597312484,0.16613313457885215,0.0721305894263954,0.047921103849625876,0.04204329395914663,0.029826891600890564,0.12391169721127608,0.010336929883731765,0.07228921937305575,0.08577860073031916,0.042946920005675966,0.3070058519568064,0.08517001339279531,0.06075676659749816,0.03753501969203252,0.27298330321199804,0.0014042345243768168,0.09097591582361568,0.13323027286096276,0.02760353810210546,0.031756706272599924,0.23412335067903467,0.05109981097667743,0.0325779914417661,0.02664862240992076,0.24358307554122477,0.057350477925272175,0.1354156656773594,0.018958315266224966,0.10112773277521184,0.0016594866843270078,0.13079995882111786,0.28033217266827043,0.09409381491828588,0.07810796492859388,0.00469153133525907,0.07131261226026689,0.013845486774718425,0.108774467065854,0.004317486260476565,0.023908994145860896,0.03292973864397497,0.1445201601817003,0.04615051968663605,0.018275824150812713,0.026861697918467726,0.01666493942349854,0.017630175192375756,0.040202306975338144,0.11730261187148877
rowId11,0.03849441112147166,0.08907090607325127,0.0471885983259131,0.024377994979228636,0.027363439804964036,0.03815638308977166,0.19009898732459152,0.002316316510001745,0.08214468497383062,0.05291159731953287,0.1386428392245063,0.031756706272599924,0.061013159375091844,0.025311766711087064,0.2578014176647156,0.04130264847584571,0.06677823908643249,0.26307161862603196,0.1823869310687453,0.01530033495826165,0.051075750530004446,0.1789631763486703,0.017264477451250176,0.15784646325867696,0.011447945396967713,0.1789631763486703,0.04586860269306368,0.0406149742766575,0.13091803247248263,0.006801340860506317,0.04570153127571757,0.16181108040061645,0.10252991989402437,0.02840389634552638,0.13021606959958118,0.0329315213687575,0.25668347936274627,0.018806418396416683,0.04595539194754334,0.10605325488426509,0.14335025920532107,0.035898107525405044,0.1141660897894949,0.09156471727650593,0.0397050772708996,0.10904500645234083,0.11620181949525443,0.03540866522579982,0.038627933456537346,0.039716931145939396,0.04463339559281491,0.3681248789730256,0.023580556072726674,0.0907346183323277,0.03211573957942239,0.13074656879043367,0.0550416688137162,0.0068412080772048455,0.037378649224921054,0.08895253341747135,0.07103377565029463,0.03357781202869811,0.22840368924551568,0.05196947250218702,0.049508764798018974,0.020242087393360333,0.06114028361909431,0.023849798036602254,0.05513978848235159,0.20397206245230323,0.06757375974048797,0.2765435329574788,0.10241020114291999,0.05436874168032864,0.033309323892934846,0.0467562821725928,0.012087732820448055,0.050978000566798576,0.05061685740582469,0.02313783907768579,0.06319030421927102,0.12562638679141755,0.10402096773709571,0.10006566146445842,0.024338964763538914,0.05005063723535282,0.12410549086147098,0.11266209052558614,0.00469153133525907,0.18779475819152228,0.07929262048894575,0.11583779486055595,0.031756706272599924,0.06169254292998417,0.3037920355828678,0.24967309262222043,0.03352815115625609,0.09409381491828588,0.1063164309380385,0.08135120198795744,0.15664252575486765,0.21476115788320732,0.024245729366474,0.06744074606654175,0.2219849138281642,0.0571866857956583,0.04700080692243039,0.1086200947835858,0.07220956990215752,0.02642587952391636,0.020982432959834096,0.18283726985167884,0.04375041821232045,0.21476115788320732,0.12347727137335505,0.054214800583152645,0.07152735509648726,0.020889833352379115,0.24094477657595723,0.06303752745103712,0.33091766808774714,0.046881382097812806,0.10250890973583873,0.09206805513314008,0.11960470280766451,0.1550396469231862,0.08196324862914352,0.1316345418035157,0.017630175192375756,0.06075676659749816,0.04816170391689469,0.015258459652880734,0.06071106900104466,0.01976819149240272,0.16266482666147805,0.22105905987919588,0.13070215436176996,0.10934531532203123,0.03439272521163692,0.06134922898764997,0.028154251193438836,0.021157916276166023,0.059004586079247745,0.10360607847073296,0.00193613108216705,0.033506658653691006,0.1655563823290761,0.06375824879173388,0.13962037808819094,0.051633899716894936,0.02317179731502134,0.045376733613794906,0.06377588926060201,0.3148892573261145,0.0667889379457594,0.0467562821725928,0.20152512057686184,0.11882319584165722,0.0265530593515837,0.03540866522579982,0.12987758190099027,0.026426546782911408,0.05834458195742017,0.21415924083222407,0.028715490854207354,0.043430434770496025,0.009681513657680633,0.07730301579951251,0.05101712555052155,0.11700851988804442,0.030693479075619284,0.01669423581904388,0.18191540179836385,0.1279124781470182,0.3028211805111555,0.20649467464612828,0.01770105402259905,0.04372229617401926,0.03004152838787338,0.09939811435029541,0.036405905071761224,0.19223830649177262,0.09519306227719453,0.034370664243488024,0.037500805942635745,0.21640617987221014,0.12705315503216075,0.0735112610680996,0.07074065692092224,0.08148668066719446,0.252546345387661,0.03366647778344107,0.11862327645103342,0.1309239724605942,0.17966692845076357,0.02351227273072225,0.06952257454552643,0.017998176002266903,0.06557286050496769,0.062045093156662276,0.03137587953540144,0.03121060153353462,0.01895455216864403,0.0268184986299694,0.021654483572879402,0.01988249542172972,0.18628808680826586,0.04401643776890336,0.019048800579276583,0.032818997701746046,0.30435797541633286,0.03187190381782426,0.015335599796271132,0.022386710360606483,0.14335025920532107,0.030614514599098204,0.029826891600890564,0.06107495036395189,0.06598354674678703,0.14129435327272127,0.03468003074247901,0.04083088049915265,0.11907757489265196,0.0721305894263954,0.01895455216864403,0.093388886946188,0.1369571476989645,0.05357940536723349,0.019663016356227418,0.2548275354194706,0.05861421065705314,0.03359679780667776,0.021118410496397552,0.021654483572879402,0.05992858240965832,0.1279124781470182,0.04541251652372214,0.05449139133272031,0.40557282941627437,0.03544609355570803,0.06111234514641131,0.2394309350208083,0.07922861220116825,0.03084410864312551,0.08274407282366453,0.04610325480715077,0.09244417169740099,0.01817424356802463,0.02957582199534259,0.5570239156008115
rowId12,0.00569868141837213,0.07445848668361738,0.0016584474346639983,0.055466322071612284,0.019092016924790765,0.05354673072017464,0.04821058808631389,0.05995406151271267,0.04444735794264896,0.03885148803211316,0.10737095420916197,0.09304335223163059,0.05986381853936585,0.01513130881026172,0.05882174479512728,0.15955399352998592,0.06103237777299579,0.04610325480715077,0.10355086589252654,0.06693039258088294,0.005005215016144767,0.012095021669586549,0.04322238139507759,0.0537597443516009,0.021157916276166023,0.07230439312494019,0.014860908062084252,0.05147005307257128,0.04219281776284814,0.049024242005896064,0.05486872498828684,0.03786621570464605,0.033290774643300255,0.04744942273940095,0.17600648064578514,0.13162212883887994,0.15607134131012784,0.058797927090255935,0.01513130881026172,0.10325348019017183,0.03957776695492004,0.18896364773024418,0.1518192802005353,0.08414673120938626,0.03520400737034127,0.07800111967087671,0.10879308328872195,0.14529841026851467,0.02857897095131983,0.033220339547255416,0.06415207462311867,0.018700198478567746,0.0632434822655344,0.15795199457320505,0.035898107525405044,0.10854730204208571,0.07658065332977336,0.010673337756590316,0.195916188529966,0.04178727469312611,0.08555483590857797,0.039463191802789024,0.03215927506634591,0.09897951380933881,0.022964712006800666,0.0201585408420951,0.16903165089690644,0.008149511298223012,0.01046299191267717,0.03299054287185349,0.16061958142217606,0.0522210458533132,0.022052915920142253,0.0899923145289757,0.09051342413235951,0.15835562061705558,0.1386428392245063,0.03786621570464605,0.18350589336633658,0.07864944924210476,0.062303464678621655,0.05758670702735719,0.02760353810210546,0.23861576314397512,0.04881095883136564,0.03924490953398031,0.00866723760616279,0.06159513328574669,0.0014734937643591185,0.06644712560729071,0.10477976030004915,0.14113031011126084,0.1078497759557763,0.1677536341409256,0.16870580819916503,0.06384464835745123,0.01927693647622441,0.26879822329353653,0.1696726005404289,0.12941427028674948,0.04521676151860069,0.0904686580562412,0.057983344683024504,0.08892913104888106,0.05305495148621203,0.009873194535136116,0.046747789712766004,0.09543761332904574,0.1381458096349222,0.051824934045968406,0.0313772043267731,0.03005283459482651,0.03045556880439479,0.0755963524074938,0.04768002594368225,0.09438867908508199,0.024098780808221292,0.029985474340503245,0.45549265311912734,0.03235682904790616,0.06844674841574178,0.08635270049928916,0.012382517878824474,0.03808331619262089,0.043071005021486634,0.07037567900853456,0.03489913479097014,0.08964431767445613,0.037452485883362904,0.10024902971260209,0.16677513400863042,0.14343504384091949,0.05371547389741796,0.33091766808774714,0.09510212707801179,0.062123878833392175,0.16181108040061645,0.30435797541633286,0.11266209052558614,0.19277381183983736,0.008293484545749671,0.0024735841903112434,0.035056425684755754,0.19078411262500236,0.002121882473025589,0.08249538594581472,0.015701948111027837,0.04909027753160908,0.022052915920142253,0.10444233613991619,0.17530093677818082,0.21326958176696714,0.04267621179097056,0.10667485251271967,0.010581444816286216,0.11700851988804442,0.030153517681651424,0.06485024265722507,0.1316345418035157,0.04769708527913133,0.11512592140157864,0.03808331619262089,0.029446283759633547,0.14365904546732117,0.08042163712152642,0.06598354674678703,0.15883501452833554,0.02281560115399537,0.03908833083751431,0.3228831316963086,0.05245383369473509,0.05393921197358413,0.1357009020748816,0.03875353309490299,0.13990357565144373,0.06220922433133476,0.13554704684960045,0.13310438824799042,0.008149511298223012,0.3334925090390668,0.1380096912362205,0.06303752745103712,0.03418168625114799,0.10164575434174027,0.027980646120439018,0.20221099925335276,0.03542607471918619,0.0313772043267731,0.08984605018464675,0.10076413849603529,0.09388686176416415,0.04083088049915265,0.05952281701584533,0.15627345005088242,0.025897385529207652,0.05805212147369039,0.034000464186655505,0.029383760512826113,0.0027510090008349614,0.03775970949684174,0.04435980035507822,0.031756706272599924,0.03942154954513675,0.039716931145939396,0.13396855290030701,0.0017202596135649285,0.09279965872048816,0.06168603994923707,0.017947202939576485,0.2223604653132783,0.023580556072726674,0.01513130881026172,0.09772256989304996,0.02774020260628076,0.1873828912940007,0.030328569389991258,0.1175324079111423,0.06381984694513282,0.04379595926580875,0.06838469631026628,0.0265530593515837,0.014415037939537852,0.3334925090390668,0.037320078735145645,0.0656170881376967,0.04401643776890336,0.06164151164633323,0.0754669708164873,0.02466226316757737,0.04879590076482457,0.09018835436075119,0.05330037918976837,0.017947202939576485,0.3093554490731001,0.09427147148233736,0.21804882164329722,0.09510173084686854,0.15178022389544338,0.05259667703816095,0.051366119186550645,0.10164575434174027,0.07593919617160745,0.04261959859366956,0.06455453056223481,0.09388686176416415,0.042797119164057644,0.08196324862914352,0.11538145086578852,0.06838553160708132,0.07797456036523379
rowId13,0.09116752982577415,0.11529490747573133,0.10670357252879333,0.03321758702491373,0.045616126317840226,0.025897385529207652,0.08938470287517632,0.05360222657306117,0.015927063990360178,0.07152735509648726,0.021922161283611755,0.045509685059433785,0.18350589336633658,0.06693039258088294,0.019048800579276583,0.2251822106904705,0.06203184337028378,0.12558596605576303,0.06303752745103712,0.06048729749479088,0.023828379467334102,0.04727763522576811,0.10039594338350237,0.043071005021486634,0.028067500025218257,0.07230439312494019,0.0656152538296495,0.19435376875942542,0.04385903655213013,0.048297437251682875,0.09669392721349093,0.02385857807363168,0.09244417169740099,0.0594686421835955,0.10334672978344611,0.25635908080830144,0.04821058808631389,0.09869680188678473,0.09206805513314008,0.0874074118222219,0.10575797204979392,0.051141409945534407,0.031559092364981736,0.034000464186655505,0.14573659520976878,0.010467376051495317,0.014415037939537852,0.18003070762950393,0.029507745076402716,0.1364791135843468,0.0378669845402935,0.022190818518236684,0.031559092364981736,0.019048800579276583,0.017800098837098807,0.11293500613327476,0.16613313457885215,0.10922571722489388,0.015664244459787043,0.04921266724526593,0.05360222657306117,0.1596607802709601,0.06810160351913451,0.04491749837502824,0.07460163473835035,0.04769708527913133,0.0630038274757027,0.05942891483026106,0.053990798115460266,0.14190502455906753,0.07586344697981773,0.0421658790621041,0.005617077720564275,0.15968786781821426,0.05024722004133929,0.029237766048682105,0.03514465642276618,0.05511425938721453,0.09438867908508199,0.07058851242365444,0.09244417169740099,0.03808331619262089,0.12626963953472042,0.03418168625114799,0.35371062299421097,0.06486139555434021,0.0735112610680996,0.07023972692722037,0.03947508985661001,0.01915352288157754,0.026861697918467726,0.046794393761696036,0.09519306227719453,0.1957036499749003,0.2765435329574788,0.2548275354194706,0.11700851988804442,0.03815625801769054,0.06384464835745123,0.12236543073654657,0.11460330998056277,0.1911693802116228,0.0874903467327799,0.021772511529288482,0.07125929557042193,0.11963798953386495,0.1611631355227145,0.09599121761833428,0.11009175703346592,0.04370905553095802,0.018291443294187214,0.013653968348247239,0.11882319584165722,0.051687603420260464,0.14113352939866172,0.05390023838106589,0.10477976030004915,0.14958268588671825,0.11432857919387622,0.23095548830597412,0.005745803733773644,0.15525086444828687,0.025197618312624327,0.08249538594581472,0.3175120038808173,0.0024663782729773404,0.3061785138368613,0.08555483590857797,0.05104160610971572,0.05686995490855384,0.05991102424496552,0.016358000002096352,0.04056119255652058,0.07844066975234061,0.08195793823383195,0.014399625229580902,0.08048125822188523,0.02783085768444364,0.028547592901568733,0.009256460734643968,0.21134613596198915,0.05095963412617053,0.08583343789693548,0.09857740111087837,0.04097984159837939,0.10426991559030556,0.45549265311912734,0.02696601461760173,0.1076361019752512,0.03957776695492004,0.12987758190099027,0.05360222657306117,0.03400334190851857,0.02225068215494732,0.05945534751366567,0.06644184695473425,0.07373625391171952,0.23928241693201163,0.15955399352998592,0.01374440018485426,0.02857897095131983,0.03305393741437245,0.08482614416438125,0.10786140375021272,0.020350234254141973,0.09897951380933881,0.10981751210074983,0.07262101302967139,0.015258459652880734,0.30124595258678216,0.11273450456651479,0.04615049880844655,0.025311766711087064,0.021527467005206555,0.04641012420267559,0.029706759699468954,0.02313783907768579,0.06134163395735278,0.03574794240080859,0.014860908062084252,0.001393729645481836,0.1466377351705964,0.09510212707801179,0.017430691886933358,0.05978660310536649,0.039463191802789024,0.019457210346014938,0.06693039258088294,0.02629983587546414,0.10618502505903259,0.14871072430793672,0.02481288025966938,0.03788775710543377,0.04820576052431156,0.07117167890071133,0.022197490518024013,0.04364627000013338,0.127041027563886,0.23928241693201163,0.07329327435539988,0.03808331619262089,0.09611385024571852,0.026876565589276938,0.03794816822754598,0.03915384690431336,0.10806418965376709,0.052153667803229845,0.03848544513246123,0.21215248245116475,0.5241880850131344,0.03167120150154307,0.08226846302831745,0.08434440432053056,0.0955187759967584,0.11181024998578303,0.01530033495826165,0.09704550650974093,0.027381273594172674,0.13725806414437652,0.12138970524070905,0.05170643345835024,0.051853501696350786,0.2644690882345289,0.05449139133272031,0.029105527801113307,0.049744736908177364,0.03961435402692669,0.10125690672229279,0.03137587953540144,0.11077466046246393,0.08654471896219404,0.04401643776890336,0.06399474151154907,0.049131978517202565,0.020756155523585302,0.041880081706703216,0.11460330998056277,0.03786621570464605,0.06420564322210497,0.1932187420887361,0.03321758702491373,0.2219849138281642,0.036405905071761224,0.02574444028713122,0.007194636632862728,0.03520400737034127,0.031868410667312,0.1414196764074397,0.0635494061796558,0.04349725231215473
rowId14,0.2159207442663503,0.11700851988804442,0.17956653351301535,0.037452485883362904,0.015258459652880734,0.11460330998056277,0.05220606181220708,0.02783085768444364,0.04892163518420947,0.18350589336633658,0.1612891967285631,0.13881479140370268,0.24009752942176518,0.19629602978222907,0.03319675917204851,0.06291784212017582,0.05636390858181385,0.08840250238522263,0.0879574190924659,0.09438867908508199,0.022190818518236684,0.012134930745230818,0.03706550616195868,0.06677823908643249,0.07397354572993337,0.032210831267687964,0.0907346183323277,0.04727763522576811,0.10056264620920957,0.18666027209475722,0.3028211805111555,0.028174092892130336,0.127041027563886,0.07856483488912339,0.02351782199413517,0.06415207462311867,0.014635708471241923,0.11052145071876468,0.029339572424451857,0.1789225102535176,0.07584865320171244,0.18057994137607258,0.09857740111087837,0.012366508001763019,0.08377775022095811,0.014415037939537852,0.06097390686036244,0.04270954807646496,0.039876557026929625,0.11201857577179962,0.04455737455271466,0.1063164309380385,0.07445848668361738,0.033555591874811025,0.005679349701945355,0.11144192143260966,0.06064146875180415,0.05103956064333818,0.012382517878824474,0.09222861443600389,0.13021606959958118,0.028067500025218257,0.12347727137335505,0.16266482666147805,0.061847437905578964,0.2386319475261509,0.07178921113168528,0.03717821775032464,0.06860051948882322,0.10603764313892584,0.021035279389131245,0.04516920421558451,0.02710899991417163,0.10737095420916197,0.05511425938721453,0.051853501696350786,0.23928241693201163,0.019315778665033825,0.1414196764074397,0.05852680247216348,0.05735692628781611,0.02660472372197752,0.10056264620920957,0.039872841557605905,0.1233723421551813,0.054129586089871874,0.2606536427728311,0.16638812160611435,0.05735554479919937,0.11862327645103342,0.06075676659749816,0.0699667824915573,0.08481315466306634,0.06598354674678703,0.09855186215742719,0.02691960586289213,0.008422735088664578,0.252546345387661,0.03217564722898496,0.041880081706703216,0.08196324862914352,0.16172161237277496,0.08600508125519364,0.016137772223863426,0.11365898223390919,0.0630038274757027,0.09975901395039075,0.055084569082919255,0.02691960586289213,0.08657086839348747,0.0785721462772907,0.10939680651715215,0.20152512057686184,0.0533719563635346,0.04280986253284726,0.05245383369473509,0.012944281733999176,0.009873194535136116,0.1175324079111423,0.0643135158345426,0.014257324378410534,0.02351782199413517,0.1674209607725292,0.08970041153957714,0.051770520819839676,0.023992342584586136,0.08377775022095811,0.07261732845551341,0.04056119255652058,0.05212729291658361,0.13070215436176996,0.02385857807363168,0.010196507717486642,0.03849441112147166,0.05848213623398934,0.012134930745230818,0.017686954574394967,0.08855830640387612,0.09835796675412416,0.1788227873389219,0.08079817537731275,0.0594686421835955,0.10048285662540822,0.06468796458830008,0.04321949947062577,0.04998130919555556,0.06629030525291289,0.08406858724476178,0.10409300769221103,0.04385903655213013,0.2121707794512331,0.12319189475464339,0.050978000566798576,0.03321758702491373,0.12807209650745013,0.07020954388857871,0.11625767060285853,0.21476115788320732,0.2553151597134402,0.08586955293230615,0.07720896244367571,0.010071064154334532,0.1447976279773046,0.021595790954911927,0.14003920305160011,0.16061958142217606,0.04128466076665463,0.0505517010170282,0.043430434770496025,0.04636684804944004,0.06053595980176759,0.21640617987221014,0.140959726596463,0.05460540520056117,0.14011744072666557,0.35371062299421097,0.04485720077955179,0.04462283994352437,0.10334672978344611,0.1823869310687453,0.036291896834200026,0.11630662596262815,0.023828379467334102,0.05268225340870092,0.1276348184276337,0.056111954907429595,0.10851714506791006,0.22929229968146284,0.10337740311861805,0.082456895347769,0.02263772852861777,0.03957776695492004,0.02953407343919929,0.04222978811763968,0.01770105402259905,0.016137772223863426,0.13323971897869835,0.09611385024571852,0.001393729645481836,0.05098374705089239,0.03520400737034127,0.05850393617212031,0.06588276610283748,0.0052680624270637945,0.0905182719978466,0.1283805700797791,0.029507745076402716,0.08738340122130314,0.05945534751366567,0.0054814593349430405,0.029326273724277544,0.2200078992959789,0.2121707794512331,0.10409300769221103,0.05486872498828684,0.015701948111027837,0.047635917976653605,0.04529767279955678,0.11630662596262815,0.11412182255391809,0.13914740977622023,0.0618648465896002,0.12131608126838168,0.06439905526673266,0.07700547832610954,0.009230952109465151,0.054214800583152645,0.16870580819916503,0.1330630091351828,0.018958315266224966,0.08079535123336722,0.13844044529711408,0.07298990170758035,0.15217526271752516,0.09622246946358516,0.02635623173074948,0.05360222657306117,0.10477976030004915,0.3070058519568064,0.053552928875930855,0.09835796675412416,0.0555072862063709,0.05580781562436631,0.08164072362909384,0.20720819671893126,0.18978437954448157,0.049508764798018974,0.16552069044415763,0.02650003550771703,0.04774617208099574
rowId15,0.14896969453060246,0.15607134131012784,0.06757375974048797,0.052956487694236526,0.08969943217494578,0.10307852310271426,0.03871069082009698,0.04579692809366499,0.028255731759402766,0.022197490518024013,0.16340254510766541,0.20428805750621565,0.0415504732210638,0.13357245140683496,0.015701948111027837,0.08984605018464675,0.041880081706703216,0.19078411262500236,0.05608147292049057,0.06168603994923707,0.03563154151704626,0.09226955809382711,0.03563154151704626,0.11928874304104242,0.22380058753779314,0.10203295344644954,0.0245809366740213,0.011030822511195562,0.13886235682904702,0.0016584474346639983,0.04645193071360075,0.030086858276874,0.10477976030004915,0.14764441014550456,0.05024722004133929,0.02056781267910599,0.014981903813317581,0.02555328322910774,0.048464710066720464,0.05487583547021357,0.011353764515775563,0.038486313482753644,0.16841652266777207,0.09959952523575737,0.03123999571671486,0.04132392199381643,0.11027956864797933,0.24775353246930432,0.06321851305053366,0.17327047237633048,0.13079995882111786,0.1789631763486703,0.08969943217494578,0.0673440682358704,0.01473791567634694,0.05339413863343843,0.03359679780667776,0.10334672978344611,0.10364937774625661,0.04372229617401926,0.008281152186413676,0.010399175499135192,0.027892269653222723,0.0823375638533397,0.026276556651016393,0.1381458096349222,0.3027496569786528,0.12131608126838168,0.09720702222508476,0.07710780672072709,0.05486872498828684,0.038627933456537346,0.030153517681651424,0.09595609125389327,0.0265530593515837,0.06421392437529953,0.16256286021822472,0.04070700659105985,0.11242857206816594,0.11598418326398066,0.04589467591825148,0.01513130881026172,0.15427323840338192,0.030086858276874,0.0013854556807550518,0.16556059057061148,0.04222978811763968,0.06644184695473425,0.11186074983563712,0.029507745076402716,0.07881535331481296,0.007269746988188503,0.03231724629731043,0.02562141734791899,0.06515893991520305,0.025014108046232233,0.04982025888411105,0.19014511813092702,0.045791771541429424,0.19745924543290813,0.0519431516812059,0.006801340860506317,0.042797119164057644,0.08445385072126431,0.18619259208399594,0.019620235341900393,0.07113296854299447,0.11242857206816594,0.02029622361328579,0.012216891820285111,0.02574444028713122,0.054822115843996516,0.11907757489265196,0.061013159375091844,0.05393921197358413,0.022964712006800666,0.014878934411381101,0.05248745394216506,0.08482614416438125,0.2507306932863154,0.013145015428794026,0.05472964640721986,0.038486313482753644,0.019457210346014938,0.03887950188492328,0.07417031644006374,0.03167120150154307,0.025271682694782034,0.01512409783235807,0.09116752982577415,0.14638398611707923,0.13881479140370268,0.06384464835745123,0.08826146903160012,0.04610325480715077,0.1879263109057972,0.30318879799301185,0.009482827252723503,0.13106381999870861,0.25668347936274627,0.07079673407993524,0.3148892573261145,0.062285713965148974,0.08244247697781007,0.03542607471918619,0.03798354132414837,0.06605031758532445,0.0533719563635346,0.06356196425814355,0.05330037918976837,0.12481848783605332,0.08907090607325127,0.13021606959958118,0.07329327435539988,0.005005215016144767,0.03503989682772746,0.16552069044415763,0.1125391657576237,0.02225068215494732,0.06556312471448641,0.09720702222508476,0.036405905071761224,0.05991102424496552,0.03523405384106503,0.09543251971003722,0.02710899991417163,0.03319675917204851,0.055774104685159004,0.043071005021486634,0.06039117806019295,0.11273450456651479,0.14812399391349337,0.02313053330121862,0.02642587952391636,0.0689993063277523,0.03334952467146852,0.3162993595987294,0.1357009020748816,0.08004269499961067,0.038669056209247425,0.11963798953386495,0.18779475819152228,0.026274800215107787,0.047691580699675384,0.3594849603243823,0.020598295357288864,0.0874074118222219,0.013145015428794026,0.03395120652051321,0.01277488990260344,0.06390620491701236,0.025817662585343973,0.14113031011126084,0.009256460734643968,0.031740260267190276,0.05991102424496552,0.10187193224047701,0.2258985049700433,0.0014311573718241751,0.030927021957536882,0.05745628713186052,0.0772783426344131,0.03299054287185349,0.026146505080541723,0.08004269499961067,0.0505517010170282,0.0554855060325719,0.2386319475261509,0.041436914536371376,0.08244247697781007,0.062123878833392175,0.07580490169761156,0.018425671901617,0.1040932907750545,0.08326537255041222,0.11594780990046437,0.06515893991520305,0.07101758254728814,0.05769832902229535,0.06693039258088294,0.07865097944924848,0.05095963412617053,0.11266209052558614,0.1414196764074397,0.06308101847755063,0.1116571166056257,0.02399030813264455,0.1364655702278823,0.03574794240080859,0.028506084278041223,0.09462622765743829,0.11432857919387622,0.15258766027551868,0.03957776695492004,0.05882174479512728,0.03530730558576696,0.10155896546150484,0.072099642549982,0.04881095883136564,0.06605031758532445,0.0362394855462694,0.041996588786748404,0.13072710424841222,0.10325348019017183,0.05436874168032864,0.28033217266827043,0.08406858724476178,0.03782898930479036,0.14113031011126084,0.14971586933495437
rowId16,0.02029622361328579,0.09025769470979908,0.1596607802709601,0.04645193071360075,0.10349991225940729,0.18426750232774555,0.07708572147077516,0.3229171991097377,0.04700080692243039,0.03113679629243459,0.03848544513246123,0.06111234514641131,0.06644712560729071,0.025100142065157392,0.0630038274757027,0.06114028361909431,0.1518192802005353,0.018958315266224966,0.11242857206816594,0.24172811512025913,0.018374990323745136,0.08553715656480743,0.11138415490383903,0.03908833083751431,0.0014195172520296124,0.08653034708937724,0.084028416742319,0.049131978517202565,0.07565897206750936,0.04881095883136564,0.07364483211004082,0.052153667803229845,0.02352782975286913,0.1295841708513099,0.07755929807815137,0.07467052724840187,0.05086519017247306,0.15795199457320505,0.060795326079078026,0.027167382687697555,0.016040533338174266,0.013725977296703391,0.14939398150028746,0.044860885474410195,0.06926103601658354,0.03253960227038006,0.06130051184028606,0.24358307554122477,0.06952257454552643,0.2469646889848434,0.02765053618110973,0.19223830649177262,0.03815625801769054,0.09950116357986438,0.08698319649927172,0.00176492202251769,0.0594686421835955,0.06399474151154907,0.027892269653222723,0.0467562821725928,0.0348058819147593,0.05533035481700348,0.06250205948427942,0.11293500613327476,0.0009565827979865296,0.12236543073654657,0.08914338531565498,0.1655563823290761,0.23928241693201163,0.08135120198795744,0.18611516817269508,0.18350589336633658,0.03157549614693655,0.03518168490499371,0.05390023838106589,0.16241222083888848,0.15784646325867696,0.11840644712166468,0.24595226603168896,0.10038473659025345,0.002121882473025589,0.04126416055933206,0.041996588786748404,0.07755929807815137,0.052384989966095176,0.04589467591825148,0.06707224149513806,0.21475093122862896,0.032359818370631226,0.07044365083545326,0.07262101302967139,0.04322238139507759,0.12705315503216075,0.1052622382613658,0.08907090607325127,0.11412182255391809,0.059443151246513115,0.012409812198573015,0.06819333741960472,0.05393921197358413,0.0664158250271298,0.10294895835231888,0.04435980035507822,0.033365314010788134,0.03503989682772746,0.028255731759402766,0.19223830649177262,0.07844066975234061,0.08263987967781321,0.0898435307738926,0.025024671166916177,0.007024772460824246,0.1798948556160159,0.273296513704592,0.15919559162073024,0.04509791694775669,0.07637491113170373,0.16638812160611435,0.10939680651715215,0.023969313841829896,0.023686072056975687,0.01660390198358485,0.07252304152301488,0.01907033912262752,0.02555328322910774,0.04774728846850738,0.04078779991944996,0.2251822106904705,0.10085216866489953,0.06222357521808899,0.14190502455906753,0.11179989357123193,0.11588311427078586,0.015258459652880734,0.10355086589252654,0.0607849939934305,0.032210831267687964,0.11861451035848701,0.07462147873765274,0.034370664243488024,0.3182529286418399,0.20247490841399748,0.33734359445085255,0.07451204275514442,0.029352972462383407,0.051366119186550645,0.1580817611002511,0.1932187420887361,0.10024902971260209,0.03753501969203252,0.06882577223500075,0.013563499102358852,0.02696601461760173,0.0490379695395885,0.06215243224595004,0.13396855290030701,0.03961435402692669,0.1341652501913408,0.18611516817269508,0.09760076578435951,0.10485570365903252,0.014772500230663017,0.18057994137607258,0.01986848339245085,0.06584863655866877,0.07797456036523379,0.04070808234821544,0.14129435327272127,0.11740460218514133,0.2204852418369684,0.03961435402692669,0.040202306975338144,0.06744074606654175,0.04349725231215473,0.006246975601047956,0.054129586089871874,0.05104574543442532,0.07031572056692838,0.1125391657576237,0.046747789712766004,0.04276085660505043,0.011239942713006513,0.23928241693201163,0.008149511298223012,0.15955399352998592,0.1452086934270091,0.0876026134183375,0.06810160351913451,0.03815638308977166,0.10190263505242705,0.13079995882111786,0.04463339559281491,0.10902995955306398,0.017923659099580245,0.20874618180906124,0.04379595926580875,0.017072460048859595,0.034509813976437216,0.026276556651016393,0.04463339559281491,0.05130884486760263,0.06262632535208257,0.14113031011126084,0.010336929883731765,0.07710103079442301,0.00424493197697294,0.03418168625114799,0.10421310024034515,0.025311766711087064,0.005679349701945355,0.06707224149513806,0.026336588642208864,0.05942891483026106,0.06196559736719907,0.039463191802789024,0.16841652266777207,0.018784945065822876,0.07710103079442301,0.022201433566264018,0.09226955809382711,0.00866723760616279,0.061013159375091844,0.017430691886933358,0.06455453056223481,0.010343023728082419,0.09051342413235951,0.07215257276062831,0.04774728846850738,0.0542228987442999,0.3260595187431702,0.14573659520976878,0.06796177011202863,0.004252289108198878,0.06679846799465182,0.007269746988188503,0.18894688715902186,0.10737095420916197,0.08892913104888106,0.0754669708164873,0.39546404121520046,0.09280744993744025,0.2073555137067861,0.04774728846850738,0.12941427028674948,0.18666027209475722,0.033555591874811025,0.09543761332904574,0.14141812516099347,0.07074577782997114,0.05486084811073825
rowId17,0.15086271529609083,0.00469153133525907,0.04864227679937645,0.04440583666255198,0.02481288025966938,0.055256227649755706,0.01970153680309463,0.021527467005206555,0.03849441112147166,0.1968180510868663,0.14933438258730217,0.031559092364981736,0.11122896499749457,0.038176370151236406,0.04700080692243039,0.15664252575486765,0.017128430737049664,0.03961435402692669,0.08406858724476178,0.09438867908508199,0.05805212147369039,0.03280757013644673,0.045795797598099486,0.029488681130087475,0.07074922075822708,0.08226846302831745,0.22105905987919588,0.1798948556160159,0.04615049880844655,0.0314607697635493,0.24775353246930432,0.5570239156008115,0.026824400993290573,0.261655810195167,0.13962037808819094,0.031559092364981736,0.09555741616989258,0.022197490518024013,0.024871013115369402,0.45549265311912734,0.06584732067285312,0.05095963412617053,0.30152961729774447,0.0627691656825544,0.035205111859481865,0.05109981097667743,0.09555741616989258,0.020345966248878473,0.13464322407379928,0.2333867513310674,0.11118440660788745,0.0014734937643591185,0.05147005307257128,0.11072836442583536,0.40557282941627437,0.08148668066719446,0.09500916353817297,0.04615051968663605,0.08152949166667502,0.03163575376733747,0.16903165089690644,0.08732456447569596,0.03418437605602435,0.072099642549982,0.052384989966095176,0.09074726331961366,0.07131261226026689,0.09340039086107733,0.09684750332021232,0.045319880274969276,0.11181024998578303,0.2999375541180197,0.060795326079078026,0.07400884668123524,0.023908994145860896,0.26149081198054147,0.029356870216574262,0.14971586933495437,0.0721305894263954,0.1316345418035157,0.15178022389544338,0.13844044529711408,0.029706759699468954,0.061847437905578964,0.055466322071612284,0.1115905840203343,0.10849236044690688,0.07800111967087671,0.04491749837502824,0.21804882164329722,0.02049398507016983,0.04610325480715077,0.05783041423428113,0.09704550650974093,0.15883501452833554,0.06759523942494555,0.05390023838106589,0.03211573957942239,0.09236449954720602,0.06707224149513806,0.04586860269306368,0.06759523942494555,0.0270145524300177,0.11598418326398066,0.02574444028713122,0.15360233910270657,0.1843844272071021,0.02264041966360618,0.03211573957942239,0.18283726985167884,0.08517001339279531,0.05861421065705314,0.06867273616548764,0.028547592901568733,0.03294574279750345,0.022201433566264018,0.07785515459993708,0.05578830709588376,0.07586344697981773,0.1823869310687453,0.05618891157550481,0.0035574907143634156,0.08226846302831745,0.07865097944924848,0.09868190931741555,0.14112762206315058,0.12700540400463725,0.15525086444828687,0.24775353246930432,0.09340039086107733,0.061847437905578964,0.06588276610283748,0.017998176002266903,0.10355086589252654,0.014716686096325607,0.04300577383145825,0.21476115788320732,0.1879263109057972,0.04916600786159446,0.08135120198795744,0.0595199526671757,0.042946920005675966,0.08274407282366453,0.033309323892934846,0.029446283759633547,0.14871072430793672,0.07170174788096212,0.05024722004133929,0.10668520722708796,0.028174092892130336,0.1674209607725292,0.053990798115460266,0.0313772043267731,0.06031646013147246,0.14399552386602338,0.0359447612391452,0.0597815607672343,0.019892428173312823,0.0898435307738926,0.03948408970897994,0.08482005250119078,0.0738920103499353,0.08018129967829611,0.13316941358652512,0.20736683539202264,0.008660115293498229,0.04424430627846097,0.09236449954720602,0.20537268538925627,0.01520413806018166,0.01839084429740458,0.14939398150028746,0.19388151623358074,0.08195793823383195,0.02857897095131983,0.1228991753105598,0.06291784212017582,0.07005594247260512,0.03294574279750345,0.012961469731987266,0.029985474340503245,0.0245809366740213,0.18541752096511707,0.03766539871962317,0.03681279137599688,0.11460330998056277,0.05245383369473509,0.0348058819147593,0.10007624563057085,0.05995406151271267,0.034210362222606545,0.06744074606654175,0.03782898930479036,0.0576500574178649,0.01277488990260344,0.014716686096325607,0.09272063992965827,0.07170174788096212,0.03735984974308029,0.019663016356227418,0.16689987759202496,0.04267621179097056,0.051366119186550645,0.053552928875930855,0.12138970524070905,0.07710103079442301,0.021595790954911927,0.04521676151860069,0.0874903467327799,0.10349991225940729,0.051082808073531286,0.022190818518236684,0.1562688333715234,0.04769708527913133,0.04669969026339511,0.13914740977622023,0.1824389242971646,0.03193248632198632,0.034911584713727004,0.09865414033922758,0.3182529286418399,0.0824477990648991,0.3228831316963086,0.05469840484931965,0.062123878833392175,0.06306523644878903,0.07445848668361738,0.028906179387724443,0.07601437163497518,0.0721305894263954,0.0838457233068345,0.12361762312368559,0.0938511877510938,0.3428503142213519,0.05769832902229535,0.027407112804122807,0.17849674179298197,0.06306523644878903,0.023330181294667924,0.1159413949746028,0.07426990010622855,0.06896073906595404,0.08406858724476178,0.08874543296011354,0.1076361019752512,0.010336929883731765,0.012216891820285111,0.20397206245230323,0.07379161689293162,0.027694535126016932
rowId18,0.10186479796660679,0.029507745076402716,0.23928241693201163,0.005005215016144767,0.23725070138533247,0.08657086839348747,0.009681513657680633,0.2251822106904705,0.017800098837098807,0.03134987981722057,0.028854506441448317,0.02613129831130594,0.11432857919387622,0.017430691886933358,0.11583779486055595,0.24358307554122477,0.05339413863343843,0.16316697912643482,0.0421658790621041,0.06149509908870966,0.05357940536723349,0.02243896273490084,0.02273898861418235,0.1175324079111423,0.33918533192477185,0.04774728846850738,0.05834458195742017,0.12319189475464339,0.021772511529288482,0.19078411262500236,0.05580781562436631,0.028174092892130336,0.03948408970897994,0.03908833083751431,0.04521676151860069,0.0984254873172523,0.00424493197697294,0.1159413949746028,0.05081679252632302,0.10409300769221103,0.25881898426779637,0.17158028346212587,0.017686954574394967,0.127041027563886,0.03319675917204851,0.01678977509604229,0.012366508001763019,0.12211806068723663,0.09545180886436631,0.12096049534283558,0.20428805750621565,0.02580952453634657,0.08600653786498069,0.13990357565144373,0.06838469631026628,0.036230841073632856,0.0627691656825544,0.055084569082919255,0.07554793194649385,0.09017447478088754,0.14463515329590595,0.17822411405818522,0.06390620491701236,0.08325662503095924,0.11626584452197324,0.10325348019017183,0.07995188821965497,0.23543932595827535,0.26879822329353653,0.03409757716207294,0.20247490841399748,0.1297611414039591,0.00866723760616279,0.18426750232774555,0.005588867695018397,0.05952281701584533,0.05758670702735719,0.14311180265807422,0.0429850759827676,0.020386609431187586,0.027339415128827614,0.020889833352379115,0.04219281776284814,0.0361999467180642,0.06194984082576789,0.11882071775636806,0.026059042153095482,0.002316316510001745,0.07956170583697932,0.27926771393662286,0.059004586079247745,0.3545963317289478,0.05024722004133929,0.02580952453634657,0.028255731759402766,0.08566758211999098,0.0474565992792932,0.02691960586289213,0.03240034146396136,0.09805566740007637,0.13289247623394812,0.05852680247216348,0.02378384434336071,0.010581444816286216,0.08445385072126431,0.05735554479919937,0.027492306065426773,0.0010202824078819834,0.044049624822995334,0.013484203769131214,0.01238592740711079,0.08041896053972508,0.08042163712152642,0.016588984493490472,0.2553151597134402,0.10076413849603529,0.35546825740553917,0.11620181949525443,0.5193187597312484,0.0533719563635346,0.04521676151860069,0.2496359041853222,0.0019743672866612385,0.019620235341900393,0.029356870216574262,0.14952523046457591,0.1266858152845967,0.1215872123146998,0.18057994137607258,0.06828300839267314,0.0842820761735914,0.15835562061705558,0.009256460734643968,0.11443541100529811,0.18896364773024418,0.016063735838563173,0.04816170391689469,0.0649477681015009,0.053126077928174774,0.20540485068688014,0.36457726444627037,0.018150947067355323,0.1581044432373948,0.04177562316439023,0.0527981832657547,0.02378384434336071,0.08148668066719446,0.019092016924790765,0.12211806068723663,0.11402291709174132,0.024338964763538914,0.05787162479345371,0.20428805750621565,0.034958360764687876,0.05992858240965832,0.0359447612391452,0.051633899716894936,0.1779344105324831,0.013145015428794026,0.05940037972146779,0.03766539871962317,0.08148668066719446,0.1798948556160159,0.026876565589276938,0.01046299191267717,0.010336929883731765,0.15883501452833554,0.07261732845551341,0.0876026134183375,0.08657764061190118,0.00866723760616279,0.06838553160708132,0.06070335427422454,0.056700360802280095,0.04769708527913133,0.0208339993927098,0.034000464186655505,0.0571866857956583,0.15778891138703702,0.24967309262222043,0.04370905553095802,0.07379161689293162,0.12138970524070905,0.07379161689293162,0.026585122090765596,0.057363782537312245,0.09599121761833428,0.3594849603243823,0.05130884486760263,0.020982432959834096,0.07079673407993524,0.12219537683003356,0.020756155523585302,0.028010747977871408,0.06035921583087826,0.08600653786498069,0.05957042965684036,0.05805212147369039,0.05880646563927412,0.03924510396556578,0.027381273594172674,0.03839846356265713,0.01678977509604229,0.06631257114977637,0.03418168625114799,0.060795326079078026,0.03994451649516368,0.005588867695018397,0.04375041821232045,0.09510212707801179,0.3727138994028762,0.02081028375652667,0.09510173084686854,0.04298511575898325,0.06455453056223481,0.05220606181220708,0.0277221587397961,0.03193248632198632,0.06090742961770446,0.03759004280874613,0.05740994371397918,0.027339415128827614,0.13671306362195296,0.03947508985661001,0.07445848668361738,0.1369571476989645,0.07114096024572565,0.023828379467334102,0.11529490747573133,0.03344599543635577,0.05942891483026106,0.038669056209247425,0.1364655702278823,0.017998176002266903,0.2507306932863154,0.19248095965164957,0.1647014841231385,0.0845594630992321,0.047113868993233096,0.17530093677818082,0.06601684212396985,0.11426457805788533,0.10241594063559417,0.1562688333715234,0.3771672212472896,0.26879822329353653,0.04435980035507822,0.04370905553095802,0.19745924543290813,0.49528609136595186
rowId19,0.049131978517202565,0.1287191263258841,0.03187190381782426,0.02783085768444364,0.06886356171131285,0.051824934045968406,0.15863599133732575,0.11960470280766451,0.0399806288070988,0.06279852860220687,0.014772500230663017,0.18283152742229947,0.11293500613327476,0.0979135366345343,0.0984254873172523,0.03429226884051455,0.04769708527913133,0.11338932753021252,0.10402096773709571,0.025029094172608478,0.027606168990960488,0.017800098837098807,0.23672554762405443,0.06035921583087826,0.0024663782729773404,0.18894688715902186,0.11432857919387622,0.11726927412993757,0.015927063990360178,0.07755929807815137,0.00884621442655624,0.10668520722708796,0.12236543073654657,0.057363782537312245,0.0329315213687575,0.03366647778344107,0.03366647778344107,0.1125644642390023,0.39546404121520046,0.35371062299421097,0.0401083087727199,0.0874074118222219,0.10241594063559417,0.045509685059433785,0.00866723760616279,0.031559092364981736,0.02116821400719217,0.3545963317289478,0.07020954388857871,0.15868440580585322,0.06486139555434021,0.16331513308486978,0.09300221264141717,0.0627691656825544,0.018844236993921484,0.012134930745230818,0.039872841557605905,0.012802176579163431,0.04130264847584571,0.12248603223318161,0.15227726780942955,0.006246975601047956,0.02284163337380396,0.027839708058538748,0.044667915145341616,0.014257324378410534,0.01669423581904388,0.02313053330121862,0.04364627000013338,0.1860946727606127,0.012134930745230818,0.13357245140683496,0.11538145086578852,0.08600653786498069,0.22290272665912386,0.008293484545749671,0.06382012832209755,0.04213882884517572,0.09543251971003722,0.043071005021486634,0.04881095883136564,0.0406149742766575,0.19629602978222907,0.08579832894478713,0.06926103601658354,0.02012066757282389,0.23543932595827535,0.043430434770496025,0.07461071930135524,0.1003528810059929,0.009681513657680633,0.15758099506012443,0.027876176803554725,0.07220956990215752,0.01970153680309463,0.03514363435872044,0.11293500613327476,0.018955262996848417,0.0024663782729773404,0.01907033912262752,0.1111333338491525,0.02857897095131983,0.04078779991944996,0.021423618077814347,0.01907473378512423,0.07279057382105315,0.0987284859740227,0.08566758211999098,0.11928874304104242,0.029352972462383407,0.34891311677638054,0.08600508125519364,0.21825403355153195,0.11840644712166468,0.037500805942635745,0.09772256989304996,0.1185385584173658,0.05103956064333818,0.04176343650280099,0.10360607847073296,0.11052145071876468,0.07279057382105315,0.041846755170547624,0.1116571166056257,0.010987912659858455,0.04070808234821544,0.07810796492859388,0.08865993303919399,0.07252304152301488,0.03782898930479036,0.12391169721127608,0.10738461346976483,0.06873054017857778,0.03887950188492328,0.02765053618110973,0.0016594866843270078,0.08583343789693548,0.07659175563472435,0.033106713589935485,0.04462283994352437,0.015793248160788205,0.05104574543442532,0.020321361358463564,0.0699128580206811,0.07397354572993337,0.07379161689293162,0.1490411053187102,0.2714605466469469,0.12380179439755364,0.026059042153095482,0.08041896053972508,0.06215243224595004,0.09097591582361568,0.04521676151860069,0.0785721462772907,0.24967309262222043,0.08577860073031916,0.020529509358829346,0.12410549086147098,0.05696271235707727,0.05952281701584533,0.056891079170697266,0.019092016924790765,0.06103237777299579,0.03004152838787338,0.028358287807441887,0.03256549912379051,0.07298990170758035,0.023705378825243036,0.03948408970897994,0.019048800579276583,0.015170411416985165,0.15883501452833554,0.031756706272599924,0.1779344105324831,0.0667889379457594,0.03489913479097014,0.06321851305053366,0.18541752096511707,0.25635908080830144,0.03134987981722057,0.18896364773024418,0.13881479140370268,0.0201585408420951,0.04222978811763968,0.11730261187148877,0.1125391657576237,0.046388466784095875,0.03344599543635577,0.04190173012996835,0.06279852860220687,0.06677823908643249,0.06515893991520305,0.08892913104888106,0.07915161640724724,0.03127487733751449,0.03134987981722057,0.03418437605602435,0.179143948589297,0.05460540520056117,0.025014108046232233,0.06874798169201987,0.02710899991417163,0.08321436088057595,0.027980646120439018,0.03123999571671486,0.040245610853556525,0.05245383369473509,0.07194821538076857,0.03991607894800064,0.038176370151236406,0.11179989357123193,0.047921103849625876,0.07805267957088467,0.07114096024572565,0.06420564322210497,0.02710899991417163,0.10114236738919029,0.027768061154365427,0.027768061154365427,0.016686140188555895,0.20579014505034474,0.023705378825243036,0.08938879861991139,0.45997384824528237,0.04485720077955179,0.04804952846042931,0.03005283459482651,0.057363782537312245,0.0792544397720208,0.2152643211484814,0.0467562821725928,0.0017202596135649285,0.24775353246930432,0.03121060153353462,0.032210831267687964,0.0025689959322691643,0.036230841073632856,0.08657086839348747,0.07853026456257887,0.10060492240923555,0.18186820160151645,0.1788227873389219,0.15968786781821426,0.03935005438836094,0.02113556481743805,0.04541251652372214,0.028923152962393183,0.12607267965372257,0.11242857206816594
rowId20,0.10155999662551508,0.1175324079111423,0.18003070762950393,0.0348058819147593,0.2483154695117704,0.0540927417505276,0.025100142065157392,0.09854469621923163,0.18283152742229947,0.09684750332021232,0.07637491113170373,0.051770520819839676,0.019315778665033825,0.055422642859247175,0.0710315829658983,0.3028211805111555,0.05609276012837682,0.053126077928174774,0.18426750232774555,0.3428503142213519,0.06136603642967155,0.10006566146445842,0.2091523714731809,0.027910207489554757,0.10820335962123553,0.03386979239732146,0.19039423461709837,0.0771158955617825,0.1798948556160159,0.10552438389889687,0.08352530227143147,0.02278187826579537,0.11963798953386495,0.04462283994352437,0.1824389242971646,0.15778891138703702,0.07844066975234061,0.05991102424496552,0.03983059066932128,0.10485570365903252,0.11928874304104242,0.07710103079442301,0.16426708102052753,0.024338964763538914,0.0017571564343280834,0.024245729366474,0.04774728846850738,0.13396855290030701,0.05095963412617053,0.08600508125519364,0.01316133287268846,0.023705378825243036,0.15795199457320505,0.07261732845551341,0.04570153127571757,0.12481380621321259,0.0329046009050689,0.08425381116818527,0.15178022389544338,0.05995406151271267,0.19186399792315867,0.07037567900853456,0.009482827252723503,0.02696476681248785,0.09763967183037908,0.03417634251930709,0.045795797598099486,0.03086444059220104,0.04589467591825148,0.02613129831130594,0.2091523714731809,0.14939398150028746,0.02381888579015437,0.05740994371397918,0.2394309350208083,0.0268184986299694,0.03387939669877388,0.04440583666255198,0.014951362342960125,0.01976819149240272,0.13421121227743957,0.04455737455271466,0.09805566740007637,0.04583884293867521,0.03167120150154307,0.03542607471918619,0.07438060590537096,0.04676237280688779,0.033220339547255416,0.0845594630992321,0.03123999571671486,0.1873828912940007,0.005005215016144767,0.06035921583087826,0.08425381116818527,0.1404080633955328,0.3180651754385313,0.13079995882111786,0.03319675917204851,0.11630662596262815,0.0277221587397961,0.14971586933495437,0.10854730204208571,0.21825403355153195,0.06926103601658354,0.06092904102196162,0.06825487503589651,0.10121866702268312,0.18541752096511707,0.1637682749328249,0.09409381491828588,0.0979135366345343,0.00176492202251769,0.07125929557042193,0.013845486774718425,0.1445093638682014,0.020529509358829346,0.12865367008844464,0.08963884549822916,0.039876557026929625,0.07926505648786575,0.11512592140157864,0.18611516817269508,0.16426708102052753,0.10485570365903252,0.006885013636356038,0.33732251758153786,0.036601858906629224,0.03612476729242831,0.08034193349068149,0.0643135158345426,0.08425381116818527,0.06313882087780895,0.06069020644170173,0.06458494506397139,0.11575658288256026,0.054763426404342466,0.02361421532171209,0.03849441112147166,0.1357009020748816,0.0329315213687575,0.02696601461760173,0.11245629191416737,0.06134922898764997,0.11752161948341273,0.0277221587397961,0.03439272521163692,0.006885013636356038,0.12228666395372358,0.07506896499436568,0.07178921113168528,0.01387351467132388,0.03305393741437245,0.03871069082009698,0.2506406475823802,0.13468626386236254,0.04256926151243291,0.04130264847584571,0.2417907223928248,0.16842985562662227,0.15795199457320505,0.04744942273940095,0.04795333646108831,0.3180651754385313,0.07767994817908282,0.0363676403973819,0.2153453683839955,0.0348058819147593,0.027739673843593833,0.05390023838106589,0.062430280141366375,0.16903165089690644,0.06159513328574669,0.10565873408288223,0.06070335427422454,0.10155896546150484,0.10786140375021272,0.06825487503589651,0.09409381491828588,0.11618044237816691,0.11625767060285853,0.1228991753105598,0.013409590494440833,0.03160906145105333,0.013003491916629327,0.07844066975234061,0.06194984082576789,0.04774728846850738,0.43441487236169335,0.11432857919387622,0.054129586089871874,0.029507745076402716,0.04401643776890336,0.36457726444627037,0.01238592740711079,0.05511425938721453,0.05334765586927046,0.0628343017848615,0.04641012420267559,0.03885148803211316,0.08684442825395526,0.1116571166056257,0.01277488990260344,0.10114236738919029,0.05295063780666251,0.07005594247260512,0.09865414033922758,0.06316832941713058,0.04821058808631389,0.04769708527913133,0.061302009339381985,0.1911796698425654,0.09703680934456076,0.10444233613991619,0.06810160351913451,0.03217564722898496,0.0439131798692914,0.03839141000492729,0.2765435329574788,0.026876565589276938,0.04346462473617179,0.05334765586927046,0.07230439312494019,0.17005480488327893,0.10970978460661515,0.0505517010170282,0.08969943217494578,0.0857171521604164,0.2076241358354501,0.023844478287064486,0.04809396790315217,0.08018129967829611,0.07438060590537096,0.05081679252632302,0.1137250587043581,0.022234943294891715,0.03935005438836094,0.13396855290030701,0.019845656749530753,0.023828379467334102,0.014019535842511229,0.10334672978344611,0.14510798968466007,0.0441892550832111,0.04636684804944004,0.08732456447569596,0.046747789712766004,0.03324955615323629,0.049024242005896064,0.36062337047888127
rowId21,0.08517001339279531,0.24967309262222043,0.01970153680309463,0.15388354988563785,0.0017571564343280834,0.01988249542172972,0.06031646013147246,0.0395962715405713,0.06321851305053366,0.10394473113420492,0.045922997763917076,0.127041027563886,0.02054140468873364,0.07627885643610594,0.024377994979228636,0.043858403215920334,0.07451204275514442,0.07730301579951251,0.04292360038385886,0.03798354132414837,0.34567410193402004,0.12219537683003356,0.00588991757559099,0.07881535331481296,0.10349991225940729,0.044667915145341616,0.045200432058649556,0.03359679780667776,0.030439379557517934,0.15544147439358993,0.02642587952391636,0.024338964763538914,0.08969943217494578,0.2078788065117053,0.029488681130087475,0.040845637903666084,0.02857897095131983,0.021580403233670803,0.27554240885943343,0.09595609125389327,0.054763426404342466,0.016754799503522624,0.17419125449951103,0.07922861220116825,0.047162230417682645,0.49528609136595186,0.05268225340870092,0.059236462286335244,0.06468796458830008,0.03321758702491373,0.06750050498598165,0.05399159008563422,0.10934531532203123,0.02385857807363168,0.16822232470883255,0.2483154695117704,0.033290774643300255,0.06164151164633323,0.028154251193438836,0.12380179439755364,0.01986848339245085,0.20152512057686184,0.03563154151704626,0.10485570365903252,0.0419386775708471,0.021055835138022262,0.016754799503522624,0.16903165089690644,0.05271634220676527,0.03086444059220104,0.07876470710772351,0.004152926940190109,0.06873054017857778,0.0362394855462694,0.017686954574394967,0.1647014841231385,0.13289247623394812,0.1037583457617435,0.07279057382105315,0.10670357252879333,0.017450624484275826,0.04585573014994079,0.03530730558576696,0.04372229617401926,0.044049624822995334,0.04864227679937645,0.03351405703448733,0.04455737455271466,0.037452485883362904,0.05370653215934189,0.07762287103978621,0.18719690702186523,0.034746682318480944,0.2333867513310674,0.06828300839267314,0.02399030813264455,0.07659175563472435,0.004332332792757682,0.043071005021486634,0.06435750665381641,0.02613129831130594,0.03123999571671486,0.030153517681651424,0.0031098328052653304,0.12941427028674948,0.3061785138368613,0.04909027753160908,0.08865993303919399,0.012961469731987266,0.02611256720996245,0.06693039258088294,0.07037567900853456,0.018639036263385752,0.03163575376733747,0.1767565322514853,0.036291896834200026,0.029706759699468954,0.08657764061190118,0.0752064061748442,0.05453101905055259,0.07709042215528919,0.1563213946479865,0.0533719563635346,0.02054140468873364,0.025160760491888617,0.06303752745103712,0.04298511575898325,0.016686140188555895,0.11288499704623164,0.08786929151668124,0.15086271529609083,0.3003177616492855,0.10934531532203123,0.023682065233235416,0.05460540520056117,0.10879308328872195,0.03400334190851857,0.05130884486760263,0.15795199457320505,0.33732251758153786,0.02535456283120991,0.062045093156662276,0.0938511877510938,0.027407112804122807,0.03561139959328582,0.10155896546150484,0.03167120150154307,0.07101758254728814,0.20397206245230323,0.03822996370629155,0.020807297962228015,0.015067319578338617,0.0772783426344131,0.03848544513246123,0.062888714605575,0.06828300839267314,0.0550416688137162,0.05772318999452151,0.009482827252723503,0.01915352288157754,0.027768061154365427,0.06588276610283748,0.0635494061796558,0.07963498296649549,0.033555591874811025,0.1063164309380385,0.04881095883136564,0.11598418326398066,0.07886327830220485,0.021527467005206555,0.03193248632198632,0.005617077720564275,0.04267621179097056,0.08472293367978442,0.03678678295654137,0.09599121761833428,0.05248745394216506,0.07381480878488941,0.02760353810210546,0.029356870216574262,0.0337456475259338,0.3229171991097377,0.10981751210074983,0.05390023838106589,0.014257324378410534,0.03772199700644724,0.08010368087486869,0.10121866702268312,0.03127487733751449,0.02419396447389655,0.039876557026929625,0.049621278745842524,0.05371547389741796,0.06297106234016792,0.010399175499135192,0.2506406475823802,0.08214468497383062,0.052405226629760854,0.12507654866951376,0.019892428173312823,0.08136133338035202,0.07197347829236062,0.14011744072666557,0.020529509358829346,0.062888714605575,0.029291059936358436,0.0876026134183375,0.0027510090008349614,0.10364937774625661,0.2364121131322201,0.08964431767445613,0.05212729291658361,0.33734359445085255,0.11620181949525443,0.1563681993870599,0.15835562061705558,0.13357245140683496,0.028303357240390212,0.03366647778344107,0.07460163473835035,0.05104160610971572,0.09116752982577415,0.13886235682904702,0.036846528821193866,0.14716545133457043,0.03137587953540144,0.06321851305053366,0.019620235341900393,0.04804952846042931,0.2078788065117053,0.09811087086971863,0.11598418326398066,0.011167719420105799,0.0689993063277523,0.08895253341747135,0.07876470710772351,0.10007624563057085,0.23672554762405443,0.06791251188713673,0.05449139133272031,0.04130264847584571,0.16364977061611355,0.01817424356802463,0.004152926940190109,0.03395120652051321,0.06035921583087826,0.06053595980176759,0.02660472372197752,0.12248603223318161,0.020621798518323027
rowId22,0.10430790309244155,0.03681645588138558,0.06468796458830008,0.025197618312624327,0.07185214553071906,0.1932187420887361,0.3229171991097377,0.1215872123146998,0.053628078709692925,0.12987758190099027,0.014399625229580902,0.10921701078819221,0.19562540965975656,0.04370905553095802,0.029237766048682105,0.001160583601150869,0.3594849603243823,0.18694592172753058,0.010399175499135192,0.06115579624633521,0.06838553160708132,0.08152949166667502,0.03924490953398031,0.033097731182593564,0.03467003182642679,0.3037920355828678,0.16181108040061645,0.14958268588671825,0.07853026456257887,0.0337456475259338,0.16181108040061645,0.004975004103988152,0.06381984694513282,0.10038797037179867,0.012802176579163431,0.2506406475823802,0.093388886946188,0.03215927506634591,0.09519306227719453,0.02743976817762768,0.058487495737945545,0.03766539871962317,0.11726927412993757,0.012095021669586549,0.026585059228289947,0.035363195774129205,0.07942359275213501,0.16340254510766541,0.06031646013147246,0.0656152538296495,0.03502074766405762,0.05533035481700348,0.07666916063144738,0.031089106207021117,0.029446283759633547,0.14573659520976878,0.028799829447790155,0.07486977280851757,0.10565873408288223,0.029274926692899546,0.1445093638682014,0.21134613596198915,0.07074065692092224,0.044860885474410195,0.03905296466375901,0.04982025888411105,0.18896364773024418,0.028715490854207354,0.1580817611002511,0.0968109961971932,0.06140680518445316,0.03588597300280466,0.43869097846121036,0.07461071930135524,0.05245383369473509,0.08600508125519364,0.1562688333715234,0.1625737309454052,0.06644184695473425,0.0695040546611142,0.10854730204208571,0.09462622765743829,0.03735839786408729,0.04471466947688636,0.30124595258678216,0.07079673407993524,0.04615049880844655,0.03905296466375901,0.027876176803554725,0.06169254292998417,0.11523398534945531,0.015664244459787043,0.0890191691639798,0.11179989357123193,0.2746187737836757,0.13316941358652512,0.09280744993744025,0.3681248789730256,0.13914740977622023,0.028067500025218257,0.046747789712766004,0.08152949166667502,0.028351876179501967,0.018955262996848417,0.1500421363925138,0.05086519017247306,0.07074922075822708,0.10981751210074983,0.03947508985661001,0.06791251188713673,0.10360607847073296,0.16266482666147805,0.09074726331961366,0.05095963412617053,0.25881898426779637,0.11402291709174132,0.2534575377415102,0.04909027753160908,0.010581444816286216,0.029826891600890564,0.1382327865214983,0.017947202939576485,0.17158028346212587,0.04349725231215473,0.27298330321199804,0.05170643345835024,0.05995406151271267,0.09899324295735384,0.060446261739116706,0.04595539194754334,0.19039423461709837,0.07593919617160745,0.15427323840338192,0.07113296854299447,0.030387354680054202,0.16181108040061645,0.12972031364053122,0.03493008876530704,0.0017571564343280834,0.033301821495489534,0.04768002594368225,0.03578457377357328,0.11458761931764577,0.0656170881376967,0.1310381700263656,0.09236449954720602,0.061847437905578964,0.0027510090008349614,0.08425381116818527,0.12361762312368559,0.014981903813317581,0.05623017099871448,0.20247490841399748,0.2523686063220783,0.025720319365882233,0.1364655702278823,0.14988539535299075,0.06039117806019295,0.006801340860506317,0.060636570386870495,0.2776265708225612,0.08414673120938626,0.06291784212017582,0.017450624484275826,0.23158276126519725,0.08061541586142089,0.05513978848235159,0.001160583601150869,0.03832618871610142,0.02966187467733761,0.043406679589960986,0.18583451268168535,0.043858403215920334,0.08684442825395526,0.1647014841231385,0.05882174479512728,0.2003959170726871,0.0024735841903112434,0.18186820160151645,0.015529893083447616,0.06345286629684944,0.172012297833012,0.03965121145683844,0.15544147439358993,0.03137587953540144,0.057715175115986395,0.05240819850123343,0.054280931684650695,0.11700851988804442,0.08635270049928916,0.09975901395039075,0.1063164309380385,0.172012297833012,0.14716545133457043,0.06882577223500075,0.20537268538925627,0.03957776695492004,0.03845064532152613,0.04185138268959872,0.1754565304756922,0.06460373209232116,0.3175120038808173,0.02760353810210546,0.04230443740330246,0.0667889379457594,0.03056710604675929,0.018425671901617,0.023908994145860896,0.010399175499135192,0.043071005021486634,0.05081679252632302,0.02313783907768579,0.10252991989402437,0.02113556481743805,0.03292973864397497,0.10249062815394472,0.039872841557605905,0.06080458903783766,0.02452123900545794,0.15227726780942955,0.05608147292049057,0.028799829447790155,0.10724947234195165,0.03875353309490299,0.11288499704623164,0.09543251971003722,0.0874903467327799,0.0618648465896002,0.05260097431677552,0.03418437605602435,0.11288499704623164,0.055422642859247175,0.03419462071077893,0.013653968348247239,0.11293500613327476,0.0265530593515837,0.02089366322938851,0.08914338531565498,0.11072836442583536,0.07228921937305575,0.13310438824799042,0.20579014505034474,0.040845637903666084,0.05210881518392313,0.038971085005950805,0.0208339993927098,0.08496200088294405,0.10485570365903252,0.0069603434554135245,0.2765435329574788
rowId23,0.07279057382105315,0.07755929807815137,0.11618044237816691,0.049508764798018974,0.19745924543290813,0.028067500025218257,0.04256926151243291,0.07995188821965497,0.026263694827171676,0.07031572056692838,0.16678773669465566,0.021328364187053844,0.09519306227719453,0.05330037918976837,0.10155896546150484,0.014951362342960125,0.010399175499135192,0.11402459448067369,0.3064858950054413,0.04058050711022771,0.0052680624270637945,0.0793443096543359,0.009256460734643968,0.03565841363186296,0.08195793823383195,0.06069020644170173,0.07584865320171244,0.2038753946093372,0.00193613108216705,0.01770105402259905,0.11836588863489117,0.009230952109465151,0.04579692809366499,0.13074656879043367,0.40557282941627437,0.054763426404342466,0.0656152538296495,0.018291443294187214,0.032562388630048615,0.07445848668361738,0.03344599543635577,0.01907473378512423,0.0348058819147593,0.036846528821193866,0.0848548636801642,0.0419386775708471,0.055084569082919255,0.08482005250119078,0.10197873909666125,0.21640617987221014,0.04222978811763968,0.05240819850123343,0.22321178026943483,0.03674381607780177,0.13091803247248263,0.08034193349068149,0.037500805942635745,0.03294574279750345,0.07131261226026689,0.03520873620064968,0.08653034708937724,0.08214468497383062,0.059236462286335244,0.05095963412617053,0.11242857206816594,0.17419125449951103,0.10786140375021272,0.1380096912362205,0.03681279137599688,0.2469646889848434,0.11365898223390919,0.03999860299970289,0.0540927417505276,0.0527981832657547,0.1968180510868663,0.2632336066482097,0.09593659412577094,0.10328477219772461,0.13725806414437652,0.022901702888118634,0.06650081836383148,0.07037493381792351,0.1323334003157555,0.2258985049700433,0.12705315503216075,0.02378384434336071,0.12361762312368559,0.03518168490499371,0.11245629191416737,0.18435777333481965,0.04251764915435123,0.012087732820448055,0.007615392198972024,0.11138415490383903,0.1356380804867504,0.06896073906595404,0.047113868993233096,0.10738461346976483,0.05486872498828684,0.045795797598099486,0.1834345178956457,0.1341652501913408,0.019127231002087627,0.22380058753779314,0.03123999571671486,0.08865993303919399,0.02966187467733761,0.04573619491427452,0.0026465754916795395,0.04990213832453254,0.08079535123336722,0.021423618077814347,0.08814272218469847,0.08321436088057595,0.025720319365882233,0.06598354674678703,0.11614626967264054,0.07185214553071906,0.15919559162073024,0.0541445986603901,0.17956653351301535,0.14143183671796988,0.032818997701746046,0.06194984082576789,0.11009175703346592,0.09017447478088754,0.20989097606091836,0.012095021669586549,0.13021606959958118,0.14147342497775015,0.04346462473617179,0.0722395239920576,0.07730301579951251,0.1078497759557763,0.02029622361328579,0.01976819149240272,0.15544147439358993,0.06620182671010647,0.027146168235100094,0.06103237777299579,0.14146683755353875,0.036187468336751134,0.019663016356227418,0.3182529286418399,0.05393921197358413,0.049508764798018974,0.3681248789730256,0.03351128377193219,0.025392678101793305,0.05429242909402791,0.0069603434554135245,0.05422935740651338,0.1612891967285631,0.11365898223390919,0.15919559162073024,0.31529600635664984,0.06082818198831625,0.14113031011126084,0.023330181294667924,0.028669348790339493,0.23861576314397512,0.03425876494478175,0.12347727137335505,0.17966692845076357,0.02263772852861777,0.1283805700797791,0.1029843243690421,0.07037493381792351,0.05834458195742017,0.17492427915422573,0.025031390642341268,0.07876470710772351,0.06196559736719907,0.03321758702491373,0.1612891967285631,0.22628529374863732,0.09555741616989258,0.10552438389889687,0.026585122090765596,0.0793443096543359,0.11118440660788745,0.03307704851652938,0.03924490953398031,0.13074656879043367,0.11245629191416737,0.03947508985661001,0.016686140188555895,0.22380058753779314,0.18694592172753058,0.05686893322128239,0.0606517689478234,0.043071005021486634,0.06035921583087826,0.053552928875930855,0.033301821495489534,0.012587335184230724,0.2159207442663503,0.024663062392871464,0.14481002004165813,0.11594780990046437,0.05834458195742017,0.06381984694513282,0.2091523714731809,0.03848727934251136,0.24562228218208193,0.0879574190924659,0.12425308649778367,0.05608147292049057,0.09868190931741555,0.11512592140157864,0.08196324862914352,0.07364483211004082,0.015170411416985165,0.04579692809366499,0.020807297962228015,0.0016584474346639983,0.11288499704623164,0.04917032852208639,0.10667485251271967,0.0265530593515837,0.05850393617212031,0.11266209052558614,0.07851951477554499,0.01512409783235807,0.03366647778344107,0.11583779486055595,0.2578014176647156,0.04917298652148906,0.1111333338491525,0.03612476729242831,0.123826265711517,0.013902640332945745,0.02317179731502134,0.0325779914417661,0.1111333338491525,0.03717821775032464,0.26881345614637076,0.025392678101793305,0.10039258696788503,0.12347727137335505,0.22929229968146284,0.02815537823506851,0.07482193533990962,0.1364655702278823,0.03503989682772746,0.220292524920484,0.02635623173074948,0.09325059267029452,0.0899400568571098,0.1330630091351828
rowId24,0.04631310994474407,0.04610325480715077,0.10056264620920957,0.20579014505034474,0.04615051968663605,0.07565897206750936,0.05636390858181385,0.2153453683839955,0.06297106234016792,0.10349991225940729,0.03418168625114799,0.45997384824528237,0.11186074983563712,0.10849236044690688,0.10114236738919029,0.0695040546611142,0.08004269499961067,0.06216262999539586,0.04203818600440162,0.14632140965753745,0.0325779914417661,0.059194134118890046,0.1342836024757118,0.06839934237827247,0.019620235341900393,0.06791251188713673,0.05268225340870092,0.04292360038385886,0.1321701883802027,0.04583884293867521,0.023826594959694768,0.15388354988563785,0.04910280909990828,0.3260595187431702,0.06750050498598165,0.035363195774129205,0.07734764030560726,0.06860051948882322,0.044667915145341616,0.10618502505903259,0.08042163712152642,0.19186399792315867,0.03137587953540144,0.12236543073654657,0.0823375638533397,0.018700198478567746,0.04346231377022084,0.13277468211871718,0.06796177011202863,0.005745803733773644,0.00866723760616279,0.03717821775032464,0.10060492240923555,0.04952331415873677,0.04132392199381643,0.11402459448067369,0.018958315266224966,0.09975901395039075,0.04879590076482457,0.07805267957088467,0.1386428392245063,0.043406679589960986,0.10729126503837018,0.08164072362909384,0.15388354988563785,0.0537597443516009,0.3070058519568064,0.13957516578622461,0.16646448339576006,0.08586955293230615,0.07584865320171244,0.2258985049700433,0.24967309262222043,0.023705378825243036,0.20152512057686184,0.04529767279955678,0.03387497164470329,0.029507745076402716,0.06420564322210497,0.12987758190099027,0.10485570365903252,0.16316697912643482,0.0962274436407269,0.11861451035848701,0.17327047237633048,0.09841710633466864,0.02953407343919929,0.08963884549822916,0.036846528821193866,0.2251822106904705,0.057214840644141694,0.05090188545054481,0.0329046009050689,0.07074577782997114,0.049621278745842524,0.04251764915435123,0.08938470287517632,0.016040533338174266,0.0527981832657547,0.22507450032489837,0.07074922075822708,0.06021094519756196,0.15243063322524364,0.03292973864397497,0.16061958142217606,0.015701948111027837,0.05058439109993849,0.04744942273940095,0.10402096773709571,0.06114028361909431,0.040845637903666084,0.11009175703346592,0.026861697918467726,0.02664862240992076,0.0014311573718241751,0.011167719420105799,0.08029710466537372,0.021654483572879402,0.027606168990960488,0.17849674179298197,0.16316697912643482,0.08034193349068149,0.3260595187431702,0.08970485982576791,0.01678977509604229,0.17638607500940456,0.0754669708164873,0.08800441714809738,0.051082808073531286,0.18583451268168535,0.06082818198831625,0.02352782975286913,0.024266183679863794,0.142594228576919,0.02840389634552638,0.017106025771398956,0.1263156157929624,0.11273450456651479,0.0667889379457594,0.20044102279815545,0.07926505648786575,0.07767748564375446,0.03319941164403907,0.13323971897869835,0.07844066975234061,0.04521676151860069,0.1279124781470182,0.2364005381988082,0.07462147873765274,0.14399552386602338,0.03501514193951451,0.10670357252879333,0.11186074983563712,0.05354673072017464,0.0984254873172523,0.17600648064578514,0.1825014914548815,0.02623006659696883,0.1792834397466763,0.1090167930446169,0.025333958859089768,0.0618648465896002,0.03782898930479036,0.058260940532916396,0.02264041966360618,0.04162392941264945,0.0899790526173496,0.09116752982577415,0.10737095420916197,0.0848548636801642,0.05957042965684036,0.029339572424451857,0.12481380621321259,0.04916600786159446,0.04465075375308366,0.017273800303183713,0.09165802437935143,0.03927340148775338,0.2364121131322201,0.047921103849625876,0.10934531532203123,0.027492306065426773,0.15360233910270657,0.11288499704623164,0.16266482666147805,0.05170643345835024,0.2776265708225612,0.21415924083222407,0.03425876494478175,0.19223830649177262,0.07278167971079125,0.022386710360606483,0.0245809366740213,0.21825403355153195,0.084028416742319,0.09704550650974093,0.1369968788708034,0.11626584452197324,0.07020954388857871,0.11337772438500815,0.06557286050496769,0.04641012420267559,0.08907090607325127,0.06841565862114168,0.24358307554122477,0.04095910770721359,0.08060394579563751,0.15607134131012784,0.03854164996678236,0.0052680624270637945,0.34567410193402004,0.16613313457885215,0.00723332362833648,0.03056710604675929,0.07101758254728814,0.11530079725414541,0.07700547832610954,0.09304335223163059,0.18186820160151645,0.03648124451396212,0.2364121131322201,0.0632434822655344,0.21463072383043022,0.018955262996848417,0.17956653351301535,0.1310381700263656,0.12319189475464339,0.06090742961770446,0.11626584452197324,0.2364121131322201,0.04516920421558451,0.06451092060994358,0.11061162161675382,0.06115579624633521,0.018364172732089117,0.049131978517202565,0.25668347936274627,0.21415924083222407,0.33732251758153786,0.013081264351617305,0.07730301579951251,0.1779344105324831,0.06860051948882322,0.028303357240390212,0.30152961729774447,0.03849441112147166,0.033358740680036456,0.08496200088294405,0.11118440660788745,0.08712547088757225
rowId25,0.07637491113170373,0.10430790309244155,0.1078497759557763,0.13949900142465416,0.1003528810059929,0.10121866702268312,0.07209222732767491,0.15525234849131536,0.07461071930135524,0.025355727280114457,0.05758175040859915,0.30152961729774447,0.09975901395039075,0.08079510604588554,0.021118410496397552,0.26913692879840234,0.036405905071761224,0.015258459652880734,0.07876470710772351,0.03493008876530704,0.040845637903666084,0.05916657597753136,0.05104160610971572,0.11122896499749457,0.06460373209232116,0.03681645588138558,0.024618591499328494,0.0325779914417661,0.49528609136595186,0.03324955615323629,0.00588991757559099,0.09772256989304996,0.14147342497775015,0.0378669845402935,0.11338932753021252,0.0878045545547013,0.2199627082215403,0.06952257454552643,0.043763658440362514,0.06468796458830008,0.013570794622076622,0.05745628713186052,0.20857655664498323,0.11594780990046437,0.04435980035507822,0.18894688715902186,0.07075565832710061,0.1185385584173658,0.04521676151860069,0.10039594338350237,0.24562228218208193,0.0628343017848615,0.07762287103978621,0.05940037972146779,0.019916581577746697,0.08566758211999098,0.084028416742319,0.09272063992965827,0.1320554396711257,0.20146058500594796,0.09361426491082366,0.016040533338174266,0.02452123900545794,0.04261959859366956,0.017672990361177764,0.24775353246930432,0.15673013638471428,0.0362394855462694,0.10668520722708796,0.033301821495489534,0.01976819149240272,0.03080378095493439,0.08732456447569596,0.04636684804944004,0.12941427028674948,0.10491625862270752,0.06114028361909431,0.047113868993233096,0.2746187737836757,0.04809396790315217,0.017800098837098807,0.21415924083222407,0.051082808073531286,0.06053130067514153,0.1364655702278823,0.015529893083447616,0.04647464526117058,0.03542607471918619,0.0576500574178649,0.20476934866778262,0.07580490169761156,0.04107797825956584,0.08555483590857797,0.12425308649778367,0.20152512057686184,0.08635270049928916,0.055774104685159004,0.10167435577256531,0.029507745076402716,0.03542607471918619,0.025174039322353518,0.20720819671893126,0.03324955615323629,0.03983059066932128,0.03589832647286954,0.1125391657576237,0.0899400568571098,0.2523686063220783,0.11138415490383903,0.014257324378410534,0.06420564322210497,0.06631257114977637,0.1860946727606127,0.18435777333481965,0.10426991559030556,0.11530079725414541,0.07797456036523379,0.07800111967087671,0.06129987982429951,0.07075565832710061,0.06420564322210497,0.05787162479345371,0.065728013099982,0.17849674179298197,0.10279955933541127,0.09865414033922758,0.027876176803554725,0.2251822106904705,0.16552069044415763,0.02002952840479787,0.1357009020748816,0.024245729366474,0.14632140965753745,0.07710103079442301,0.1320554396711257,0.026585059228289947,0.06810160351913451,0.0779192497212779,0.03942154954513675,0.21475093122862896,0.07929262048894575,0.052405226629760854,0.18583451268168535,0.08970485982576791,0.012023196246579756,0.022546309686991825,0.038971085005950805,0.3468516279701624,0.04579692809366499,0.03610503296908216,0.10279955933541127,0.09888230924825035,0.015793248160788205,0.015469941711065378,0.16822232470883255,0.23095548830597412,0.40557282941627437,0.08244247697781007,0.013653968348247239,0.07364483211004082,0.10048285662540822,0.03211573957942239,0.05390023838106589,0.08496200088294405,0.191928510251779,0.12507654866951376,0.08786929151668124,0.15178022389544338,0.25881898426779637,0.04573619491427452,0.045795797598099486,0.11752161948341273,0.11426457805788533,0.18870426167675433,0.034000464186655505,0.08406858724476178,0.10849236044690688,0.04078779991944996,0.1834345178956457,0.05371547389741796,0.027363439804964036,0.1932187420887361,0.02840389634552638,0.10970978460661515,0.02611256720996245,0.1063164309380385,0.019194145876443882,0.11626584452197324,0.13310438824799042,0.0823375638533397,0.028010747977871408,0.03007671168660523,0.08614679481226657,0.16172161237277496,0.10250890973583873,0.2632336066482097,0.07767748564375446,0.1500421363925138,0.019916581577746697,0.0300759063062323,0.1178912662492186,0.2642019076465018,0.04589955972427422,0.004317486260476565,0.11118440660788745,0.0465363904616811,0.0245809366740213,0.012302249161072084,0.11588311427078586,0.05991102424496552,0.22507450032489837,0.04375041821232045,0.108774467065854,0.33734359445085255,0.06605031758532445,0.021654483572879402,0.18283726985167884,0.01770105402259905,0.11867710015527264,0.030387354680054202,0.05295063780666251,0.014415037939537852,0.10290633734405875,0.008293484545749671,0.0030499094301360435,0.11755973381021978,0.1052622382613658,0.16364977061611355,0.019332043777203257,0.0505517010170282,0.018425671901617,0.10085216866489953,0.017072460048859595,0.2219849138281642,0.10155896546150484,0.02629983587546414,0.019892428173312823,0.05469840484931965,0.07400648649450245,0.027531620896947936,0.28973263368498414,0.19320656892222257,0.22080184262869307,0.18611516817269508,0.15669038074703903,0.0017571564343280834,0.055466322071612284,0.03449769517907935,0.0643135158345426,0.1381458096349222
rowId26,0.13844044529711408,0.056700360802280095,0.045791771541429424,0.03835395733374427,0.08496200088294405,0.046794393761696036,0.04700080692243039,0.014415037939537852,0.07851951477554499,0.09073026914828385,0.07882916111607614,0.0277221587397961,0.35546825740553917,0.11122896499749457,0.08907090607325127,0.11907757489265196,0.03540866522579982,0.03520400737034127,0.034958360764687876,0.046607082917171326,0.03983059066932128,0.11124057942966953,0.08837334186260187,0.10114236738919029,0.09543251971003722,0.05095963412617053,0.10187193224047701,0.06279852860220687,0.026861697918467726,0.11593151931672963,0.02580952453634657,0.032562388630048615,0.12441356900095034,0.14638398611707923,0.049097617730240746,0.16842985562662227,0.054214800583152645,0.06557286050496769,0.028358287807441887,0.01473791567634694,0.0537597443516009,0.008660115293498229,0.04589467591825148,0.07462147873765274,0.05886391966927162,0.14668917981254953,0.12211068626932499,0.06319030421927102,0.054129586089871874,0.00569868141837213,0.17042579593926416,0.03240034146396136,0.11201857577179962,0.1250324649912175,0.2776265708225612,0.03835395733374427,0.17327047237633048,0.06693039258088294,0.05088840639974515,0.27298330321199804,0.018955262996848417,0.27417998480996597,0.49528609136595186,0.053552928875930855,0.0330249773605309,0.007615392198972024,0.05212729291658361,0.010467376051495317,0.00469153133525907,0.00176492202251769,0.1779344105324831,0.08684442825395526,0.027980646120439018,0.1357760968140226,0.1779344105324831,0.021423618077814347,0.10360607847073296,0.024338964763538914,0.03929745058332522,0.06082818198831625,0.04372229617401926,0.058797927090255935,0.03705585238141802,0.027531620896947936,0.0899400568571098,0.001393729645481836,0.09545180886436631,0.06115579624633521,0.06134922898764997,0.039872841557605905,0.1309239724605942,0.14147342497775015,0.03983635869480125,0.005679349701945355,0.005617077720564275,0.0722395239920576,0.01316133287268846,0.13725806414437652,0.0771158955617825,0.20959641478555013,0.05390023838106589,0.1562688333715234,0.05783041423428113,0.027146168235100094,0.07565897206750936,0.012018084666396207,0.02466226316757737,0.1134198647261424,0.016063735838563173,0.04647464526117058,0.06620182671010647,0.02351782199413517,0.05686995490855384,0.13886235682904702,0.34567410193402004,0.15673013638471428,0.123826265711517,0.03160906145105333,0.09244417169740099,0.2765435329574788,0.04346462473617179,0.014951362342960125,0.06169254292998417,0.09073026914828385,0.03542607471918619,0.108774467065854,0.05533035481700348,0.033365314010788134,0.0905182719978466,0.21326958176696714,0.01513130881026172,0.05834169532601587,0.20540485068688014,0.1086200947835858,0.054938895266455595,0.020991286417138856,0.04126416055933206,0.058487495737945545,0.05248745394216506,0.04816170391689469,0.014716686096325607,0.06952257454552643,0.10325348019017183,0.05686893322128239,0.11626584452197324,0.039463191802789024,0.08079817537731275,0.08684442825395526,0.019048800579276583,0.3556424361647484,0.004152926940190109,0.1295841708513099,0.15967368453543784,0.02399030813264455,0.2106587338270038,0.06860051948882322,0.18003070762950393,0.06584732067285312,0.11837185643558287,0.03467003182642679,0.22080184262869307,0.05098374705089239,0.025029094172608478,0.17172641547838768,0.3469715121223475,0.03134987981722057,0.09599121761833428,0.04424430627846097,0.1824389242971646,0.06262632535208257,0.08895253341747135,0.1441239985181465,0.04107797825956584,0.027763038657373913,0.01387351467132388,0.05436172829632793,0.04078779991944996,0.05696289288454036,0.062123878833392175,0.13990357565144373,0.04455737455271466,0.04444735794264896,0.0474565992792932,0.0014195172520296124,0.05061685740582469,0.014257324378410534,0.06053595980176759,0.07309631450339381,0.05609276012837682,0.06220922433133476,0.005588867695018397,0.06064146875180415,0.18173888180230333,0.0754669708164873,0.10039258696788503,0.1356380804867504,0.06222357521808899,0.09880416150985406,0.030086858276874,0.07486977280851757,0.045922997763917076,0.08924529259492195,0.061847437905578964,0.03344599543635577,0.12321405941938406,0.21326958176696714,0.10236233413711866,0.4999321195827659,0.04346231377022084,0.01907033912262752,0.16710876139780362,0.062285713965148974,0.0533719563635346,0.09206805513314008,0.010987912659858455,0.06819333741960472,0.05487583547021357,0.08635270049928916,0.033555591874811025,0.018955262996848417,0.01915352288157754,0.03737447382194406,0.18619259208399594,0.15968786781821426,0.17956653351301535,0.029943120478630375,0.1825014914548815,0.1134198647261424,0.10349991225940729,0.21825403355153195,0.11179989357123193,0.07379161689293162,0.18338484295646426,0.03544609355570803,0.02081028375652667,0.05357940536723349,0.035617739209091205,0.027046187939357282,0.010394252366224313,0.02733218066286086,0.015529893083447616,0.04754028045988503,0.21095702757387483,0.04769708527913133,0.019996810121400154,0.03705585238141802,0.04521676151860069,0.021654483572879402,0.28973263368498414,0.09500916353817297
rowId27,0.02977049159155893,0.11575658288256026,0.0467562821725928,0.03737447382194406,0.047113868993233096,0.014661684040514657,0.08685226182184991,0.06175482815656476,0.09045302062979264,0.10737095420916197,0.027910207489554757,0.10668520722708796,0.057363782537312245,0.024871013115369402,0.017072460048859595,0.02574444028713122,0.08964431767445613,0.08685226182184991,0.09899324295735384,0.054280931684650695,0.0009565827979865296,0.12558596605576303,0.11245629191416737,0.03523405384106503,0.0735112610680996,0.09939811435029541,0.30124595258678216,0.15919559162073024,0.05511425938721453,0.025271682694782034,0.08377775022095811,0.059480149237931254,0.13323027286096276,0.10996811052562744,0.03520400737034127,0.08569440272150812,0.023682065233235416,0.09025769470979908,0.059443151246513115,0.05092201320945591,0.1754565304756922,0.142594228576919,0.03948408970897994,0.028351876179501967,0.01238592740711079,0.07956170583697932,0.03999860299970289,0.02696601461760173,0.04370905553095802,0.13005508638955907,0.1611631355227145,0.09769224153143184,0.027876176803554725,0.08586955293230615,0.07090457711116659,0.1263156157929624,0.07125929557042193,0.01669423581904388,0.04809396790315217,0.05986381853936585,0.17530093677818082,0.06796177011202863,0.10854730204208571,0.3182529286418399,0.12972031364053122,0.08029710466537372,0.10534266627030402,0.21326958176696714,0.032264556125907624,0.0016594866843270078,0.13162212883887994,0.01817424356802463,0.15919559162073024,0.06460373209232116,0.15778891138703702,0.11867710015527264,0.27036948105207664,0.04130264847584571,0.027167382687697555,0.061302009339381985,0.05623017099871448,0.024377994979228636,0.14011744072666557,0.2386319475261509,0.03248835396083318,0.014019535842511229,0.15795199457320505,0.03501514193951451,0.047691580699675384,0.04222978811763968,0.03235926346470298,0.014716686096325607,0.048464710066720464,0.07037567900853456,0.05104574543442532,0.1563681993870599,0.078934870899722,0.033555591874811025,0.14399552386602338,0.03681279137599688,0.015664244459787043,0.058797927090255935,0.03248835396083318,0.06896073906595404,0.099652762165392,0.09703680934456076,0.16331513308486978,0.10879308328872195,0.004975004103988152,0.07070226275940979,0.07993950078430732,0.03351405703448733,0.1834345178956457,0.0054814593349430405,0.04727763522576811,0.013725977296703391,0.030086858276874,0.06071106900104466,0.09555741616989258,0.020598295357288864,0.05758175040859915,0.0395962715405713,0.11338932753021252,0.04177562316439023,0.036763862238349515,0.03357781202869811,0.057693300840760825,0.023846452282117396,0.05024722004133929,0.03321758702491373,0.016686140188555895,0.09684750332021232,0.0667889379457594,0.018955262996848417,0.07023972692722037,0.1417595897119603,0.1382327865214983,0.030614514599098204,0.03277899940354323,0.022197490518024013,0.0735112610680996,0.014415037939537852,0.10738461346976483,0.03294574279750345,0.050133515081212804,0.08657764061190118,0.10444233613991619,0.12205572874413355,0.15795199457320505,0.03705585238141802,0.030182422378276723,0.00569868141837213,0.038627933456537346,0.01277488990260344,0.061119482480982854,0.03395120652051321,0.02381888579015437,0.11772017342388433,0.07709042215528919,0.10981751210074983,0.10939680651715215,0.05101712555052155,0.2507306932863154,0.0313772043267731,0.05180395422007624,0.0898435307738926,0.0395962715405713,0.010343023728082419,0.030396685805813638,0.13621507646855882,0.012409812198573015,0.04910280909990828,0.020122083008015757,0.06496844226399118,0.10667485251271967,0.03086444059220104,0.027722067837179065,0.028799829447790155,0.06115579624633521,0.2469646889848434,0.03681279137599688,0.026146505080541723,0.05086519017247306,0.02953407343919929,0.11625767060285853,0.14481002004165813,0.11273450456651479,0.1125644642390023,0.04892163518420947,0.06279852860220687,0.18057994137607258,0.033097731182593564,0.03080378095493439,0.04864227679937645,0.03548375469695007,0.1141660897894949,0.08079817537731275,0.07467052724840187,0.11726927412993757,0.05220606181220708,0.20959641478555013,0.037320078735145645,0.02611256720996245,0.010394252366224313,0.06168446572573735,0.11412182255391809,0.09045302062979264,0.03235682904790616,0.08579832894478713,0.14632140965753745,0.05390023838106589,0.01473791567634694,0.10534266627030402,0.03957776695492004,0.0016594866843270078,0.0607849939934305,0.16316697912643482,0.05686995490855384,0.09500916353817297,0.04817075298797411,0.09510173084686854,0.09893626269075131,0.013003491916629327,0.19248095965164957,0.0016594866843270078,0.07381480878488941,0.1357760968140226,0.02840022742037241,0.10060492240923555,0.1860946727606127,0.0313772043267731,0.10290633734405875,0.017430691886933358,0.028348923763038197,0.03386979239732146,0.03299054287185349,0.01374440018485426,0.17061893930874097,0.05745628713186052,0.062350729694423915,0.10851714506791006,0.1137250587043581,0.03717821775032464,0.24009752942176518,0.049508764798018974,0.03007671168660523,0.041880081706703216,0.04222978811763968,0.09304335223163059,0.03502074766405762
rowId28,0.18619259208399594,0.03514465642276618,0.1625737309454052,0.09330931421783428,0.0402292473641634,0.01927693647622441,0.08786929151668124,0.017672990361177764,0.022197490518024013,0.12705315503216075,0.10114236738919029,0.04631310994474407,0.06605031758532445,0.019663016356227418,0.031740260267190276,0.028912686395979416,0.1078497759557763,0.21004634554321927,0.12205572874413355,0.034865189638133724,0.25668347936274627,0.044049624822995334,0.06860051948882322,0.0017571564343280834,0.0899923145289757,0.06308101847755063,0.034958360764687876,0.005617077720564275,0.14335025920532107,0.08230037117986294,0.015701948111027837,0.10874647795539916,0.05271634220676527,0.15243063322524364,0.23725070138533247,0.2765435329574788,0.028715490854207354,0.04744942273940095,0.06107495036395189,0.17600648064578514,0.09868190931741555,0.03215927506634591,0.06650081836383148,0.029237766048682105,0.1334709007063108,0.03253960227038006,0.45549265311912734,0.027763038657373913,0.13990357565144373,0.07462147873765274,0.08984605018464675,0.0554855060325719,0.034370664243488024,0.14129435327272127,0.03351128377193219,0.0471885983259131,0.02783085768444364,0.0395962715405713,0.039716931145939396,0.1125644642390023,0.02466226316757737,0.10236233413711866,0.24967309262222043,0.1357009020748816,0.12941427028674948,0.21476115788320732,0.18449154832084794,0.09669392721349093,0.08429347150409369,0.13310438824799042,0.08914338531565498,0.03924490953398031,0.04253325415890776,0.09340039086107733,0.22840368924551568,0.17956653351301535,0.1911796698425654,0.10575797204979392,0.09763967183037908,0.06159513328574669,0.19016002304180096,0.00866723760616279,0.07209222732767491,0.2521000479886916,0.01839084429740458,0.10904500645234083,0.06584863655866877,0.03759004280874613,0.12251165950289139,0.0325779914417661,0.03735839786408729,0.055256227649755706,0.08034193349068149,0.0054814593349430405,0.03231724629731043,0.043430434770496025,0.10334672978344611,0.033309323892934846,0.04187852298493348,0.0401083087727199,0.18593018660940214,0.04774617208099574,0.18350589336633658,0.09868190931741555,0.2714605466469469,0.04132392199381643,0.024245729366474,0.38875735910827086,0.07074577782997114,0.15669038074703903,0.028854506441448317,0.012715153096983886,0.02650003550771703,0.06107495036395189,0.056700360802280095,0.12607267965372257,0.16841652266777207,0.0857171521604164,0.013145015428794026,0.061302009339381985,0.0031098328052653304,0.05834169532601587,0.18779475819152228,0.0402292473641634,0.05058439109993849,0.030996936519047814,0.06039117806019295,0.01915352288157754,0.05486084811073825,0.052153667803229845,0.0300759063062323,0.22321178026943483,0.10854730204208571,0.0735112610680996,0.04102533692048867,0.0245809366740213,0.2765435329574788,0.06103237777299579,0.056891079170697266,0.10996811052562744,0.06216262999539586,0.02466226316757737,0.051082808073531286,0.02081028375652667,0.16870580819916503,0.24358307554122477,0.018806418396416683,0.007194636632862728,0.1356380804867504,0.10060492240923555,0.0710315829658983,0.0938511877510938,0.04615049880844655,0.18583451268168535,0.12391169721127608,0.07005594247260512,0.07767748564375446,0.10038797037179867,0.04647464526117058,0.06075676659749816,0.006246975601047956,0.10820335962123553,0.05848213623398934,0.021030671122743688,0.1116571166056257,0.0905182719978466,0.02629983587546414,0.07113296854299447,0.05453101905055259,0.0754669708164873,0.13625357738901228,0.03007671168660523,0.03947508985661001,0.10426991559030556,0.04424430627846097,0.036291896834200026,0.034911584713727004,0.03589832647286954,0.07114096024572565,0.10729126503837018,0.06926103601658354,0.04821058808631389,0.06421392437529953,0.11242857206816594,0.3194174998259263,0.04734445323783841,0.06924378137890005,0.1369571476989645,0.13021606959958118,0.012944281733999176,0.36400503546692115,0.10056264620920957,0.20146058500594796,0.18583451268168535,0.07023972692722037,0.018958315266224966,0.1674209607725292,0.02056781267910599,0.18583451268168535,0.1631943737956888,0.06203184337028378,0.027768061154365427,0.024245729366474,0.14141812516099347,0.2349367485001284,0.035056425684755754,0.1711454650785608,0.05772318999452151,0.10639914686488107,0.02056781267910599,0.18978437954448157,0.19261294250040287,0.029826891600890564,0.10349991225940729,0.04615051968663605,0.03924490953398031,0.09760076578435951,0.011239942713006513,0.054763426404342466,0.08244247697781007,0.19223830649177262,0.03387497164470329,0.024365487239746613,0.055938634554263025,0.10444233613991619,0.0429850759827676,0.0824477990648991,0.05787162479345371,0.03782898930479036,0.08326537255041222,0.3061785138368613,0.25881898426779637,0.009873194535136116,0.013003491916629327,0.02243896273490084,0.09279965872048816,0.08583343789693548,0.034210362222606545,0.15962122246056037,0.33091766808774714,0.029507745076402716,0.18191540179836385,0.06308101847755063,0.02562141734791899,0.1677536341409256,0.039463191802789024,0.04375041821232045,0.08732456447569596,0.09025769470979908,0.04636684804944004
rowId29,0.24009752942176518,0.01817424356802463,0.027876176803554725,0.0890191691639798,0.11077466046246393,0.07037567900853456,0.07074577782997114,0.036291896834200026,0.03007671168660523,0.10085216866489953,0.18249217498805528,0.03400334190851857,0.010196507717486642,0.18338484295646426,0.04881095883136564,0.022052915920142253,0.07926505648786575,0.13021606959958118,0.07005594247260512,0.013719858586891658,0.057693300840760825,0.19039423461709837,0.0664158250271298,0.1364655702278823,0.1479456936785445,0.3197689405850322,0.00501509556765598,0.038669056209247425,0.0643135158345426,0.063784276915804,0.07445848668361738,0.07853026456257887,0.11402291709174132,0.11815629172468389,0.029446283759633547,0.02399030813264455,0.035056425684755754,0.008293484545749671,0.05390023838106589,0.1323334003157555,0.13315991708683086,0.099652762165392,0.2506406475823802,0.019315778665033825,0.34468304846797815,0.17530093677818082,0.017800098837098807,0.09379182321443247,0.3391137012024435,0.046388466784095875,0.10394473113420492,0.00193613108216705,0.10851714506791006,0.1640993206899182,0.026146505080541723,0.06321851305053366,0.017106025771398956,0.1342836024757118,0.034370664243488024,0.027694535126016932,0.220292524920484,0.07734764030560726,0.04676237280688779,0.0471885983259131,0.12121331241289607,0.010071064154334532,0.14952523046457591,0.017430691886933358,0.03409757716207294,0.008149511298223012,0.031798389482455613,0.03215927506634591,0.028599325313790534,0.027407112804122807,0.07364483211004082,0.041996588786748404,0.03735984974308029,0.0606517689478234,0.05095963412617053,0.030153517681651424,0.022546309686991825,0.023846452282117396,0.35371062299421097,0.20152512057686184,0.15525086444828687,0.0017571564343280834,0.2999375541180197,0.2219849138281642,0.020242087393360333,0.08195793823383195,0.04759092305037301,0.04095910770721359,0.013081264351617305,0.11928874304104242,0.0848548636801642,0.14687038373156372,0.029446283759633547,0.10656782405670617,0.02113556481743805,0.09045302062979264,0.1364791135843468,0.07762287103978621,0.0627691656825544,0.055084569082919255,0.07445848668361738,0.02281560115399537,0.06759523942494555,0.191928510251779,0.14003920305160011,0.04579692809366499,0.20649467464612828,0.05357940536723349,0.1612891967285631,0.18350589336633658,0.023844478287064486,0.08226846302831745,0.0522210458533132,0.20736683539202264,0.084028416742319,0.10995881609813189,0.10921701078819221,0.05422935740651338,0.08321436088057595,0.05578830709588376,0.053552928875930855,0.03160906145105333,0.05834458195742017,0.02263917793753184,0.03280757013644673,0.1414196764074397,0.3070058519568064,0.019048800579276583,0.04321949947062577,0.06753860586174079,0.025031390642341268,0.1611631355227145,0.06291784212017582,0.0030499094301360435,0.036601858906629224,0.04589955972427422,0.14933438258730217,0.01770105402259905,0.03848544513246123,0.027839708058538748,0.11630662596262815,0.10076413849603529,0.01512409783235807,0.027980646120439018,0.06222357521808899,0.1316345418035157,0.07792447873124378,0.03187190381782426,0.03798354132414837,0.11882071775636806,0.14463515329590595,0.11174286545708143,0.0643135158345426,0.0035574907143634156,0.0755963524074938,0.10670357252879333,0.21640617987221014,0.02562141734791899,0.1283805700797791,0.01530033495826165,0.2106587338270038,0.04962240834602832,0.20152512057686184,0.05745113261848428,0.06644712560729071,0.12450729421284275,0.04463339559281491,0.10552438389889687,0.0771158955617825,0.03351405703448733,0.10854730204208571,0.03231724629731043,0.033309323892934846,0.10186479796660679,0.03489886399072764,0.07810796492859388,0.021151515504727717,0.06693039258088294,0.010673337756590316,0.008293484545749671,0.045319880274969276,0.0270145524300177,0.25668347936274627,0.08000910597483264,0.01976819149240272,0.082456895347769,0.013725977296703391,0.04213882884517572,0.10249062815394472,0.057693300840760825,0.06458494506397139,0.11103531492787581,0.06169254292998417,0.08969943217494578,0.025392678101793305,0.030439379557517934,0.047921103849625876,0.04095910770721359,0.013003491916629327,0.062123878833392175,0.123826265711517,0.05393921197358413,0.02281560115399537,0.09361426491082366,0.09462622765743829,0.10186479796660679,0.015529893083447616,0.19388151623358074,0.025333958859089768,0.02520256731126624,0.07379161689293162,0.10325348019017183,0.13357245140683496,0.043858403215920334,0.07785515459993708,0.11242857206816594,0.032210831267687964,0.07417031644006374,0.01513130881026172,0.052083190847696914,0.03948408970897994,0.02760353810210546,0.03705585238141802,0.04754028045988503,0.0584438991170054,0.07963498296649549,0.09599121761833428,0.06207113531016131,0.022052915920142253,0.02351782199413517,0.05511425938721453,0.06140680518445316,0.193635599882764,0.05952281701584533,0.002121882473025589,0.03815638308977166,0.0190519723518334,0.02840022742037241,0.03540866522579982,0.07926505648786575,0.20397206245230323,0.03418437605602435,0.03486464801397875,0.018291443294187214,0.1185385584173658,0.05487583547021357
rowId30,0.0594686421835955,0.04579692809366499,0.012961469731987266,0.023806578256957357,0.06035921583087826,0.19186399792315867,0.03991607894800064,0.15492062769528012,0.02840022742037241,0.13962037808819094,0.2223604653132783,0.21475093122862896,0.06551654894201865,0.023550772814327676,0.027046187939357282,0.09409381491828588,0.034958360764687876,0.03205144736031224,0.0490597499275445,0.029105527801113307,0.03825583218523496,0.010987912659858455,0.015165196934626564,0.5241880850131344,0.015529893083447616,0.03449769517907935,0.09510173084686854,0.1297611414039591,0.07580490169761156,0.14113352939866172,0.07851951477554499,0.3148892573261145,0.027339415128827614,0.17492427915422573,0.010581444816286216,0.13315991708683086,0.04094085519318643,0.12562638679141755,0.05212729291658361,0.04298511575898325,0.060446261739116706,0.010336929883731765,0.11618044237816691,0.13396855290030701,0.16677513400863042,0.11242857206816594,0.03766539871962317,0.3771672212472896,0.02613129831130594,0.012944281733999176,0.03589832647286954,0.001393729645481836,0.08600653786498069,0.024124754485251945,0.031089106207021117,0.03845064532152613,0.45549265311912734,0.1265934144919582,0.049933419816022,0.03835395733374427,0.014772500230663017,0.10491625862270752,0.09226955809382711,0.03211573957942239,0.30318879799301185,0.0754669708164873,0.04864227679937645,0.10167435577256531,0.04126416055933206,0.09225130635784731,0.07031572056692838,0.025029094172608478,0.05130884486760263,0.11147700396371757,0.10921701078819221,0.03357781202869811,0.08600653786498069,0.034746682318480944,0.2333867513310674,0.1369968788708034,0.058487495737945545,0.009230952109465151,0.046092288886077,0.03735839786408729,0.18003070762950393,0.063784276915804,0.0014042345243768168,0.08963884549822916,0.0069603434554135245,0.01869525894530098,0.024618591499328494,0.057983344683024504,0.02264041966360618,0.12228666395372358,0.18694592172753058,0.1655563823290761,0.15388354988563785,0.07037493381792351,0.04346231377022084,0.025327660444154753,0.06216262999539586,0.054822115843996516,0.019620235341900393,0.16842985562662227,0.036846528821193866,0.09893626269075131,0.03574794240080859,0.03759004280874613,0.0954788470012861,0.15525086444828687,0.2223604653132783,0.21326958176696714,0.011239942713006513,0.008203217482846543,0.013725977296703391,0.052384989966095176,0.044860885474410195,0.14939398150028746,0.11179989357123193,0.15086271529609083,0.0704920209854422,0.04379595926580875,0.20221099925335276,0.02263772852861777,0.06458494506397139,0.26149081198054147,0.0657465267103825,0.04261959859366956,0.05449139133272031,0.013845486774718425,0.05511425938721453,0.015352563380492361,0.10250890973583873,0.08061541586142089,0.07708572147077516,0.03899315372958534,0.033097731182593564,0.07710780672072709,0.08583343789693548,0.12410549086147098,0.0764087364420143,0.06279852860220687,0.04222978811763968,0.03530475507284041,0.22507450032489837,0.3771672212472896,0.051082808073531286,0.0630038274757027,0.12319189475464339,0.03501514193951451,0.05101712555052155,0.03648124451396212,0.15955399352998592,0.050133515081212804,0.08970041153957714,0.22929229968146284,0.01986848339245085,0.15627345005088242,0.26881345614637076,0.11960470280766451,0.09236449954720602,0.0890610933244565,0.018700198478567746,0.04774728846850738,0.002786736453702084,0.07152735509648726,0.09519306227719453,0.1320554396711257,0.0024735841903112434,0.09854469621923163,0.16172161237277496,0.07241697745172099,0.09760076578435951,0.08892913104888106,0.1382327865214983,0.5570239156008115,0.04910280909990828,0.10897046204943009,0.11138415490383903,0.10360607847073296,0.02243896273490084,0.12563750103973415,0.07070226275940979,0.07762287103978621,0.1611631355227145,0.07298990170758035,0.08079510604588554,0.16266482666147805,0.1357760968140226,0.07956170583697932,0.10250890973583873,0.010196507717486642,0.03588597300280466,0.06113316301368413,0.022901702888118634,0.2251822106904705,0.19373147860601644,0.06220922433133476,0.24775353246930432,0.02385857807363168,0.5193187597312484,0.2507306932863154,0.04589467591825148,0.03775970949684174,0.10138195455992095,0.014661684040514657,0.02012066757282389,0.16592845940929335,0.1233723421551813,0.04070700659105985,0.04261959859366956,0.014257324378410534,0.10249062815394472,0.026059042153095482,0.032952065867482595,0.0277221587397961,0.018784945065822876,0.007131961602682052,0.0348058819147593,0.06650081836383148,0.12886494823050226,0.05429242909402791,0.14687038373156372,0.01277488990260344,0.06601684212396985,0.05371547389741796,0.05513978848235159,0.17638607500940456,0.10039594338350237,0.10307852310271426,0.07074922075822708,0.07070226275940979,0.23095548830597412,0.07451204275514442,0.02815537823506851,0.1040932907750545,0.016686140188555895,0.07593919617160745,0.05370653215934189,0.05130884486760263,0.11755973381021978,0.14825661287507363,0.03503989682772746,0.05365236410491182,0.053990798115460266,0.00193613108216705,0.08010368087486869,0.19016002304180096,0.2642019076465018,0.03530475507284041
rowId31,0.03056710604675929,0.0576500574178649,0.07767994817908282,0.11027956864797933,0.27298330321199804,0.04424430627846097,0.04583884293867521,0.058797927090255935,0.03772199700644724,0.06382012832209755,0.43441487236169335,0.050133515081212804,0.03307704851652938,0.04481391576928428,0.10125690672229279,0.03523405384106503,0.22321178026943483,0.02650003550771703,0.25881898426779637,0.06291784212017582,0.03875747499066945,0.013902640332945745,0.33091766808774714,0.029826891600890564,0.01647513823739269,0.0360755870758148,0.05370653215934189,0.051366119186550645,0.0490379695395885,0.1447976279773046,0.17600648064578514,0.10364937774625661,0.08481315466306634,0.25668347936274627,0.05220606181220708,0.0505517010170282,0.0419386775708471,0.1063164309380385,0.051770520819839676,0.016980287233531125,0.07865097944924848,0.022190818518236684,0.06168446572573735,0.04982025888411105,0.13478958388347761,0.15669038074703903,0.18870426167675433,0.1562688333715234,0.18545904204552274,0.21326958176696714,0.06302210618487246,0.054822115843996516,0.14933438258730217,0.0190519723518334,0.08257032572084051,0.1445093638682014,0.20537268538925627,0.04465075375308366,0.05661462709928093,0.08135120198795744,0.08041896053972508,0.017450624484275826,0.20247490841399748,0.11338932753021252,0.2091523714731809,0.05694070031043384,0.02054140468873364,0.01660390198358485,0.1357760968140226,0.19186399792315867,0.2152643211484814,0.10849236044690688,0.13464322407379928,0.03503989682772746,0.05357940536723349,0.3469715121223475,0.06601684212396985,0.1323933915099046,0.054763426404342466,0.11077466046246393,0.05769832902229535,0.1550396469231862,0.04990213832453254,0.1295841708513099,0.09097591582361568,0.0540927417505276,0.023686072056975687,0.08685234331831665,0.11867710015527264,0.06297106234016792,0.03798354132414837,0.3093554490731001,0.010071064154334532,0.28033217266827043,0.0359447612391452,0.0898435307738926,0.13625357738901228,0.23303426545035244,0.10236233413711866,0.0415504732210638,0.1052622382613658,0.15607134131012784,0.1295082634805193,0.03205144736031224,0.191928510251779,0.2258985049700433,0.04455737455271466,0.252546345387661,0.11052145071876468,0.06031646013147246,0.05850393617212031,0.015469941711065378,0.08914338531565498,0.06031646013147246,0.016063735838563173,0.0899923145289757,0.26149081198054147,0.03231724629731043,0.2186621908474496,0.027694535126016932,0.062285713965148974,0.27298330321199804,0.13962037808819094,0.02352782975286913,0.04435980035507822,0.06071106900104466,0.14147342497775015,0.03520400737034127,0.029291059936358436,0.010196507717486642,0.04641012420267559,0.06455453056223481,0.046881382097812806,0.017672990361177764,0.09684750332021232,0.012161449214596332,0.11588311427078586,0.059480149237931254,0.5570239156008115,0.043406971336301,0.07381480878488941,0.15388354988563785,0.09165802437935143,0.13074656879043367,0.06048729749479088,0.20341448967898124,0.1266858152845967,0.08244247697781007,0.1767565322514853,0.09438867908508199,0.06194984082576789,0.3180651754385313,0.051687603420260464,0.12380179439755364,0.05061685740582469,0.04952331415873677,0.15664252575486765,0.051687603420260464,0.05429242909402791,0.04586860269306368,0.07637491113170373,0.03216971260422346,0.036230841073632856,0.041436914536371376,0.03007671168660523,0.07215257276062831,0.0823375638533397,0.06080458903783766,0.06149509908870966,0.0785721462772907,0.08507553736647443,0.013845486774718425,0.04462283994352437,0.028799829447790155,0.04261959859366956,0.010467376051495317,0.015529893083447616,0.15778891138703702,0.11840644712166468,0.029352972462383407,0.06114028361909431,0.1611631355227145,0.06250205948427942,0.08338120696561022,0.03681279137599688,0.03965121145683844,0.2632336066482097,0.01513130881026172,0.04128466076665463,0.0904686580562412,0.06503226309649579,0.05101712555052155,0.21415924083222407,0.03590586360127347,0.2152643211484814,0.03666282831631107,0.14933438258730217,0.21463072383043022,0.06810160351913451,0.1309239724605942,0.16842985562662227,0.11954656336370266,0.06064146875180415,0.022964712006800666,0.06375824879173388,0.06810160351913451,0.1696726005404289,0.13323027286096276,0.010336929883731765,0.08148668066719446,0.04270954807646496,0.16181108040061645,0.005617077720564275,0.1932187420887361,0.26785683595267257,0.026276556651016393,0.057214840644141694,0.05180395422007624,0.2386319475261509,0.22321178026943483,0.3468516279701624,0.0019743672866612385,0.03514465642276618,0.10186479796660679,0.3180651754385313,0.10618502505903259,0.31529600635664984,0.05758670702735719,0.18870426167675433,0.036187468336751134,0.0069603434554135245,0.02054140468873364,0.014951362342960125,0.041880081706703216,0.045319880274969276,0.04471466947688636,0.07659175563472435,0.04864227679937645,0.0439131798692914,0.3162993595987294,0.07005594247260512,0.08685234331831665,0.24775353246930432,0.030182422378276723,0.015255115808022152,0.06082818198831625,0.2417907223928248,0.15955399352998592,0.027363439804964036,0.049131978517202565
rowId32,0.04251764915435123,0.06924378137890005,0.026146505080541723,0.06435750665381641,0.0595199526671757,0.026274800215107787,0.046747789712766004,0.03277899940354323,0.10729126503837018,0.042261196458572674,0.1265934144919582,0.08847280145958716,0.1364791135843468,0.06303752745103712,0.06825487503589651,0.18619259208399594,0.0401083087727199,0.027839708058538748,0.195916188529966,0.0419386775708471,0.022573770900477633,0.002316316510001745,0.10639914686488107,0.023806578256957357,0.26879822329353653,0.10060492240923555,0.3064858950054413,0.002121882473025589,0.04615049880844655,0.03871069082009698,0.10603764313892584,0.022198968675706938,0.1076361019752512,0.06203825029697983,0.08061541586142089,0.028599325313790534,0.08577860073031916,0.030396685805813638,0.08154620190035185,0.0824477990648991,0.08434440432053056,0.023992342584586136,0.016137772223863426,0.0030499094301360435,0.11752161948341273,0.012018084666396207,0.07658065332977336,0.13070215436176996,0.19388151623358074,0.04795333646108831,0.08579832894478713,0.1316345418035157,0.09438867908508199,0.22321178026943483,0.3182529286418399,0.02351227273072225,0.04203818600440162,0.11072836442583536,0.11840644712166468,0.0632434822655344,0.0241525457096305,0.06631257114977637,0.17849674179298197,0.0536970880051042,0.03875353309490299,0.11529490747573133,0.044667915145341616,0.14718307939982944,0.05735692628781611,0.220292524920484,0.04583884293867521,0.084028416742319,0.033301821495489534,0.022234943294891715,0.05130884486760263,0.03565841363186296,0.15919559162073024,0.14668917981254953,0.028923152962393183,0.03277899940354323,0.10252991989402437,0.261655810195167,0.012087732820448055,0.0316759563735845,0.01907473378512423,0.08914338531565498,0.029105527801113307,0.09487925635320633,0.09884639407295902,0.05109981097667743,0.1357009020748816,0.022901702888118634,0.06584863655866877,0.020529509358829346,0.03520873620064968,0.08800441714809738,0.05170643345835024,0.033555591874811025,0.023828379467334102,0.034958360764687876,0.11443541100529811,0.03163575376733747,0.02452123900545794,0.1166785550069508,0.2186621908474496,0.055466322071612284,0.03578457377357328,0.055422642859247175,0.07929262048894575,0.07074065692092224,0.014860908062084252,0.11625513295709856,0.03735984974308029,0.1141660897894949,0.05745113261848428,0.13316941358652512,0.02116821400719217,0.014981903813317581,0.05472964640721986,0.05487583547021357,0.05086519017247306,0.029352972462383407,0.08654471896219404,0.0013854556807550518,0.035260075015522224,0.20720819671893126,0.10121866702268312,0.10334672978344611,0.062888714605575,0.08429347150409369,0.13554704684960045,0.07252304152301488,0.06839934237827247,0.07117919171599127,0.26879822329353653,0.028154251193438836,0.1316345418035157,0.013570794622076622,0.10131679962040124,0.17530093677818082,0.055084569082919255,0.012961469731987266,0.1500421363925138,0.09340039086107733,0.06201881903401059,0.029826891600890564,0.10349991225940729,0.04162392941264945,0.09156471727650593,0.06551654894201865,0.0277221587397961,0.046794393761696036,0.022901702888118634,0.04864227679937645,0.04583884293867521,0.06070335427422454,0.05101712555052155,0.0527981832657547,0.053628078709692925,0.2258985049700433,0.0522210458533132,0.0394077465670282,0.16190114586296384,0.13886235682904702,0.04251837313333597,0.019332043777203257,0.123826265711517,0.11061162161675382,0.07593919617160745,0.02029622361328579,0.0009565827979865296,0.21463072383043022,0.09073026914828385,0.017947202939576485,0.03489913479097014,0.034210362222606545,0.03167120150154307,0.02273898861418235,0.2534575377415102,0.22628529374863732,0.02857897095131983,0.0699667824915573,0.03489913479097014,0.08555483590857797,0.09487925635320633,0.3428503142213519,0.09388686176416415,0.03612476729242831,0.057363782537312245,0.12562638679141755,0.2507306932863154,0.09438867908508199,0.08263987967781321,0.10724947234195165,0.14687038373156372,0.0359447612391452,0.0415504732210638,0.07785515459993708,0.13072710424841222,0.02313783907768579,0.3037920355828678,0.16677513400863042,0.034958360764687876,0.1825014914548815,0.11402291709174132,0.13671306362195296,0.14933438258730217,0.03905296466375901,0.04879590076482457,0.012366508001763019,0.12563750103973415,0.15360233910270657,0.0196556399038762,0.04267621179097056,0.04541251652372214,0.13621507646855882,0.11458761931764577,0.0824477990648991,0.10294895835231888,0.012366508001763019,0.19078411262500236,0.018432099923438347,0.14573659520976878,0.09897951380933881,0.19223830649177262,0.046092288886077,0.16241222083888848,0.26149081198054147,0.14952523046457591,0.010874952074147064,0.10197873909666125,0.06844674841574178,0.02056781267910599,0.1647014841231385,0.08008595999373899,0.0793443096543359,0.04126416055933206,0.0399806288070988,0.049131978517202565,0.039872841557605905,0.19562540965975656,0.03409757716207294,0.04128466076665463,0.10724947234195165,0.10485570365903252,0.049131978517202565,0.00588991757559099,0.1518192802005353,0.039876557026929625,0.08786929151668124
rowId33,0.0325779914417661,0.03386979239732146,0.04178727469312611,0.11618044237816691,0.16172161237277496,0.02953407343919929,0.10552438389889687,0.13621507646855882,0.019092016924790765,0.03439272521163692,0.02555328322910774,0.07865097944924848,0.09222861443600389,0.11432857919387622,0.0017571564343280834,0.0378669845402935,0.1615715416251067,0.05307977036299651,0.04542468396420786,0.038627933456537346,0.06588276610283748,0.05058439109993849,0.09429267373051416,0.019457210346014938,0.03514363435872044,0.04102533692048867,0.10426991559030556,0.05422935740651338,0.027046187939357282,0.12219537683003356,0.08507553736647443,0.06356196425814355,0.019892428173312823,0.06551654894201865,0.15784646325867696,0.06175482815656476,0.03935005438836094,0.10155896546150484,0.20989097606091836,0.03845064532152613,0.27417998480996597,0.04292360038385886,0.01387351467132388,0.031193985106960725,0.12236543073654657,0.034867962672411844,0.035056425684755754,0.05101712555052155,0.0632434822655344,0.03004152838787338,0.12562638679141755,0.045200432058649556,0.22664699653928227,0.1076361019752512,0.04892163518420947,0.18694592172753058,0.06584863655866877,0.05735554479919937,0.19435376875942542,0.0421658790621041,0.1611631355227145,0.10364937774625661,0.12441356900095034,0.11840644712166468,0.01869083213487588,0.04982025888411105,0.055938634554263025,0.10409300769221103,0.07876470710772351,0.018806418396416683,0.22290272665912386,0.12450729421284275,0.04821058808631389,0.03633334323186749,0.09073026914828385,0.07058851242365444,0.020350234254141973,0.0314607697635493,0.11242857206816594,0.03357781202869811,0.03395120652051321,0.21095702757387483,0.06303752745103712,0.08553715656480743,0.0014734937643591185,0.127041027563886,0.03007671168660523,0.01612460411241117,0.2073555137067861,0.1265934144919582,0.05661462709928093,0.0014042345243768168,0.048619139107471364,0.20874618180906124,0.18186820160151645,0.09279965872048816,0.029383760512826113,0.04579692809366499,0.07882916111607614,0.14716545133457043,0.10190263505242705,0.16870580819916503,0.06421392437529953,0.07006921752847214,0.02642587952391636,0.0554855060325719,0.0241525457096305,0.04346231377022084,0.19373147860601644,0.0550416688137162,0.07601437163497518,0.10854730204208571,0.05092201320945591,0.2670740704633735,0.07565897206750936,0.2496359041853222,0.19629602978222907,0.07913518569135433,0.10114236738919029,0.04462283994352437,0.1334709007063108,0.07114096024572565,0.0054814593349430405,0.028912686395979416,0.07178921113168528,0.10430790309244155,0.03565841363186296,0.16172161237277496,0.11138415490383903,0.10708985912028696,0.030996936519047814,0.15669038074703903,0.07851951477554499,0.11777693041468404,0.05295063780666251,0.26566501185002683,0.035261434698328355,0.18719690702186523,0.025174039322353518,0.17061893930874097,0.09017447478088754,0.02243896273490084,0.07942359275213501,0.0507314920588211,0.03735839786408729,0.1364655702278823,0.029383760512826113,0.012161449214596332,0.03994451649516368,0.04570153127571757,0.015927063990360178,0.06675030899708037,0.004799042885886919,0.0656170881376967,0.22321178026943483,0.014956096707606049,0.061847437905578964,0.03542607471918619,0.04270954807646496,0.054938895266455595,0.05511425938721453,0.10060492240923555,0.04253325415890776,0.10738461346976483,0.037558283967565914,0.584049185076163,0.020598295357288864,0.25668347936274627,0.01869083213487588,0.273296513704592,0.022201433566264018,0.15955399352998592,0.13725806414437652,0.13725806414437652,0.049744736908177364,0.045376733613794906,0.052153667803229845,0.029446283759633547,0.18719690702186523,0.022190818518236684,0.06291784212017582,0.01348667430785373,0.25881898426779637,0.028358287807441887,0.14638398611707923,0.0899923145289757,0.11218261353333293,0.014415037939537852,0.10477976030004915,0.30318879799301185,0.15217526271752516,0.3027496569786528,0.04589467591825148,0.11402459448067369,0.16190114586296384,0.08969943217494578,0.08135120198795744,0.04401643776890336,0.023686072056975687,0.15919559162073024,0.060137038670072376,0.0537597443516009,0.04185138268959872,0.04768002594368225,0.012023196246579756,0.03544353092451041,0.08654471896219404,0.05692538241875496,0.09835796675412416,0.05952281701584533,0.05098374705089239,0.02029622361328579,0.10737095420916197,0.01907473378512423,0.0979135366345343,0.08949112162957971,0.010673337756590316,0.09720702222508476,0.08008595999373899,0.12252495912844875,0.0537597443516009,0.12865367008844464,0.0265530593515837,0.02794422929916819,0.07621505512326755,0.05472964640721986,0.034958360764687876,0.022901222912728655,0.20152512057686184,0.11174286545708143,0.05745113261848428,0.059802553182996904,0.02313783907768579,0.010581444816286216,0.034958360764687876,0.023826594959694768,0.1674209607725292,0.1076361019752512,0.1825014914548815,0.09975901395039075,0.06164151164633323,0.013484203769131214,0.06129987982429951,0.07261732845551341,0.016754799503522624,0.09805566740007637,0.07929262048894575,0.010394252366224313,0.05371547389741796,0.14687038373156372
rowId34,0.18283152742229947,0.0406149742766575,0.20989097606091836,0.03544609355570803,0.023846452282117396,0.05880646563927412,0.26566501185002683,0.15346551334662537,0.06496844226399118,0.04298511575898325,0.03983059066932128,0.023846452282117396,0.036846528821193866,0.3771672212472896,0.05758670702735719,0.05130884486760263,0.1166785550069508,0.11861451035848701,0.054280931684650695,0.02284163337380396,0.06356196425814355,0.10603764313892584,0.09857740111087837,0.0630038274757027,0.15784646325867696,0.0571866857956583,0.026585122090765596,0.1228991753105598,0.19014511813092702,0.009482827252723503,0.008136093675204323,0.07565897206750936,0.02399030813264455,0.03868360349542509,0.13468626386236254,0.028912686395979416,0.08152949166667502,0.19009898732459152,0.05058439109993849,0.032562388630048615,0.09280744993744025,0.052956487694236526,0.10879308328872195,0.08263987967781321,0.10729126503837018,0.0722395239920576,0.1382327865214983,0.18249217498805528,0.06264437487725902,0.039876557026929625,0.27036948105207664,0.029446283759633547,0.04276085660505043,0.08496200088294405,0.04095910770721359,0.09280744993744025,0.11412182255391809,0.1868962350416429,0.15627345005088242,0.06168446572573735,0.21415924083222407,0.05370653215934189,0.04998130919555556,0.049744736908177364,0.03514465642276618,0.04837986921081425,0.012802176579163431,0.013484203769131214,0.03045556880439479,0.02281560115399537,0.04300577383145825,0.1445093638682014,0.04095910770721359,0.09236449954720602,0.02447860325380291,0.02580952453634657,0.06644184695473425,0.03514465642276618,0.037378649224921054,0.03759004280874613,0.04222978811763968,0.06375824879173388,0.03875747499066945,0.11218261353333293,0.05109981097667743,0.15360233910270657,0.014661684040514657,0.02137279835562717,0.05696271235707727,0.04230443740330246,0.028547592901568733,0.03887950188492328,0.4140068328953792,0.10603764313892584,0.021580403233670803,0.07755929807815137,0.014661684040514657,0.10491625862270752,0.036230841073632856,0.05940037972146779,0.07241697745172099,0.025271682694782034,0.04185138268959872,0.07101758254728814,0.2606536427728311,0.04821058808631389,0.08008595999373899,0.0907346183323277,0.07730301579951251,0.10854730204208571,0.009681513657680633,0.0014195172520296124,0.11288499704623164,0.14190502455906753,0.015241665720065582,0.049744736908177364,0.11122896499749457,0.07876470710772351,0.044860885474410195,0.30435797541633286,0.029943120478630375,0.006246975601047956,0.04641012420267559,0.051366119186550645,0.04795333646108831,0.07070226275940979,0.07261732845551341,0.03798354132414837,0.04542468396420786,0.10364937774625661,0.03759004280874613,0.14871072430793672,0.1711454650785608,0.07389922166867542,0.06107495036395189,0.05945534751366567,0.027763038657373913,0.004252289108198878,0.05578830709588376,0.016980287233531125,0.0628343017848615,0.043145974762119024,0.030614514599098204,0.09304335223163059,0.029105527801113307,0.035617739209091205,0.11133391901952686,0.20540485068688014,0.10874647795539916,0.08924529259492195,0.062430280141366375,0.0490379695395885,0.04372229617401926,0.11726927412993757,0.06873054017857778,0.18666027209475722,0.06631257114977637,0.27036948105207664,0.05861421065705314,0.04346231377022084,0.023828379467334102,0.056891079170697266,0.030801362127112646,0.002450277267931671,0.0208339993927098,0.12410549086147098,0.11174286545708143,0.22105905987919588,0.2199627082215403,0.0541445986603901,0.06922884638999138,0.05578830709588376,0.07988827723680285,0.06194984082576789,0.11402291709174132,0.03814931609514115,0.039463191802789024,0.04641012420267559,0.11960470280766451,0.01970153680309463,0.03231724629731043,0.05882174479512728,0.019663016356227418,0.03004152838787338,0.03839846356265713,0.023828379467334102,0.036230841073632856,0.06620182671010647,0.01976819149240272,0.08654471896219404,0.09704550650974093,0.00723332362833648,0.020122083008015757,0.1788227873389219,0.08226846302831745,0.07720896244367571,0.03854625184302271,0.08481315466306634,0.07886327830220485,0.05081679252632302,0.026980568448242415,0.1369968788708034,0.21463072383043022,0.030614514599098204,0.0507553338290804,0.07734764030560726,0.09510212707801179,0.019287301519781058,0.01666493942349854,0.12410549086147098,0.05578830709588376,0.13315991708683086,0.04253325415890776,0.05995406151271267,0.10751684760680322,0.36799292665354805,0.0329315213687575,0.06707224149513806,0.1323933915099046,0.030396685805813638,0.1040932907750545,0.0030499094301360435,0.04213882884517572,0.03357781202869811,0.08924529259492195,0.20537268538925627,0.04162392941264945,0.08000910597483264,0.07486977280851757,0.02399030813264455,0.18249217498805528,0.1323933915099046,0.1427773981478607,0.21463072383043022,0.12450729421284275,0.09555741616989258,0.03574794240080859,0.3428503142213519,0.017766762353292203,0.1447976279773046,0.0555072862063709,0.04837986921081425,0.015352563380492361,0.04727763522576811,0.02419396447389655,0.022052915920142253,0.3003177616492855,0.016063735838563173,0.10477976030004915,0.03084410864312551
rowId35,0.1563681993870599,0.0363676403973819,0.012961469731987266,0.15962122246056037,0.014661684040514657,0.03633334323186749,0.11445004906312639,0.10007624563057085,0.07262101302967139,0.020889833352379115,0.18426750232774555,0.03307704851652938,0.21476115788320732,0.041846755170547624,0.04727763522576811,0.20720819671893126,0.19248095965164957,0.05305495148621203,0.03835395733374427,0.08684442825395526,0.039876557026929625,0.04804952846042931,0.05694070031043384,0.062430280141366375,0.0576500574178649,0.010467376051495317,0.10854730204208571,0.07565897206750936,0.06115579624633521,0.11138415490383903,0.02660472372197752,0.06629030525291289,0.04608240081918501,0.07929654641953629,0.051602939631941826,0.10897046204943009,0.04744942273940095,0.046092288886077,0.25881898426779637,0.0025689959322691643,0.10724947234195165,0.09519306227719453,0.0754669708164873,0.05740994371397918,0.014399625229580902,0.03386979239732146,0.10534266627030402,0.03835395733374427,0.15669038074703903,0.1825014914548815,0.13079995882111786,0.09545180886436631,0.03520400737034127,0.0505517010170282,0.07451204275514442,0.034695106210996585,0.23158276126519725,0.07627885643610594,0.11593151931672963,0.021118410496397552,0.24358307554122477,0.02284163337380396,0.04126416055933206,0.10337740311861805,0.08034193349068149,0.15673013638471428,0.012715153096983886,0.06303752745103712,0.10112773277521184,0.06039117806019295,0.0030499094301360435,0.1364791135843468,0.2642019076465018,0.05339413863343843,0.014981903813317581,0.1052622382613658,0.032359818370631226,0.022573770900477633,0.02281560115399537,0.12251165950289139,0.0657465267103825,0.09361426491082366,0.09703680934456076,0.06825487503589651,0.04097984159837939,0.2746187737836757,0.06715841591553207,0.06216262999539586,0.1283805700797791,0.12626963953472042,0.08924529259492195,0.10038473659025345,0.11928874304104242,0.2153453683839955,0.02419396447389655,0.1550396469231862,0.0597815607672343,0.06796177011202863,0.0845594630992321,0.07915161640724724,0.20476934866778262,0.04817075298797411,0.063784276915804,0.16613313457885215,0.11529490747573133,0.02012066757282389,0.12507654866951376,0.1860946727606127,0.10724947234195165,0.012587335184230724,0.1640993206899182,0.3037920355828678,0.034192443862057706,0.16842985562662227,0.03514465642276618,0.020345966248878473,0.005679349701945355,0.18978437954448157,0.032818997701746046,0.12526723464431033,0.16256286021822472,0.06113316301368413,0.14399552386602338,0.03590586360127347,0.0576500574178649,0.1696726005404289,0.024124754485251945,0.051082808073531286,0.004332332792757682,0.09487925635320633,0.08507553736647443,0.05005063723535282,0.1320554396711257,0.04573619491427452,0.06111234514641131,0.16061958142217606,0.017430691886933358,0.09769224153143184,0.012802176579163431,0.05098374705089239,0.4999321195827659,0.36457726444627037,0.07797456036523379,0.3037920355828678,0.044049624822995334,0.14365904546732117,0.14129435327272127,0.012587335184230724,0.13949900142465416,0.03005283459482651,0.06420564322210497,0.10534266627030402,0.05686893322128239,0.021030671122743688,0.18003070762950393,0.026585122090765596,0.03961435402692669,0.1323933915099046,0.1655563823290761,0.10729126503837018,0.3334925090390668,0.04292360038385886,0.15778891138703702,0.18283726985167884,0.0555072862063709,0.1137250587043581,0.05357940536723349,0.019287301519781058,0.0533719563635346,0.11445004906312639,0.021580403233670803,0.023686072056975687,0.07037567900853456,0.08377775022095811,0.013409590494440833,0.025271682694782034,0.061844400965221764,0.14143183671796988,0.15758099506012443,0.08600653786498069,0.13625357738901228,0.07865097944924848,0.057363782537312245,0.21825403355153195,0.10325348019017183,0.2644690882345289,0.022190818518236684,0.0010202824078819834,0.2186621908474496,0.2333867513310674,0.08226846302831745,0.022386710360606483,0.08865993303919399,0.11458761931764577,0.05578830709588376,0.049508764798018974,0.025197618312624327,0.014956096707606049,0.11523398534945531,0.03733659973021283,0.04132392199381643,0.03681645588138558,0.03240034146396136,0.01612460411241117,0.07117167890071133,0.02452123900545794,0.013653968348247239,0.1310381700263656,0.019457210346014938,0.1911796698425654,0.034911584713727004,0.02664862240992076,0.01387351467132388,0.1320554396711257,0.30435797541633286,0.11593151931672963,0.11618044237816691,0.0395962715405713,0.09340039086107733,0.06924378137890005,0.10241594063559417,0.3148892573261145,0.0329046009050689,0.1228991753105598,0.019496038612461016,0.2078788065117053,0.2506406475823802,0.03994451649516368,0.03350840518769029,0.08429347150409369,0.0010202824078819834,0.1640993206899182,0.0277221587397961,0.07441619064437292,0.062303464678621655,0.11836588863489117,0.10006566146445842,0.1029843243690421,0.07125929557042193,0.19629602978222907,0.02664862240992076,0.36062337047888127,0.13106381999870861,0.08230037117986294,0.016973271370151134,0.04817075298797411,0.03772199700644724,0.00424493197697294,0.03217564722898496,0.07913518569135433
rowId36,0.27926771393662286,0.02116821400719217,0.02385857807363168,0.03983635869480125,0.02002952840479787,0.05259667703816095,0.09622246946358516,0.05360222657306117,0.07044365083545326,0.1367338401089776,0.027606168990960488,0.0962274436407269,0.03127487733751449,0.14129435327272127,0.10085216866489953,0.08914338531565498,0.023702634221545157,0.020064425577496253,0.026585059228289947,0.1518192802005353,0.008203217482846543,0.45997384824528237,0.11124057942966953,0.11740460218514133,0.04095910770721359,0.1297611414039591,0.08657086839348747,0.024663062392871464,0.0629887879839539,0.0890191691639798,0.03845064532152613,0.1321701883802027,0.07709042215528919,0.22321178026943483,0.055256227649755706,0.020982432959834096,0.0009565827979865296,0.026146505080541723,0.029339572424451857,0.3556424361647484,0.041880081706703216,0.11402291709174132,0.08569440272150812,0.059802553182996904,0.13323027286096276,0.13357245140683496,0.045360789929056525,0.0527981832657547,0.3175120038808173,0.2469646889848434,0.2483154695117704,0.11458761931764577,0.1137250587043581,0.1647014841231385,0.10854730204208571,0.11626584452197324,0.04921266724526593,0.009681513657680633,0.05916657597753136,0.03530475507284041,0.14190502455906753,0.1381458096349222,0.3771672212472896,0.06825487503589651,0.06838553160708132,0.03957776695492004,0.1003528810059929,0.02049398507016983,0.1141660897894949,0.07397354572993337,0.020122083008015757,0.03357781202869811,0.03899315372958534,0.08029710466537372,0.07152735509648726,0.08684442825395526,0.0571866857956583,0.15627345005088242,0.11288499704623164,0.11412182255391809,0.0823375638533397,0.062303464678621655,0.10138195455992095,0.19009898732459152,0.048884152836856834,0.05305495148621203,0.2548275354194706,0.026426546782911408,0.2091523714731809,0.053866987442392295,0.0035574907143634156,0.0606517689478234,0.03351405703448733,0.07922861220116825,0.11245629191416737,0.08034193349068149,0.17638607500940456,0.3556424361647484,0.030693479075619284,0.20649467464612828,0.043406679589960986,0.18057994137607258,0.10334672978344611,0.18449154832084794,0.07037567900853456,0.03753501969203252,0.020498449919657748,0.10904500645234083,0.025392678101793305,0.03726148697091725,0.04126416055933206,0.0984254873172523,0.025897385529207652,0.09272063992965827,0.23861576314397512,0.07797456036523379,0.024771235204193724,0.05436874168032864,0.33918533192477185,0.1159413949746028,0.03633334323186749,0.11538145086578852,0.06279852860220687,0.021772511529288482,0.03305393741437245,0.02313053330121862,0.16592845940929335,0.03387497164470329,0.03991607894800064,0.055217181988922066,0.13886235682904702,0.0899923145289757,0.059480149237931254,0.13315991708683086,0.1911693802116228,0.03501514193951451,0.020756155523585302,0.009482827252723503,0.0313772043267731,0.04647464526117058,0.05861421065705314,0.04774728846850738,0.1040932907750545,0.03705585238141802,0.030614514599098204,0.25169580570047323,0.036405905071761224,0.0461850859364933,0.00193613108216705,0.14632140965753745,0.07720896244367571,0.0632434822655344,0.022198968675706938,0.062888714605575,0.026336588642208864,0.08135120198795744,0.02002952840479787,0.05210881518392313,0.1246497705187889,0.06071106900104466,0.022386710360606483,0.10048285662540822,0.012126675197217269,0.0181559662694938,0.020242087393360333,0.09304335223163059,0.11402291709174132,0.20874618180906124,0.04791447870766466,0.1141660897894949,0.03520400737034127,0.078934870899722,0.10337740311861805,0.1137250587043581,0.05722470980939253,0.030439379557517934,0.0399806288070988,0.08060394579563751,0.049131978517202565,0.026263694827171676,0.047635917976653605,0.08685234331831665,0.02774020260628076,0.03211573957942239,0.01988777446856482,0.1789225102535176,0.11700851988804442,0.036601858906629224,0.04071275281232493,0.09244417169740099,0.07586344697981773,0.012023196246579756,0.004317486260476565,0.18353317167795255,0.24967309262222043,0.07006921752847214,0.045616126317840226,0.17492427915422573,0.10708985912028696,0.025031390642341268,0.028348923763038197,0.036291896834200026,0.07170174788096212,0.05487583547021357,0.0519431516812059,0.10334672978344611,0.2578014176647156,0.04608240081918501,0.016754799503522624,0.10112773277521184,0.16870580819916503,0.008281152186413676,0.027980646120439018,0.1357760968140226,0.02562141734791899,0.0962274436407269,0.04990213832453254,0.04261959859366956,0.0890191691639798,0.12236543073654657,0.09880416150985406,0.09704550650974093,0.09734795100242262,0.09880416150985406,0.09206805513314008,0.15530946107413995,0.03052038560590705,0.03849441112147166,0.13478958388347761,0.05486084811073825,0.039097178403433,0.09593659412577094,0.06306523644878903,0.16364977061611355,0.15868440580585322,0.023099802747534592,0.037452485883362904,0.0984254873172523,0.06873054017857778,0.04463339559281491,0.06867273616548764,0.024771235204193724,0.15249242112043093,0.06053595980176759,0.062350729694423915,0.11700851988804442,0.16181108040061645,0.10444233613991619,0.0024663782729773404,0.12410549086147098
rowId37,0.04817075298797411,0.04645193071360075,0.03299054287185349,0.033358740680036456,0.0397050772708996,0.028715490854207354,0.08448792858324237,0.08786929151668124,0.07228921937305575,0.06169254292998417,0.1052622382613658,0.20857655664498323,0.022386710360606483,0.584049185076163,0.1111333338491525,0.01277488990260344,0.23303426545035244,0.07486977280851757,0.09025769470979908,0.054763426404342466,0.04094085519318643,0.04804952846042931,0.09510212707801179,0.05147005307257128,0.16172161237277496,0.028547592901568733,0.03503989682772746,0.08553715656480743,0.11523398534945531,0.11837185643558287,0.06715841591553207,0.04917032852208639,0.03983059066932128,0.19822721863685178,0.0017571564343280834,0.06306523644878903,0.13396855290030701,0.13072710424841222,0.06496844226399118,0.1250324649912175,0.043406971336301,0.18666027209475722,0.037378649224921054,0.02840389634552638,0.02113556481743805,0.035363195774129205,0.3260595187431702,0.029383760512826113,0.11052145071876468,0.09899324295735384,0.06175482815656476,0.0576500574178649,0.021654483572879402,0.11882071775636806,0.05916657597753136,0.10155896546150484,0.08060394579563751,0.05058439109993849,0.04107797825956584,0.011030822511195562,0.015258459652880734,0.14003920305160011,0.08042163712152642,0.035056425684755754,0.07438060590537096,0.036601858906629224,0.07710780672072709,0.15967368453543784,0.03294574279750345,0.03550697569405258,0.06620182671010647,0.19016002304180096,0.0522210458533132,0.061844400965221764,0.1356380804867504,0.2106587338270038,0.025392678101793305,0.36400503546692115,0.08553715656480743,0.19223830649177262,0.05513978848235159,0.03681645588138558,0.03425876494478175,0.025333958859089768,0.13316941358652512,0.07117167890071133,0.032952065867482595,0.17158028346212587,0.11245629191416737,0.02957582199534259,0.04879590076482457,0.11402291709174132,0.03501514193951451,0.1386428392245063,0.024871013115369402,0.18003070762950393,0.10328477219772461,0.024098780808221292,0.04795333646108831,0.05081679252632302,0.022197490518024013,0.07995188821965497,0.33918533192477185,0.04585573014994079,0.008422735088664578,0.02029622361328579,0.042797119164057644,0.05170643345835024,0.07467052724840187,0.051853501696350786,0.10155999662551508,0.03561139959328582,0.09438867908508199,0.043406679589960986,0.029339572424451857,0.0771158955617825,0.26785683595267257,0.03848727934251136,0.06377588926060201,0.10921701078819221,0.04083088049915265,0.037378649224921054,0.0010202824078819834,0.03868360349542509,0.06313882087780895,0.06039117806019295,0.12319189475464339,0.015258459652880734,0.08008595999373899,0.08966850965032691,0.06149509908870966,0.08079510604588554,0.028912686395979416,0.045509685059433785,0.024245729366474,0.057214840644141694,0.18694592172753058,0.08545342411244973,0.03835395733374427,0.07926505648786575,0.07170174788096212,0.0402292473641634,0.21476115788320732,0.10155999662551508,0.07178921113168528,0.06631257114977637,0.03530475507284041,0.020498449919657748,0.08600508125519364,0.13464322407379928,0.10241594063559417,0.1879263109057972,0.08060394579563751,0.05769832902229535,0.02002952840479787,0.05992858240965832,0.14825661287507363,0.03705585238141802,0.07037493381792351,0.034210362222606545,0.03486464801397875,0.2523686063220783,0.03113679629243459,0.11700851988804442,0.015067319578338617,0.050978000566798576,0.06080458903783766,0.015258459652880734,0.028255731759402766,0.024377994979228636,0.09361426491082366,0.027146168235100094,0.3334925090390668,0.054129586089871874,0.2078788065117053,0.123826265711517,0.16061958142217606,0.021067898405439718,0.11362113880128479,0.08800441714809738,0.04631310994474407,0.017800098837098807,0.03409757716207294,0.2746187737836757,0.009256460734643968,0.03004152838787338,0.09939811435029541,0.09045302062979264,0.10250890973583873,0.12941427028674948,0.11077466046246393,0.17956653351301535,0.0439131798692914,0.013145015428794026,0.2999375541180197,0.011030822511195562,0.11365898223390919,0.2746187737836757,0.023550772814327676,0.10355086589252654,0.05986381853936585,0.14335025920532107,0.11523398534945531,0.11186074983563712,0.11273450456651479,0.02562141734791899,0.27926771393662286,0.13091803247248263,0.013003491916629327,0.172012297833012,0.03633334323186749,0.3391137012024435,0.0764087364420143,0.26279658803543204,0.12558596605576303,0.05147005307257128,0.0876026134183375,0.14825661287507363,0.09429267373051416,0.12912460435442497,0.06103237777299579,0.07767994817908282,0.30318879799301185,0.22290272665912386,0.04821058808631389,0.11273450456651479,0.16316697912643482,0.05686893322128239,0.055774104685159004,0.05098374705089239,0.2394309350208083,0.02278187826579537,0.20959641478555013,0.05769832902229535,0.07876470710772351,0.1364655702278823,0.058789740339478584,0.1932187420887361,0.04056119255652058,0.05393921197358413,0.004317486260476565,0.07710780672072709,0.04251837313333597,0.1357760968140226,0.06390620491701236,0.0643135158345426,0.09545180886436631,0.06584863655866877,0.0630038274757027,0.25635908080830144
rowId38,0.16592845940929335,0.019892428173312823,0.12425308649778367,0.05886391966927162,0.11882071775636806,0.07755929807815137,0.02580952453634657,0.02361421532171209,0.05735554479919937,0.05487583547021357,0.040202306975338144,0.011353764515775563,0.0899400568571098,0.12347727137335505,0.034000464186655505,0.24967309262222043,0.35371062299421097,0.04305512182419307,0.10738461346976483,0.013484203769131214,0.06203184337028378,0.04816170391689469,0.06896073906595404,0.051141409945534407,0.06455453056223481,0.013653968348247239,0.04804952846042931,0.08000910597483264,0.09427147148233736,0.12562638679141755,0.05330037918976837,0.07090457711116659,0.03248835396083318,0.03486464801397875,0.03137587953540144,0.0490379695395885,0.033506658653691006,0.058487495737945545,0.05098374705089239,0.05092201320945591,0.1466377351705964,0.043430434770496025,0.0474565992792932,0.07261732845551341,0.1215872123146998,0.03766539871962317,0.04525431632382581,0.02613129831130594,0.14510798968466007,0.15388354988563785,0.11614626967264054,0.17419125449951103,0.1357009020748816,0.04267621179097056,0.08079510604588554,0.036291896834200026,0.004252289108198878,0.05393921197358413,0.078934870899722,0.029356870216574262,0.049024242005896064,0.09720702222508476,0.05147005307257128,0.012302249161072084,0.029826891600890564,0.05472964640721986,0.03648124451396212,0.015960476247937345,0.14371991382089253,0.051082808073531286,0.0537597443516009,0.3594849603243823,0.053866987442392295,0.11124057942966953,0.08226846302831745,0.0878045545547013,0.12138970524070905,0.1115905840203343,0.02629983587546414,0.026980568448242415,0.028912686395979416,0.03523405384106503,0.05850393617212031,0.11103531492787581,0.0890191691639798,0.047113868993233096,0.07438060590537096,0.04444735794264896,0.05330037918976837,0.07209222732767491,0.09812427323413456,0.12138970524070905,0.05393921197358413,0.16331513308486978,0.00193613108216705,0.27036948105207664,0.05745113261848428,0.16552069044415763,0.046607082917171326,0.018844236993921484,0.1334709007063108,0.05460540520056117,0.13671306362195296,0.022386710360606483,0.1380096912362205,0.017450624484275826,0.06924378137890005,0.10006566146445842,0.021922161283611755,0.02113556481743805,0.06435750665381641,0.05095963412617053,0.05305495148621203,0.09094831663440615,0.11445004906312639,0.06319030421927102,0.36368055324122,0.021527467005206555,0.15919559162073024,0.02381888579015437,0.072099642549982,0.08654471896219404,0.11118440660788745,0.13289247623394812,0.03735839786408729,0.0024663782729773404,0.001393729645481836,0.02081028375652667,0.025392678101793305,0.07379161689293162,0.020756155523585302,0.06306523644878903,0.0635494061796558,0.027504269865620715,0.13022584200540502,0.012161449214596332,0.043430434770496025,0.0710315829658983,0.0890610933244565,0.021922161283611755,0.06114028361909431,0.022546309686991825,0.10307852310271426,0.04370905553095802,0.08380283722038466,0.010343023728082419,0.06201881903401059,0.03942154954513675,0.0771158955617825,0.012134930745230818,0.4100194020764493,0.16552069044415763,0.1754565304756922,0.09772256989304996,0.06860051948882322,0.02696476681248785,0.16340254510766541,0.34891311677638054,0.11245629191416737,0.055938634554263025,0.044667915145341616,0.04462283994352437,0.03518168490499371,0.03942154954513675,0.036763862238349515,0.04251837313333597,0.09812427323413456,0.03045556880439479,0.36457726444627037,0.028303357240390212,0.1823869310687453,0.0772783426344131,0.06551654894201865,0.0378669845402935,0.037500805942635745,0.02613129831130594,0.1631943737956888,0.0968109961971932,0.0465363904616811,0.07103377565029463,0.024124754485251945,0.045360789929056525,0.03351128377193219,0.172012297833012,0.38875735910827086,0.014661684040514657,0.08352530227143147,0.07215257276062831,0.06631257114977637,0.008293484545749671,0.10307852310271426,0.19690434088246628,0.034210362222606545,0.03848544513246123,0.22929229968146284,0.1052622382613658,0.08970485982576791,0.03409757716207294,0.03193248632198632,0.19629602978222907,0.01817424356802463,0.010399175499135192,0.060137038670072376,0.11144192143260966,0.016588984493490472,0.07137774300691742,0.012216891820285111,0.13022584200540502,0.08566758211999098,0.1447976279773046,0.1185385584173658,0.04256926151243291,0.12865367008844464,0.027839708058538748,0.08214468497383062,0.179143948589297,0.11593151931672963,0.093388886946188,0.027694535126016932,0.021527467005206555,0.06107495036395189,0.19320656892222257,0.1873828912940007,0.07262101302967139,0.03666282831631107,0.03307704851652938,0.006801340860506317,0.12347727137335505,0.004975004103988152,0.02351782199413517,0.09543251971003722,0.15664252575486765,0.07194821538076857,0.039872841557605905,0.08482614416438125,0.05330037918976837,0.13464322407379928,0.03610503296908216,0.2076241358354501,0.05580781562436631,0.2469646889848434,0.10904500645234083,0.08041896053972508,0.03307704851652938,0.14371991382089253,0.07170174788096212,0.023580556072726674,0.01678977509604229,0.025817662585343973,0.03005283459482651
rowId39,0.025355727280114457,0.05805212147369039,0.027980646120439018,0.19629602978222907,0.08963884549822916,0.022386710360606483,0.10668520722708796,0.13671306362195296,0.07220956990215752,0.0300759063062323,0.018291443294187214,0.07734764030560726,0.007269746988188503,0.08970485982576791,0.09720702222508476,0.0673440682358704,0.004004509703717296,0.05618891157550481,0.030328569389991258,0.09361426491082366,0.15962122246056037,0.02002952840479787,0.027146168235100094,0.010343023728082419,0.045509685059433785,0.020498449919657748,0.019892428173312823,0.02049398507016983,0.06496844226399118,0.15427323840338192,0.07170174788096212,0.10922571722489388,0.055084569082919255,0.12865367008844464,0.05339413863343843,0.10902995955306398,0.06556312471448641,0.027046187939357282,0.07206168782554961,0.17822411405818522,0.08970041153957714,0.2417907223928248,0.16181108040061645,0.049508764798018974,0.03822996370629155,0.10402096773709571,0.12410549086147098,0.15427323840338192,0.045360789929056525,0.03235682904790616,0.024365487239746613,0.2746187737836757,0.09699257399247305,0.15249242112043093,0.053552928875930855,0.029291059936358436,0.05005063723535282,0.14988539535299075,0.0031098328052653304,0.11840644712166468,0.04509791694775669,0.027663159557689426,0.013081264351617305,0.08579832894478713,0.05086519017247306,0.14146683755353875,0.12558596605576303,0.07037567900853456,0.05109981097667743,0.008422735088664578,0.1479456936785445,0.007194636632862728,0.063784276915804,0.060795326079078026,0.03905296466375901,0.05758175040859915,0.26149081198054147,0.0360755870758148,0.055938634554263025,0.019127231002087627,0.11538145086578852,0.04370905553095802,0.09510212707801179,0.20959641478555013,0.15388354988563785,0.03439272521163692,0.02580952453634657,0.028906179387724443,0.03590586360127347,0.019496038612461016,0.052083190847696914,0.11909544926042755,0.0402292473641634,0.036763862238349515,0.04424430627846097,0.034058891602593,0.028010747977871408,0.02520256731126624,0.09959952523575737,0.07993950078430732,0.3428503142213519,0.02629983587546414,0.0201585408420951,0.07593919617160745,0.006885013636356038,0.10639914686488107,0.052083190847696914,0.015335599796271132,0.045922997763917076,0.1178912662492186,0.1825014914548815,0.14399552386602338,0.02783085768444364,0.09074726331961366,0.0429850759827676,0.027739673843593833,0.18350589336633658,0.029237766048682105,0.018979402176076767,0.09361426491082366,0.09073026914828385,0.1562688333715234,0.06867273616548764,0.08938879861991139,0.015960476247937345,0.01986848339245085,0.1792834397466763,0.13914740977622023,0.03121060153353462,0.024771235204193724,0.17638607500940456,0.012944281733999176,0.036291896834200026,0.09720702222508476,0.05735692628781611,0.028943925314967582,0.09811087086971863,0.023702634221545157,0.0397050772708996,0.041880081706703216,0.21804882164329722,0.2111621141291003,0.2223604653132783,0.025174039322353518,0.07114096024572565,0.07800111967087671,0.08914338531565498,0.0890610933244565,0.009681513657680633,0.05370653215934189,0.0485374725560171,0.19186399792315867,0.05090188545054481,0.03633334323186749,0.18583451268168535,0.10349991225940729,0.0954788470012861,0.03518168490499371,0.05104160610971572,0.49528609136595186,0.023702634221545157,0.08472293367978442,0.05636390858181385,0.1825014914548815,0.0325779914417661,0.04647464526117058,0.043763658440362514,0.06584732067285312,0.020247981163211536,0.1323933915099046,0.03163575376733747,0.033106713589935485,0.30124595258678216,0.04321949947062577,0.11118440660788745,0.06203825029697983,0.02002957821666919,0.09156471727650593,0.16331513308486978,0.20874618180906124,0.03045556880439479,0.029507745076402716,0.05735692628781611,0.026876565589276938,0.2219849138281642,0.14011744072666557,0.03633334323186749,0.02580952453634657,0.06605031758532445,0.09820919447804341,0.033290774643300255,0.04370905553095802,0.15258766027551868,0.1562688333715234,0.023844478287064486,0.054763426404342466,0.033097731182593564,0.0618648465896002,0.3197689405850322,0.08148668066719446,0.23725070138533247,0.03315502653878524,0.12361762312368559,0.015927063990360178,0.3229171991097377,0.36457726444627037,0.06458494506397139,0.055256227649755706,0.1640993206899182,0.05995406151271267,0.13725806414437652,0.17638672838815636,0.11061162161675382,0.220292524920484,0.05210881518392313,0.11867710015527264,0.03121060153353462,0.14003920305160011,0.08800441714809738,0.07309631450339381,0.10039594338350237,0.08800441714809738,0.09165802437935143,0.10328477219772461,0.018425671901617,0.23303426545035244,0.016973271370151134,0.06216262999539586,0.15967368453543784,0.06707224149513806,0.11174286545708143,0.01970153680309463,0.23158276126519725,0.03217564722898496,0.010196507717486642,0.045791771541429424,0.05061685740582469,0.0673440682358704,0.15778891138703702,0.012366508001763019,0.49528609136595186,0.13949900142465416,0.05147005307257128,0.20874618180906124,0.08148668066719446,0.26913692879840234,0.07621505512326755,0.03520873620064968,0.054280931684650695,0.02635623173074948
rowId40,0.033506658653691006,0.1323933915099046,0.025897385529207652,0.025311766711087064,0.03530475507284041,0.1825014914548815,0.11276069009873572,0.014951362342960125,0.03235682904790616,0.05098374705089239,0.032264556125907624,0.1550911996168274,0.036405905071761224,0.054280931684650695,0.0313772043267731,0.028599325313790534,0.030693479075619284,0.01986848339245085,0.10038473659025345,0.04879590076482457,0.048464710066720464,0.02012066757282389,0.33732251758153786,0.03121060153353462,0.11755973381021978,0.057983344683024504,0.19223830649177262,0.030801362127112646,0.09760076578435951,0.10294895835231888,0.10085216866489953,0.0857171521604164,0.11133391901952686,0.03794816822754598,0.24094477657595723,0.02555328322910774,0.16061958142217606,0.03193248632198632,0.23725070138533247,0.14687038373156372,0.01869525894530098,0.15530946107413995,0.1265934144919582,0.03211573957942239,0.03849441112147166,0.22080184262869307,0.028348923763038197,0.04321949947062577,0.27554240885943343,0.020756155523585302,0.025197618312624327,0.05460540520056117,0.012023196246579756,0.016588984493490472,0.03753501969203252,0.017450624484275826,0.22080184262869307,0.0359447612391452,0.07851951477554499,0.23095548830597412,0.06090742961770446,0.1380096912362205,0.13949900142465416,0.07252304152301488,0.19373147860601644,0.054129586089871874,0.16613313457885215,0.05722470980939253,0.013081264351617305,0.07486977280851757,0.13323027286096276,0.062350729694423915,0.27926771393662286,0.017766762353292203,0.016588984493490472,0.14112762206315058,0.05248745394216506,0.16181108040061645,0.0030499094301360435,0.0954788470012861,0.02263917793753184,0.38875735910827086,0.024124754485251945,0.024618591499328494,0.1562688333715234,0.07261732845551341,0.03240034146396136,0.1381458096349222,0.2496359041853222,0.3175120038808173,0.11118440660788745,0.10639914686488107,0.01907473378512423,0.18694592172753058,0.06203184337028378,0.14718307939982944,0.07915161640724724,0.03706550616195868,0.039872841557605905,0.142594228576919,0.14141812516099347,0.16061958142217606,0.1834345178956457,0.05104574543442532,0.021157916276166023,0.10605325488426509,0.039295265544470714,0.08481315466306634,0.059802553182996904,0.10334672978344611,0.03187190381782426,0.040845637903666084,0.05686893322128239,0.03674381607780177,0.020991286417138856,0.2159207442663503,0.028255731759402766,0.1265934144919582,0.11963798953386495,0.026861697918467726,0.03299054287185349,0.09704550650974093,0.04300577383145825,0.05390023838106589,0.0068412080772048455,0.02783085768444364,0.016137772223863426,0.1674209607725292,0.08566758211999098,0.15968786781821426,0.09820919447804341,0.02555328322910774,0.09017447478088754,0.1640993206899182,0.19223830649177262,0.027146168235100094,0.27036948105207664,0.025174039322353518,0.06123350526234784,0.14399552386602338,0.19194275096689792,0.05986381853936585,0.04203818600440162,0.03231724629731043,0.08966850965032691,0.06867273616548764,0.06390620491701236,0.012382517878824474,0.00176492202251769,0.036291896834200026,0.057983344683024504,0.09073026914828385,0.08429347150409369,0.0673440682358704,0.0904686580562412,0.0555072862063709,0.0429850759827676,0.047691580699675384,0.046607082917171326,0.04298511575898325,0.5570239156008115,0.00723332362833648,0.09226955809382711,0.12526723464431033,0.030693479075619284,0.2534575377415102,0.30124595258678216,0.029383760512826113,0.08000910597483264,0.21384661491077844,0.03351128377193219,0.061847437905578964,0.0329315213687575,0.13421121227743957,0.0474565992792932,0.02760353810210546,0.19078411262500236,0.1316345418035157,0.11338932753021252,0.033301821495489534,0.028351876179501967,0.13396855290030701,0.0824477990648991,0.14764441014550456,0.07329327435539988,0.08814272218469847,0.04821058808631389,0.08079817537731275,0.012095021669586549,0.07710103079442301,0.13091803247248263,0.011239942713006513,0.028599325313790534,0.07262101302967139,0.07810796492859388,0.012023196246579756,0.036846528821193866,0.0208339993927098,0.03493008876530704,0.11575658288256026,0.0277221587397961,0.06264437487725902,0.16266482666147805,0.08583343789693548,0.03386979239732146,0.16689987759202496,0.036601858906629224,0.07734764030560726,0.05170643345835024,0.0054814593349430405,0.15525234849131536,0.014956096707606049,0.1754565304756922,0.26913692879840234,0.06468796458830008,0.07785515459993708,0.021055835138022262,0.17956653351301535,0.026276556651016393,0.15868440580585322,0.06791251188713673,0.055938634554263025,0.06250205948427942,0.007194636632862728,0.07194821538076857,0.20152512057686184,0.01869083213487588,0.1341652501913408,0.06082818198831625,0.06679846799465182,0.15669038074703903,0.06675030899708037,0.03514363435872044,0.01987491124064308,0.0984254873172523,0.15868440580585322,0.09699257399247305,0.2632336066482097,0.09429267373051416,0.19562540965975656,0.07929654641953629,0.02225068215494732,0.13315991708683086,0.051824934045968406,0.04952331415873677,0.06207113531016131,0.029446283759633547,0.004317486260476565,0.0017571564343280834,0.06250849925275137
rowId41,0.050749717000185206,0.14952523046457591,0.10279955933541127,0.04516920421558451,0.2153453683839955,0.07881535331481296,0.054214800583152645,0.12563750103973415,0.20540485068688014,0.18191540179836385,0.08566758211999098,0.06841565862114168,0.13357245140683496,0.07627885643610594,0.2670740704633735,0.03612476729242831,0.15758099506012443,0.03045556880439479,0.028351876179501967,0.02002952840479787,0.12987758190099027,0.09340039086107733,0.02313783907768579,0.030153517681651424,0.036291896834200026,0.01986848339245085,0.03798354132414837,0.08907090607325127,0.05005063723535282,0.13162212883887994,0.05834458195742017,0.012134930745230818,0.26566501185002683,0.008281152186413676,0.04820576052431156,0.11777693041468404,0.11538145086578852,0.11840644712166468,0.044049624822995334,0.13315991708683086,0.020350234254141973,0.13829512470271474,0.0695040546611142,0.05259667703816095,0.3061785138368613,0.09300221264141717,0.005005215016144767,0.02385857807363168,0.03822996370629155,0.18628808680826586,0.07113296854299447,0.2003959170726871,0.127041027563886,0.0474565992792932,0.06291784212017582,0.036649896912632624,0.14147342497775015,0.012161449214596332,0.03530475507284041,0.01277488990260344,0.03948408970897994,0.43441487236169335,0.1447976279773046,0.10485570365903252,0.1412294811690744,0.03045556880439479,0.15243063322524364,0.2186621908474496,0.0395962715405713,0.0017202596135649285,0.0979135366345343,0.006246975601047956,0.04462283994352437,0.06377588926060201,0.005679349701945355,0.02562141734791899,0.015067319578338617,0.02264041966360618,0.037500805942635745,0.059802553182996904,0.2521000479886916,0.052153667803229845,0.06250849925275137,0.04485720077955179,0.06873054017857778,0.03965121145683844,0.07400648649450245,0.3027496569786528,0.11882071775636806,0.14632140965753745,0.002450277267931671,0.030153517681651424,0.03514465642276618,0.1414196764074397,0.06375824879173388,0.3148892573261145,0.11133391901952686,0.11815629172468389,0.06791251188713673,0.07993950078430732,0.031193985106960725,0.0421658790621041,0.20857655664498323,0.06279852860220687,0.012134930745230818,0.08964431767445613,0.031868410667312,0.1175324079111423,0.014375380660155637,0.013653968348247239,0.15664252575486765,0.018364172732089117,0.08377775022095811,0.25635908080830144,0.0905182719978466,0.05735692628781611,0.03875747499066945,0.020529509358829346,0.058260940532916396,0.15530946107413995,0.08738340122130314,0.011030822511195562,0.07486977280851757,0.05957042965684036,0.27926771393662286,0.05259667703816095,0.08406858724476178,0.1334709007063108,0.019194145876443882,0.06926103601658354,0.31529600635664984,0.04909027753160908,0.01907033912262752,0.03052038560590705,0.1233723421551813,0.017072460048859595,0.09761890088074457,0.00176492202251769,0.12865367008844464,0.06114028361909431,0.12626963953472042,0.10024902971260209,0.03187190381782426,0.08653034708937724,0.19277381183983736,0.0848548636801642,0.032562388630048615,0.07185214553071906,0.07720896244367571,0.06321851305053366,0.15525234849131536,0.03548375469695007,0.15795199457320505,0.2386319475261509,0.11836588863489117,0.05783041423428113,0.05469840484931965,0.08963884549822916,0.17419125449951103,0.04998130919555556,0.05722470980939253,0.014635708471241923,0.050978000566798576,0.11027956864797933,0.220292524920484,0.15326340587523377,0.11815629172468389,0.03248835396083318,0.11594780990046437,0.140959726596463,0.03839141000492729,0.018150947067355323,0.05271634220676527,0.05686893322128239,0.02743976817762768,0.06168603994923707,0.13886235682904702,0.09244417169740099,0.3469715121223475,0.08635270049928916,0.048619139107471364,0.23861576314397512,0.02002952840479787,0.0879574190924659,0.33734359445085255,0.06080458903783766,0.03493008876530704,0.019194145876443882,0.0519431516812059,0.1612891967285631,0.26307161862603196,0.09226955809382711,0.06250849925275137,0.16364977061611355,0.07206168782554961,0.2073555137067861,0.017686954574394967,0.06215243224595004,0.054214800583152645,0.17172641547838768,0.017672990361177764,0.18896364773024418,0.054822115843996516,0.06677823908643249,0.15530946107413995,0.09094831663440615,0.04267621179097056,0.05848213623398934,0.03588597300280466,0.03489886399072764,0.09884639407295902,0.03211573957942239,0.08855830640387612,0.3148892573261145,0.03748970445464128,0.06787691772128103,0.1466377351705964,0.054214800583152645,0.14825661287507363,0.12251165950289139,0.11072836442583536,0.1860946727606127,0.3771672212472896,0.028669348790339493,0.1356380804867504,0.08482614416438125,0.220292524920484,0.05552993223624501,0.0245809366740213,0.034058891602593,0.04990213832453254,0.2186621908474496,0.20247490841399748,0.01473791567634694,0.05354673072017464,0.08970041153957714,0.16842985562662227,0.1834345178956457,0.055938634554263025,0.015352563380492361,0.051141409945534407,0.028906179387724443,0.048297437251682875,0.06222357521808899,0.15758099506012443,0.04300577383145825,0.06455453056223481,0.03319941164403907,0.040486436781981466,0.04058050711022771
rowId42,0.049744736908177364,0.04585573014994079,0.04804952846042931,0.02733218066286086,0.05220606181220708,0.14003920305160011,0.07261732845551341,0.013409590494440833,0.04036084414354057,0.020247981163211536,0.09156471727650593,0.032210831267687964,0.008149511298223012,0.36062337047888127,0.049097617730240746,0.3228831316963086,0.0643135158345426,0.0196556399038762,0.20044102279815545,0.10897046204943009,0.0905182719978466,0.04864227679937645,0.06896073906595404,0.07956170583697932,0.36400503546692115,0.0014734937643591185,0.06415207462311867,0.1580817611002511,0.05696271235707727,0.040245610853556525,0.054129586089871874,0.08938470287517632,0.02284163337380396,0.03924510396556578,0.029985474340503245,0.057693300840760825,0.046747789712766004,0.02783085768444364,0.10751684760680322,0.0984254873172523,0.027531620896947936,0.261655810195167,0.07942359275213501,0.35371062299421097,0.08566758211999098,0.049131978517202565,0.40557282941627437,0.07005594247260512,0.06588276610283748,0.03056710604675929,0.09156471727650593,0.12860464508678013,0.2186621908474496,0.045376733613794906,0.01986848339245085,0.019916581577746697,0.04261959859366956,0.0618648465896002,0.0667889379457594,0.16689987759202496,0.09595609125389327,0.017072460048859595,0.08472293367978442,0.012302249161072084,0.06203184337028378,0.02977049159155893,0.07397354572993337,0.0656170881376967,0.17638607500940456,0.2153453683839955,0.05696271235707727,0.04178727469312611,0.01988249542172972,0.22507450032489837,0.015352563380492361,0.022197490518024013,0.020386609431187586,0.034746682318480944,0.049744736908177364,0.020122083008015757,0.05291159731953287,0.030614514599098204,0.1789225102535176,0.031193985106960725,0.05486872498828684,0.021118410496397552,0.0699128580206811,0.012587335184230724,0.36457726444627037,0.044049624822995334,0.2200078992959789,0.03366647778344107,0.020122083008015757,0.052153667803229845,0.18628808680826586,0.01988777446856482,0.1562688333715234,0.05268225340870092,0.02347907098441795,0.1276348184276337,0.13074656879043367,0.0772783426344131,0.020122083008015757,0.03633334323186749,0.252546345387661,0.16266482666147805,0.016588984493490472,0.01238592740711079,0.142594228576919,0.030801362127112646,0.10337740311861805,0.08000910597483264,0.04676237280688779,0.07215257276062831,0.099652762165392,0.017588295025992687,0.1295841708513099,0.0014042345243768168,0.11700851988804442,0.26913692879840234,0.01976819149240272,0.26149081198054147,0.019620235341900393,0.10879308328872195,0.09325059267029452,0.03518168490499371,0.029826891600890564,0.027167382687697555,0.15967368453543784,0.022052915920142253,0.061019999055244085,0.03292973864397497,0.05399159008563422,0.054938895266455595,0.03357781202869811,0.06451092060994358,0.011167719420105799,0.021030671122743688,0.0471885983259131,0.06039117806019295,0.09888230924825035,0.0026465754916795395,0.04305512182419307,0.026876565589276938,0.5241880850131344,0.03359679780667776,0.0584438991170054,0.24595226603168896,0.04349725231215473,0.4140068328953792,0.13478958388347761,0.04892163518420947,0.05745628713186052,0.051366119186550645,0.04372229617401926,0.02710899991417163,0.16241222083888848,0.08148668066719446,0.3468516279701624,0.01473791567634694,0.023846452282117396,0.061847437905578964,0.011167719420105799,0.03759004280874613,0.04892163518420947,0.04097984159837939,0.07864944924210476,0.3771672212472896,0.06107495036395189,0.009873194535136116,0.07734764030560726,0.1868962350416429,0.0772783426344131,0.07800111967087671,0.12526723464431033,0.14510798968466007,0.0907346183323277,0.01987491124064308,0.02999614690083302,0.2644690882345289,0.02352782975286913,0.05805212147369039,0.0270145524300177,0.0595199526671757,0.16426708102052753,0.05850393617212031,0.07913518569135433,0.2003959170726871,0.0649477681015009,0.2523686063220783,0.07593919617160745,0.1612891967285631,0.05147005307257128,0.14988539535299075,0.025024671166916177,0.220292524920484,0.04586860269306368,0.25169580570047323,0.012216891820285111,0.041712302511136355,0.024338964763538914,0.2483154695117704,0.03775970949684174,0.16552069044415763,0.032359818370631226,0.19745924543290813,0.09869680188678473,0.11861451035848701,0.04292360038385886,0.19435376875942542,0.06264437487725902,0.02814962589004989,0.03235926346470298,0.2223604653132783,0.0461850859364933,0.03612476729242831,0.04375041821232045,0.03540866522579982,0.09555741616989258,0.007615392198972024,0.3334925090390668,0.03544609355570803,0.050978000566798576,0.5570239156008115,0.06196559736719907,0.12096049534283558,0.04817075298797411,0.01238592740711079,0.03875747499066945,0.023054019550028122,0.06796177011202863,0.08507553736647443,0.028010747977871408,0.06107495036395189,0.03248835396083318,0.16677513400863042,0.08970041153957714,0.04128466076665463,0.07461071930135524,0.1447976279773046,0.030801362127112646,0.034000464186655505,0.03400334190851857,0.26566501185002683,0.05722470980939253,0.08826146903160012,0.04952331415873677,0.13106381999870861,0.026824400993290573,0.06356196425814355
rowId43,0.0024735841903112434,0.028854506441448317,0.02361421532171209,0.008136093675204323,0.06750050498598165,0.03727036506772215,0.023992342584586136,0.1078497759557763,0.05259667703816095,0.0649477681015009,0.03854625184302271,0.028303357240390212,0.18435777333481965,0.06873054017857778,0.08338120696561022,0.07381480878488941,0.036846528821193866,0.015960476247937345,0.08970485982576791,0.12219537683003356,0.12607267965372257,0.0474565992792932,0.19009898732459152,0.06222357521808899,0.09555741616989258,0.045319880274969276,0.028154251193438836,0.12321405941938406,0.04636684804944004,0.03905296466375901,0.07381480878488941,0.14638398611707923,0.061119482480982854,0.12361762312368559,0.03849441112147166,0.06390620491701236,0.05882174479512728,0.07956170583697932,0.10337740311861805,0.027046187939357282,0.04094085519318643,0.025197618312624327,0.15673013638471428,0.07241697745172099,0.14988539535299075,0.007024772460824246,0.09975901395039075,0.03439272521163692,0.062285713965148974,0.11077466046246393,0.11061162161675382,0.03366647778344107,0.03544353092451041,0.07445848668361738,0.026146505080541723,0.04204329395914663,0.0190519723518334,0.08230037117986294,0.041996588786748404,0.11625767060285853,0.028854506441448317,0.05101712555052155,0.1185385584173658,0.031798389482455613,0.024245729366474,0.05104160610971572,0.009230952109465151,0.0857171521604164,0.1111333338491525,0.05248745394216506,0.020345966248878473,0.082456895347769,0.1563681993870599,0.08041896053972508,0.0395962715405713,0.13323027286096276,0.2483154695117704,0.05686995490855384,0.034000464186655505,0.13357245140683496,0.10939680651715215,0.08377775022095811,0.062045093156662276,0.035056425684755754,0.43869097846121036,0.09236449954720602,0.13468626386236254,0.02263772852861777,0.014019535842511229,0.07152735509648726,0.04305512182419307,0.2186621908474496,0.03766539871962317,0.044667915145341616,0.05472964640721986,0.12441356900095034,0.05399159008563422,0.023806578256957357,0.18870426167675433,0.09939811435029541,0.05460540520056117,0.06250205948427942,0.1957036499749003,0.04292360038385886,0.03808331619262089,0.1932187420887361,0.0673440682358704,0.1417595897119603,0.01987491124064308,0.1125391657576237,0.025311766711087064,0.26566501185002683,0.03815638308977166,0.08377775022095811,0.2507306932863154,0.06605031758532445,0.1295178019926262,0.08249538594581472,0.11614626967264054,0.08164072362909384,0.062285713965148974,0.08445385072126431,0.028715490854207354,0.027407112804122807,0.13621507646855882,0.05240819850123343,0.014375380660155637,0.08698319649927172,0.015255115808022152,0.029326273724277544,0.23095548830597412,0.025392678101793305,0.10444233613991619,0.07461071930135524,0.018639036263385752,0.10849236044690688,0.026483930919803868,0.19248095965164957,0.12865367008844464,0.10729126503837018,0.10155896546150484,0.10394473113420492,0.10190263505242705,0.03929745058332522,0.27036948105207664,0.03216971260422346,0.010673337756590316,0.1178912662492186,0.04586860269306368,0.03815638308977166,0.01316133287268846,0.09165802437935143,0.19054168358611942,0.07993950078430732,0.08472293367978442,0.3148892573261145,0.12121331241289607,0.02381888579015437,0.0419386775708471,0.14003920305160011,0.04056119255652058,0.16903165089690644,0.03717821775032464,0.12205572874413355,0.12607267965372257,0.022198968675706938,0.14529841026851467,0.010394252366224313,0.02002952840479787,0.019916581577746697,0.009256460734643968,0.04768002594368225,0.09097591582361568,0.021030671122743688,0.03717821775032464,0.06316832941713058,0.0362394855462694,0.03366647778344107,0.26785683595267257,0.0657465267103825,0.01927693647622441,0.03351128377193219,0.061844400965221764,0.020982432959834096,0.049621278745842524,0.12380179439755364,0.0399806288070988,0.08196324862914352,0.03307704851652938,0.025271682694782034,0.14481002004165813,0.2204852418369684,0.08984605018464675,0.13277468211871718,0.0014311573718241751,0.05580781562436631,0.14858535047801408,0.046092288886077,0.09703680934456076,0.11325291449263311,0.09868190931741555,0.030387354680054202,0.027339415128827614,0.03193248632198632,0.031756706272599924,0.25635908080830144,0.04817075298797411,0.021922161283611755,0.17158028346212587,0.034911584713727004,0.0874074118222219,0.07755929807815137,0.027531620896947936,0.023908994145860896,0.06584863655866877,0.03137587953540144,0.037452485883362904,0.11276069009873572,0.09820919447804341,0.07400884668123524,0.12121331241289607,0.3545963317289478,0.06421392437529953,0.025174039322353518,0.1233723421551813,0.04364627000013338,0.08482005250119078,0.001160583601150869,0.0401083087727199,0.1647014841231385,0.045922997763917076,0.0968109961971932,0.0635494061796558,0.07044365083545326,0.03766539871962317,0.019496038612461016,0.1427773981478607,0.18353317167795255,0.1452086934270091,0.0554855060325719,0.06262632535208257,0.07020954388857871,0.20720819671893126,0.057983344683024504,0.020247981163211536,0.08738340122130314,0.10167435577256531,0.08481315466306634,0.033365314010788134,0.023099802747534592
rowId44,0.055938634554263025,0.03409757716207294,0.04570153127571757,0.02452123900545794,0.28033217266827043,0.025014108046232233,0.07417031644006374,0.0507553338290804,0.05354673072017464,0.07586344697981773,0.04734445323783841,0.036291896834200026,0.023846452282117396,0.07220956990215752,0.00723332362833648,0.042261196458572674,0.032952065867482595,0.03948408970897994,0.041436914536371376,0.05037667855411855,0.05240819850123343,0.08545342411244973,0.07044365083545326,0.0857171521604164,0.052384989966095176,0.22840368924551568,0.30318879799301185,0.03123999571671486,0.1334709007063108,0.15243063322524364,0.029488681130087475,0.057346481122152716,0.11103531492787581,0.10085216866489953,0.08924529259492195,0.18894688715902186,0.22929229968146284,0.0419386775708471,0.13315991708683086,0.014716686096325607,0.04270954807646496,0.19562540965975656,0.017766762353292203,0.010467376051495317,0.1279124781470182,0.12526723464431033,0.06810160351913451,0.15086271529609083,0.0316759563735845,0.2534575377415102,0.01238592740711079,0.0876026134183375,0.07215257276062831,0.16190114586296384,0.08482614416438125,0.084028416742319,0.03121060153353462,0.0467562821725928,0.06149509908870966,0.1767565322514853,0.1215872123146998,0.2258985049700433,0.12886494823050226,0.4999321195827659,0.011447945396967713,0.14399552386602338,0.09704550650974093,0.04251837313333597,0.0979135366345343,0.1369968788708034,0.04615051968663605,0.0848548636801642,0.11626584452197324,0.027146168235100094,0.061847437905578964,0.011239942713006513,0.22080184262869307,0.03344599543635577,0.08517001339279531,0.029274926692899546,0.059443151246513115,0.3771672212472896,0.06420564322210497,0.16841652266777207,0.046881382097812806,0.0550416688137162,0.04463134321514318,0.11174286545708143,0.02642587952391636,0.09545180886436631,0.23095548830597412,0.04071275281232493,0.005005215016144767,0.03417634251930709,0.11583779486055595,0.07185214553071906,0.04525431632382581,0.05995406151271267,0.03540866522579982,0.13289247623394812,0.11477596273895989,0.2548275354194706,0.09734795100242262,0.04465075375308366,0.12912460435442497,0.11625767060285853,0.02029622361328579,0.09880416150985406,0.012216891820285111,0.2496359041853222,0.01987491124064308,0.08569440272150812,0.0474565992792932,0.06092904102196162,0.08136133338035202,0.055217181988922066,0.043406971336301,0.2394309350208083,0.1417595897119603,0.08060394579563751,0.15360233910270657,0.19562540965975656,0.030086858276874,0.043763658440362514,0.03215927506634591,0.09669392721349093,0.04322238139507759,0.09379182321443247,0.02743976817762768,0.07152735509648726,0.025271682694782034,0.17822411405818522,0.008281152186413676,0.04529767279955678,0.036291896834200026,0.02264041966360618,0.013409590494440833,0.19745924543290813,0.05095963412617053,0.24562228218208193,0.01238592740711079,0.027492306065426773,0.03004152838787338,0.02002957821666919,0.35371062299421097,0.16364977061611355,0.0522210458533132,0.12912460435442497,0.020247981163211536,0.07006921752847214,0.03839141000492729,0.06556312471448641,0.07482193533990962,0.10007624563057085,0.08732456447569596,0.08685226182184991,0.13289247623394812,0.02555328322910774,0.22929229968146284,0.09510212707801179,0.1310381700263656,0.20428805750621565,0.09868190931741555,0.015165196934626564,0.12481380621321259,0.21463072383043022,0.2111621141291003,0.11402459448067369,0.07451204275514442,0.057346481122152716,0.1323933915099046,0.18694592172753058,0.13671306362195296,0.1711454650785608,0.10038473659025345,0.05686233393948718,0.15919559162073024,0.5241880850131344,0.1674209607725292,0.16646448339576006,0.10426991559030556,0.018639036263385752,0.10236233413711866,0.15346551334662537,0.08078607664578705,0.012587335184230724,0.05848213623398934,0.0704920209854422,0.06750234075417384,0.17172641547838768,0.1550911996168274,0.014860908062084252,0.03849441112147166,0.08814272218469847,0.09772256989304996,0.034958360764687876,0.015529893083447616,0.07005594247260512,0.11445004906312639,0.021055835138022262,0.0838457233068345,0.11593151931672963,0.05850393617212031,0.0594686421835955,0.08041896053972508,0.034058891602593,0.10922571722489388,0.1215872123146998,0.060636570386870495,0.012302249161072084,0.05370653215934189,0.1860946727606127,0.1655563823290761,0.028765196562273956,0.03409757716207294,0.127041027563886,0.2111621141291003,0.011167719420105799,0.020321361358463564,0.0014734937643591185,0.06168603994923707,0.0899923145289757,0.0507553338290804,0.04744942273940095,0.04641012420267559,0.04222978811763968,0.01387351467132388,0.07194821538076857,0.018784945065822876,0.09899324295735384,0.02447860325380291,0.03045556880439479,0.14939398150028746,0.010467376051495317,0.036291896834200026,0.028348923763038197,0.043071005021486634,0.0397050772708996,0.049933419816022,0.16172161237277496,0.10552438389889687,0.03578457377357328,0.1767565322514853,0.02760353810210546,0.047635917976653605,0.04727763522576811,0.05130884486760263,0.03449769517907935,0.17005480488327893,0.022197490518024013
rowId45,0.08425381116818527,0.07438060590537096,0.018291443294187214,0.1911796698425654,0.021030671122743688,0.08970485982576791,0.031798389482455613,0.252546345387661,0.030801362127112646,0.016754799503522624,0.06053595980176759,0.08964431767445613,0.07956170583697932,0.01770105402259905,0.08654471896219404,0.04774728846850738,0.04917032852208639,0.08963884549822916,0.12425308649778367,0.1932187420887361,0.031756706272599924,0.04071275281232493,0.051687603420260464,0.22628529374863732,0.0710315829658983,0.1452086934270091,0.006246975601047956,0.08949112162957971,0.03788775710543377,0.0402292473641634,0.20428805750621565,0.030328569389991258,0.0628343017848615,0.033220339547255416,0.016973271370151134,0.03839141000492729,0.0330249773605309,0.025897385529207652,0.12211806068723663,0.2159207442663503,0.009681513657680633,0.040486436781981466,0.08135120198795744,0.14343504384091949,0.04440583666255198,0.20579014505034474,0.12441356900095034,0.18896364773024418,0.10409300769221103,0.08196324862914352,0.1356380804867504,0.15669038074703903,0.06071106900104466,0.2153453683839955,0.0208339993927098,0.0359447612391452,0.33918533192477185,0.06421392437529953,0.05609276012837682,0.048297437251682875,0.03215927506634591,0.034746682318480944,0.040486436781981466,0.09206805513314008,0.10398192488485646,0.1825014914548815,0.059194134118890046,0.0415090335415429,0.11575658288256026,0.14011744072666557,0.10939680651715215,0.06435750665381641,0.01512409783235807,0.014981903813317581,0.07554793194649385,0.07963498296649549,0.025817662585343973,0.027504269865620715,0.49528609136595186,0.01374440018485426,0.0378669845402935,0.02562141734791899,0.028923152962393183,0.025271682694782034,0.07023972692722037,0.031193985106960725,0.07298990170758035,0.06220922433133476,0.18353317167795255,0.07486977280851757,0.018364172732089117,0.10038797037179867,0.09429267373051416,0.013902640332945745,0.14825661287507363,0.055217181988922066,0.06629030525291289,0.04370905553095802,0.04982025888411105,0.06134163395735278,0.08321436088057595,0.059802553182996904,0.11174286545708143,0.028912686395979416,0.07864944924210476,0.04676237280688779,0.019892428173312823,0.20720819671893126,0.19562540965975656,0.14718307939982944,0.06753860586174079,0.021580403233670803,0.0898435307738926,0.030396685805813638,0.12450729421284275,0.1932187420887361,0.014257324378410534,0.05365236410491182,0.03610503296908216,0.24775353246930432,0.0419386775708471,0.05240819850123343,0.05305495148621203,0.06557286050496769,0.019916581577746697,0.09519306227719453,0.025392678101793305,0.15607134131012784,0.0190519723518334,0.12481380621321259,0.012382517878824474,0.3556424361647484,0.05735692628781611,0.08938470287517632,0.04463339559281491,0.0904686580562412,0.031868410667312,0.07397354572993337,0.018374990323745136,0.07197347829236062,0.01374440018485426,0.15178022389544338,0.09899324295735384,0.08635270049928916,0.05978660310536649,0.20152512057686184,0.06860051948882322,0.04615051968663605,0.023705378825243036,0.12411607552736283,0.11477596273895989,0.054938895266455595,0.060795326079078026,0.05248745394216506,0.021055835138022262,0.1295841708513099,0.10444233613991619,0.1310381700263656,0.009256460734643968,0.018979402176076767,0.05271634220676527,0.06113316301368413,0.01387351467132388,0.08600653786498069,0.11730261187148877,0.036187468336751134,0.07090457711116659,0.08698319649927172,0.05957042965684036,0.10575797204979392,0.10786140375021272,0.10939680651715215,0.026263694827171676,0.041846755170547624,0.19009898732459152,0.24967309262222043,0.33734359445085255,0.014415037939537852,0.0594686421835955,0.03167120150154307,0.03352815115625609,0.05852680247216348,0.025271682694782034,0.10112773277521184,0.013845486774718425,0.06451092060994358,0.3162993595987294,0.11118440660788745,0.18057994137607258,0.34891311677638054,0.05034077198458959,0.08814272218469847,0.0630038274757027,0.02002952840479787,0.11477596273895989,0.1792834397466763,0.10155999662551508,0.07400648649450245,0.05686995490855384,0.052956487694236526,0.06838553160708132,0.06844674841574178,0.04541251652372214,0.2553151597134402,0.04253325415890776,0.062045093156662276,0.08600508125519364,0.26307161862603196,0.07942359275213501,0.07667281301684715,0.07445848668361738,0.10007624563057085,0.14764441014550456,0.16190114586296384,0.06136603642967155,0.021035279389131245,0.11689600783611202,0.015170411416985165,0.04529767279955678,0.20874618180906124,0.018806418396416683,0.17966692845076357,0.10820335962123553,0.11186074983563712,0.06215243224595004,0.123826265711517,0.16426708102052753,0.10337740311861805,0.021423618077814347,0.18444224677760085,0.07621505512326755,0.12211806068723663,0.05371547389741796,0.08263987967781321,0.07913518569135433,0.00588991757559099,0.09156471727650593,0.05379965376413866,0.026146505080541723,0.2186621908474496,0.12450729421284275,0.13289247623394812,0.13070215436176996,0.04821058808631389,0.044049624822995334,0.17530093677818082,0.18173888180230333,0.06168446572573735,0.0710315829658983,0.06159513328574669
rowId46,0.0415504732210638,0.27036948105207664,0.07460163473835035,0.09897951380933881,0.08964431767445613,0.07079673407993524,0.022197490518024013,0.03908833083751431,0.062350729694423915,0.031559092364981736,0.046881382097812806,0.11122896499749457,0.019194145876443882,0.33918533192477185,0.03467003182642679,0.0722395239920576,0.18896364773024418,0.03045556880439479,0.05220606181220708,0.08445385072126431,0.014860908062084252,0.16841652266777207,0.11266209052558614,0.18003070762950393,0.03983635869480125,0.08230037117986294,0.019892428173312823,0.03915384690431336,0.08685234331831665,0.10060492240923555,0.05268225340870092,0.11689600783611202,0.01986848339245085,0.1364791135843468,0.08600508125519364,0.03835395733374427,0.04481391576928428,0.06039117806019295,0.03815625801769054,0.05940037972146779,0.10921701078819221,0.2121707794512331,0.30318879799301185,0.1563681993870599,0.15664252575486765,0.04990213832453254,0.0595199526671757,0.40557282941627437,0.1490411053187102,0.16710876139780362,0.013902640332945745,0.18338484295646426,0.06035921583087826,0.05370653215934189,0.018958315266224966,0.037378649224921054,0.046794393761696036,0.02966187467733761,0.16870580819916503,0.08352530227143147,0.02089366322938851,0.04998130919555556,0.06873054017857778,0.07926505648786575,0.05390023838106589,0.45997384824528237,0.08914338531565498,0.0025689959322691643,0.07797456036523379,0.11689600783611202,0.21825403355153195,0.026336588642208864,0.07279057382105315,0.35371062299421097,0.10197873909666125,0.02815537823506851,0.08914338531565498,0.05511425938721453,0.0181559662694938,0.03240034146396136,0.027531620896947936,0.024124754485251945,0.0399806288070988,0.1445093638682014,0.03839141000492729,0.1754565304756922,0.012302249161072084,0.17061893930874097,0.03137587953540144,0.013570794622076622,0.032818997701746046,0.3037920355828678,0.03503989682772746,0.0749770436991232,0.1596607802709601,0.05268225340870092,0.011239942713006513,0.09869680188678473,0.021772511529288482,0.14510798968466007,0.031868410667312,0.048297437251682875,0.22961718615419324,0.1111333338491525,0.025031390642341268,0.043763658440362514,0.0019743672866612385,0.0025689959322691643,0.0329046009050689,0.036187468336751134,0.10355086589252654,0.03947508985661001,0.030801362127112646,0.08406858724476178,0.04586860269306368,0.07074065692092224,0.19388151623358074,0.06886356171131285,0.01988249542172972,0.026876565589276938,0.04744942273940095,0.04821058808631389,0.18583451268168535,0.051366119186550645,0.18628808680826586,0.19014511813092702,0.0554855060325719,0.07389922166867542,0.016137772223863426,0.07913518569135433,0.05460540520056117,0.007024772460824246,0.007024772460824246,0.06873054017857778,0.04821058808631389,0.045376733613794906,0.060636570386870495,0.01277488990260344,0.07364483211004082,0.05636390858181385,0.1364791135843468,0.0584438991170054,0.008203217482846543,0.0471885983259131,0.0772783426344131,0.012018084666396207,0.10006566146445842,0.022197490518024013,0.2523686063220783,0.20044102279815545,0.0576500574178649,0.10922571722489388,0.055217181988922066,0.09116752982577415,0.15784646325867696,0.16241222083888848,0.10316854057431916,0.06458494506397139,0.10667485251271967,0.27417998480996597,0.057983344683024504,0.06164151164633323,0.0415504732210638,0.03113679629243459,0.09854469621923163,0.13671306362195296,0.0542228987442999,0.10491625862270752,0.09975901395039075,0.036187468336751134,0.18249217498805528,0.06149509908870966,0.17530093677818082,0.09325059267029452,0.10708985912028696,0.1860946727606127,0.1677536341409256,0.07228921937305575,0.027606168990960488,0.09543251971003722,0.013145015428794026,0.10236233413711866,0.36400503546692115,0.012409812198573015,0.21326958176696714,0.09018835436075119,0.11740460218514133,0.11103531492787581,0.03782898930479036,0.08482614416438125,0.12219537683003356,0.045581527511999786,0.04280986253284726,0.03127487733751449,0.006885013636356038,0.08042163712152642,0.06203825029697983,0.10190263505242705,0.2469646889848434,0.007269746988188503,0.27554240885943343,0.04083088049915265,0.10252991989402437,0.03503989682772746,0.04178727469312611,0.19248095965164957,0.1518192802005353,0.01770105402259905,0.04791447870766466,0.04583884293867521,0.0361999467180642,0.16331513308486978,0.052153667803229845,0.08517001339279531,0.23158276126519725,0.03256549912379051,0.08600508125519364,0.23928241693201163,0.10006566146445842,0.07103377565029463,0.0406149742766575,0.14365904546732117,0.08034193349068149,0.08004269499961067,0.0361999467180642,0.08600508125519364,0.11124057942966953,0.06070335427422454,0.13396855290030701,0.20152512057686184,0.07709042215528919,0.08263987967781321,0.021527467005206555,0.10851714506791006,0.062303464678621655,0.1798948556160159,0.1792834397466763,0.034000464186655505,0.03157549614693655,0.04095516332527793,0.11443541100529811,0.06308101847755063,0.02056781267910599,0.15778891138703702,0.10241020114291999,0.09760076578435951,0.04401643776890336,0.035205111859481865,0.11338932753021252,0.12865367008844464
rowId47,0.00866723760616279,0.30124595258678216,0.026426546782911408,0.07810796492859388,0.15525234849131536,0.09835796675412416,0.1445093638682014,0.012587335184230724,0.15178022389544338,0.13079995882111786,0.004332332792757682,0.04769708527913133,0.055422642859247175,0.06874798169201987,0.15326340587523377,0.061019999055244085,0.09510173084686854,0.012409812198573015,0.05608147292049057,0.0441892550832111,0.04078779991944996,0.03590586360127347,0.06468796458830008,0.16102481895057755,0.13323027286096276,0.014375380660155637,0.04204329395914663,0.10995881609813189,0.24172811512025913,0.2642019076465018,0.04837986921081425,0.09244417169740099,0.06316832941713058,0.04126416055933206,0.07963498296649549,0.06451092060994358,0.04774617208099574,0.042261196458572674,0.13571850953256293,0.19690434088246628,0.06598354674678703,0.0419386775708471,0.16190114586296384,0.02347907098441795,0.24094477657595723,0.016063735838563173,0.019332043777203257,0.06922884638999138,0.13957516578622461,0.08029710466537372,0.08732456447569596,0.02691960586289213,0.18694592172753058,0.045360789929056525,0.10131679962040124,0.04440583666255198,0.020242087393360333,0.1342836024757118,0.08226846302831745,0.04481391576928428,0.26307161862603196,0.09888230924825035,0.08984605018464675,0.0190519723518334,0.014956096707606049,0.051082808073531286,0.0527981832657547,0.09684750332021232,0.059194134118890046,0.07373625391171952,0.22961718615419324,0.016040533338174266,0.1518192802005353,0.26913692879840234,0.08654471896219404,0.1320554396711257,0.09855186215742719,0.16556059057061148,0.02765053618110973,0.017450624484275826,0.04585573014994079,0.10440381610333906,0.3027496569786528,0.06130051184028606,0.04070808234821544,0.27554240885943343,0.04178727469312611,0.031756706272599924,0.034695106210996585,0.09510173084686854,0.02774020260628076,0.0017202596135649285,0.16181108040061645,0.08657086839348747,0.001393729645481836,0.2999375541180197,0.06584732067285312,0.14933438258730217,0.031868410667312,0.093388886946188,0.03875353309490299,0.10981751210074983,0.08338120696561022,0.14113352939866172,0.21004634554321927,0.022386710360606483,0.07023972692722037,0.11598418326398066,0.04754028045988503,0.06844674841574178,0.07586344697981773,0.024871013115369402,0.06867273616548764,0.19078411262500236,0.03387939669877388,0.21476115788320732,0.2521000479886916,0.10444233613991619,0.022052915920142253,0.2632336066482097,0.07755929807815137,0.017672990361177764,0.05354673072017464,0.027167382687697555,0.0378669845402935,0.03929745058332522,0.03735984974308029,0.02611256720996245,0.15243063322524364,0.10048285662540822,0.030801362127112646,0.16870580819916503,0.10085216866489953,0.06926103601658354,0.04589467591825148,0.02733218066286086,0.20397206245230323,0.1550911996168274,0.0555072862063709,0.0597815607672343,0.1357009020748816,0.018425671901617,0.012095021669586549,0.055251470079924085,0.21004634554321927,0.012126675197217269,0.024771235204193724,0.04881095883136564,0.22628529374863732,0.20341448967898124,0.0019743672866612385,0.04768002594368225,0.022201433566264018,0.11726927412993757,0.08984605018464675,0.049933419816022,0.17042579593926416,0.017106025771398956,0.07261732845551341,0.04525431632382581,0.07800111967087671,0.04881095883136564,0.015255115808022152,0.030996936519047814,0.06421392437529953,0.06090742961770446,0.11777693041468404,0.2658849877817125,0.04583884293867521,0.06455453056223481,0.019092016924790765,0.11618044237816691,0.11052145071876468,0.11960470280766451,0.04178727469312611,0.1640993206899182,0.06070335427422454,0.27554240885943343,0.10355086589252654,0.027504269865620715,0.026276556651016393,0.18003070762950393,0.05942891483026106,0.1233723421551813,0.01387351467132388,0.10618502505903259,0.16678773669465566,0.2670740704633735,0.0397050772708996,0.0785721462772907,0.07882916111607614,0.0415504732210638,0.21004634554321927,0.010336929883731765,0.17638607500940456,0.04583884293867521,0.006801340860506317,0.11009175703346592,0.036649896912632624,0.07117167890071133,0.062350729694423915,0.10355086589252654,0.04864227679937645,0.07058851242365444,0.035261434698328355,0.03766539871962317,0.1330630091351828,0.1655563823290761,0.21415924083222407,0.07886327830220485,0.00176492202251769,0.03726148697091725,0.09854469621923163,0.1500421363925138,0.07881535331481296,0.18894688715902186,0.12441356900095034,0.06460373209232116,0.16841652266777207,0.11689600783611202,0.03157549614693655,0.04185138268959872,0.0245809366740213,0.18666027209475722,0.012095021669586549,0.18444224677760085,0.3028211805111555,0.09165802437935143,0.03307704851652938,0.05180395422007624,0.3037920355828678,0.06021094519756196,0.034911584713727004,0.017947202939576485,0.1647014841231385,0.03929745058332522,0.019092016924790765,0.07262101302967139,0.19016002304180096,0.007615392198972024,0.023054019550028122,0.03965121145683844,0.00569868141837213,0.11294952971498579,0.08061541586142089,0.21804882164329722,0.1134198647261424,0.08406858724476178,0.2642019076465018,0.0485374725560171
rowId48,0.0196556399038762,0.05101712555052155,0.06629030525291289,0.028906179387724443,0.041712302511136355,0.03294574279750345,0.03084410864312551,0.019845656749530753,0.08257032572084051,0.06220922433133476,0.08657086839348747,0.36457726444627037,0.3162993595987294,0.17172641547838768,0.02239055797752867,0.04070808234821544,0.004152926940190109,0.07915161640724724,0.2078788065117053,0.13886235682904702,0.028010747977871408,0.06031646013147246,0.05850393617212031,0.010343023728082419,0.08472293367978442,0.04102533692048867,0.1932187420887361,0.03786621570464605,0.24595226603168896,0.39546404121520046,0.18719690702186523,0.09855186215742719,0.04586860269306368,0.06584863655866877,0.04998130919555556,0.14529841026851467,0.05081679252632302,0.058797927090255935,0.021772511529288482,0.028547592901568733,0.07090457711116659,0.07876470710772351,0.03678678295654137,0.03681279137599688,0.10290633734405875,0.08060394579563751,0.04525431632382581,0.04744942273940095,0.10114236738919029,0.04570153127571757,0.02113556481743805,0.3180651754385313,0.04385903655213013,0.1911693802116228,0.35546825740553917,0.07329327435539988,0.06130051184028606,0.07075565832710061,0.04485720077955179,0.04754028045988503,0.03565841363186296,0.10355086589252654,0.11730261187148877,0.03924510396556578,0.03544353092451041,0.1364791135843468,0.04608240081918501,0.10252991989402437,0.08078607664578705,0.08826146903160012,0.13316941358652512,0.06605031758532445,0.14335025920532107,0.029274926692899546,0.11402459448067369,0.18541752096511707,0.06650081836383148,0.010399175499135192,0.08154620190035185,0.13091803247248263,0.05357940536723349,0.03848544513246123,0.0052680624270637945,0.045616126317840226,0.023330181294667924,0.02351782199413517,0.06457918226837461,0.016754799503522624,0.08196324862914352,0.11147700396371757,0.017766762353292203,0.10164575434174027,0.024663062392871464,0.13725806414437652,0.014981903813317581,0.05735554479919937,0.04440583666255198,0.19194275096689792,0.008293484545749671,0.1580817611002511,0.07117919171599127,0.03574794240080859,0.1860946727606127,0.1367338401089776,0.022201433566264018,0.0874074118222219,0.019092016924790765,0.04982025888411105,0.04444735794264896,0.045795797598099486,0.044860885474410195,0.04759092305037301,0.040202306975338144,0.1452086934270091,0.04300577383145825,0.02535456283120991,0.030387354680054202,0.028943925314967582,0.01987491124064308,0.10421310024034515,0.08555483590857797,0.0014311573718241751,0.1550396469231862,0.02137279835562717,0.27298330321199804,0.08079510604588554,0.03875747499066945,0.0755963524074938,0.09720702222508476,0.11689600783611202,0.13914740977622023,0.04816170391689469,0.23158276126519725,0.03822996370629155,0.03351405703448733,0.06715841591553207,0.17005480488327893,0.05696289288454036,0.005745803733773644,0.18541752096511707,0.0595199526671757,0.047113868993233096,0.10820335962123553,0.04804952846042931,0.06377588926060201,0.02263772852861777,0.084028416742319,0.02733218066286086,0.0907346183323277,0.06408883949666411,0.1868962350416429,0.15227726780942955,0.046388466784095875,0.07993950078430732,0.26913692879840234,0.030693479075619284,0.05986381853936585,0.026274800215107787,0.08496200088294405,0.021055835138022262,0.004152926940190109,0.032562388630048615,0.43441487236169335,0.03808331619262089,0.027663159557689426,0.0268184986299694,0.039295265544470714,0.12481848783605332,0.09094831663440615,0.03565841363186296,0.18978437954448157,0.010467376051495317,0.012018084666396207,0.03822996370629155,0.03344599543635577,0.036291896834200026,0.05399159008563422,0.027492306065426773,0.047856065533528384,0.11133391901952686,0.05090188545054481,0.06130051184028606,0.02029622361328579,0.07851951477554499,0.12096049534283558,0.08657764061190118,0.05978660310536649,0.019127231002087627,0.09811087086971863,0.05005063723535282,0.04821058808631389,0.142594228576919,0.11926490911450775,0.07666916063144738,0.062350729694423915,0.08482005250119078,0.33918533192477185,0.08800441714809738,0.012382517878824474,0.04734445323783841,0.014399625229580902,0.054129586089871874,0.005617077720564275,0.18057994137607258,0.04132392199381643,0.027980646120439018,0.058789740339478584,0.04816170391689469,0.0664158250271298,0.08078607664578705,0.21475093122862896,0.0606517689478234,0.035898107525405044,0.12228666395372358,0.1356380804867504,0.026709505515855436,0.03052038560590705,0.31529600635664984,0.2152643211484814,0.08148668066719446,0.108774467065854,0.02783085768444364,0.1233723421551813,0.06159513328574669,0.03449769517907935,0.0024735841903112434,0.13021606959958118,0.1441239985181465,0.037378649224921054,0.028547592901568733,0.1111333338491525,0.10360607847073296,0.0268184986299694,0.10921701078819221,0.03983059066932128,0.0313772043267731,0.07659175563472435,0.0490379695395885,0.045795797598099486,0.03468003074247901,0.14632140965753745,0.01316133287268846,0.10006566146445842,0.1754565304756922,0.10316854057431916,0.04610325480715077,0.0014195172520296124,0.06496844226399118,0.07881535331481296,0.025100142065157392
rowId49,0.026426546782911408,0.028174092892130336,0.01839084429740458,0.020498449919657748,0.14812399391349337,0.051687603420260464,0.04298511575898325,0.016754799503522624,0.193635599882764,0.06113316301368413,0.029352972462383407,0.09165802437935143,0.01647513823739269,0.36799292665354805,0.07554793194649385,0.04292360038385886,0.03387939669877388,0.07329327435539988,0.03489913479097014,0.1076361019752512,0.0361999467180642,0.36799292665354805,0.13464322407379928,0.13323971897869835,0.07482193533990962,0.13396855290030701,0.0348058819147593,0.08914338531565498,0.18191540179836385,0.25668347936274627,0.21134613596198915,0.07194821538076857,0.19014511813092702,0.38875735910827086,0.02977049159155893,0.051633899716894936,0.012558098626810878,0.03425876494478175,0.03839846356265713,0.06134163395735278,0.09760076578435951,0.11147700396371757,0.10190263505242705,0.018700198478567746,0.05850393617212031,0.26879822329353653,0.020122083008015757,0.052405226629760854,0.004332332792757682,0.06650081836383148,0.08034193349068149,0.15664252575486765,0.18978437954448157,0.06039117806019295,0.03875747499066945,0.035205111859481865,0.19822721863685178,0.06111234514641131,0.18583451268168535,0.18666027209475722,0.01238592740711079,0.07913518569135433,0.038176370151236406,0.0507314920588211,0.07659175563472435,0.043858403215920334,0.06113316301368413,0.04570153127571757,0.11837185643558287,0.04837986921081425,0.25169580570047323,0.09199831259661723,0.041846755170547624,0.06306523644878903,0.08614679481226657,0.04095910770721359,0.16678773669465566,0.014470794131012073,0.023806578256957357,0.0536970880051042,0.047113868993233096,0.028799829447790155,0.0035574907143634156,0.019127231002087627,0.005005215016144767,0.03235682904790616,0.0016594866843270078,0.028154251193438836,0.07995188821965497,0.0785721462772907,0.032359818370631226,0.02447860325380291,0.0330249773605309,0.1356380804867504,0.05104160610971572,0.08135120198795744,0.03084410864312551,0.034192443862057706,0.24172811512025913,0.07467052724840187,0.04676237280688779,0.06064146875180415,0.06196559736719907,0.13957516578622461,0.04573619491427452,0.07486977280851757,0.20537268538925627,0.03052038560590705,0.06302210618487246,0.052384989966095176,0.02642587952391636,0.03590586360127347,0.10603764313892584,0.025355727280114457,0.0954788470012861,0.09165802437935143,0.018425671901617,0.23928241693201163,0.015927063990360178,0.08048125822188523,0.09073026914828385,0.03163575376733747,0.058789740339478584,0.025897385529207652,0.09500916353817297,0.14147342497775015,0.08004269499961067,0.03080378095493439,0.029339572424451857,0.1550396469231862,0.06216262999539586,0.02263917793753184,0.12121331241289607,0.017630175192375756,0.11133391901952686,0.12211068626932499,0.03344599543635577,0.1824389242971646,0.04126416055933206,0.045581527511999786,0.023846452282117396,0.09611385024571852,0.2523686063220783,0.053126077928174774,0.018955262996848417,0.23412335067903467,0.03366647778344107,0.35371062299421097,0.022901222912728655,0.058797927090255935,0.09855186215742719,0.0009565827979865296,0.10249062815394472,0.027980646120439018,0.055422642859247175,0.06867273616548764,0.0196556399038762,0.02273898861418235,0.03561139959328582,0.05661462709928093,0.08826146903160012,0.12481848783605332,0.1957036499749003,0.06819333741960472,0.05422935740651338,0.024338964763538914,0.1250324649912175,0.03319675917204851,0.022190818518236684,0.078934870899722,0.14003920305160011,0.1042569366773471,0.07844066975234061,0.172012297833012,0.07461071930135524,0.05436172829632793,0.13022584200540502,0.1834345178956457,0.02660472372197752,0.025311766711087064,0.19223830649177262,0.03005283459482651,0.05460540520056117,0.04213882884517572,0.07730301579951251,0.02361421532171209,0.11625767060285853,0.12526723464431033,0.07228921937305575,0.021922161283611755,0.03334952467146852,0.05805212147369039,0.11730261187148877,0.1115905840203343,0.2003959170726871,0.08826146903160012,0.36368055324122,0.03929745058332522,0.028943925314967582,0.0627691656825544,0.014019535842511229,0.041436914536371376,0.019332043777203257,0.027146168235100094,0.0402292473641634,0.11245629191416737,0.029985474340503245,0.002121882473025589,0.07658065332977336,0.17966692845076357,0.0673440682358704,0.01839084429740458,0.13844044529711408,0.07075565832710061,0.04322238139507759,0.07261732845551341,0.09510212707801179,0.3148892573261145,0.11755973381021978,0.0522210458533132,0.04465075375308366,0.179143948589297,0.1445093638682014,0.017588295025992687,0.1868962350416429,0.20476934866778262,0.01970153680309463,0.0325779914417661,0.03875747499066945,0.025333958859089768,0.06069020644170173,0.13881479140370268,0.11122896499749457,0.2091523714731809,0.05260097431677552,0.1297611414039591,0.04676237280688779,0.021654483572879402,0.045922997763917076,0.057363782537312245,0.09761890088074457,0.0635494061796558,0.026483930919803868,0.03352815115625609,0.048464710066720464,0.07364483211004082,0.01512409783235807,0.2364121131322201,0.1655563823290761,0.01387351467132388
rowId50,0.04349725231215473,0.03727036506772215,0.1051118587615843,0.01976819149240272,0.10364937774625661,0.11960470280766451,0.0348058819147593,0.06220922433133476,0.03726148697091725,0.13671306362195296,0.019892428173312823,0.24562228218208193,0.01473791567634694,0.04579692809366499,0.17638607500940456,0.04589467591825148,0.07117919171599127,0.11325291449263311,0.07074065692092224,0.062285713965148974,0.03084410864312551,0.11432857919387622,0.022546309686991825,0.09409381491828588,0.03788775710543377,0.04579692809366499,0.06605031758532445,0.10355086589252654,0.018275824150812713,0.09272063992965827,0.045360789929056525,0.3197689405850322,0.11118440660788745,0.08545342411244973,0.017947202939576485,0.14147342497775015,0.02284163337380396,0.048464710066720464,0.1111333338491525,0.07792447873124378,0.06090742961770446,0.08949112162957971,0.2199627082215403,0.12425308649778367,0.0772783426344131,0.04962240834602832,0.1788227873389219,0.03501514193951451,0.043430434770496025,0.028923152962393183,0.19512175973379914,0.06485024265722507,0.03674381607780177,0.0241525457096305,0.06308101847755063,0.033309323892934846,0.1414196764074397,0.019127231002087627,0.07963498296649549,0.04837986921081425,0.11625767060285853,0.02574444028713122,0.021030671122743688,0.1357009020748816,0.017273800303183713,0.07710780672072709,0.03666282831631107,0.08196324862914352,0.08684442825395526,0.03305393741437245,0.05722470980939253,0.08635270049928916,0.02760353810210546,0.16241222083888848,0.048464710066720464,0.05833622116877451,0.010987912659858455,0.02399030813264455,0.1215872123146998,0.028923152962393183,0.062430280141366375,0.0594686421835955,0.07621505512326755,0.07856483488912339,0.10006566146445842,0.04816170391689469,0.11620181949525443,0.14573659520976878,0.06679846799465182,0.04998130919555556,0.09074726331961366,0.045616126317840226,0.025355727280114457,0.27926771393662286,0.05334765586927046,0.055084569082919255,0.16340254510766541,0.06605031758532445,0.08152949166667502,0.13671306362195296,0.10164575434174027,0.3545963317289478,0.09429267373051416,0.18444224677760085,0.04471466947688636,0.06750050498598165,0.1911796698425654,0.16646448339576006,0.09869680188678473,0.15388354988563785,0.31529600635664984,0.11730261187148877,0.20247490841399748,0.05670052168664793,0.19277381183983736,0.2159207442663503,0.06791251188713673,0.05365236410491182,0.10575797204979392,0.0890610933244565,0.3182529286418399,0.16592845940929335,0.15955399352998592,0.03927340148775338,0.24009752942176518,0.2106587338270038,0.22080184262869307,0.05399159008563422,0.06390620491701236,0.03681645588138558,0.11954656336370266,0.09510212707801179,0.21475093122862896,0.05460540520056117,0.07438060590537096,0.1631943737956888,0.2765435329574788,0.10708985912028696,0.21825403355153195,0.09487925635320633,0.07593919617160745,0.22628529374863732,0.06382012832209755,0.049097617730240746,0.03530730558576696,0.18719690702186523,0.11700851988804442,0.028348923763038197,0.07844066975234061,0.21825403355153195,0.1647014841231385,0.06279852860220687,0.11338932753021252,0.09897951380933881,0.09720702222508476,0.15664252575486765,0.029943120478630375,0.03215927506634591,0.055774104685159004,0.1843844272071021,0.18619259208399594,0.09811087086971863,0.03705585238141802,0.043071005021486634,0.04471466947688636,0.1647014841231385,0.0507314920588211,0.03839846356265713,0.05005063723535282,0.01869525894530098,0.04463339559281491,0.14113031011126084,0.07584865320171244,0.05453101905055259,0.02999614690083302,0.08657086839348747,0.025392678101793305,0.0465363904616811,0.08164072362909384,0.020386609431187586,0.055615668272831646,0.026709505515855436,0.018291443294187214,0.07734764030560726,0.1111333338491525,0.27554240885943343,0.12361762312368559,0.3229171991097377,0.3428503142213519,0.008422735088664578,0.0823375638533397,0.12481848783605332,0.012587335184230724,0.0607849939934305,0.08657086839348747,0.1518192802005353,0.04126416055933206,0.19223830649177262,0.036649896912632624,0.025392678101793305,0.0270145524300177,0.07373625391171952,0.03395120652051321,0.034958360764687876,0.022573770900477633,0.019457210346014938,0.02385857807363168,0.027606168990960488,0.11625767060285853,0.1860946727606127,0.34468304846797815,0.023908994145860896,0.029105527801113307,0.08244247697781007,0.16426708102052753,0.08406858724476178,0.06598354674678703,0.0550416688137162,0.001160583601150869,0.03794816822754598,0.04585573014994079,0.06097390686036244,0.03217564722898496,0.08325662503095924,0.04444735794264896,0.03935005438836094,0.21804882164329722,0.09897951380933881,0.06390620491701236,0.1246497705187889,0.10360607847073296,0.18619259208399594,0.0401083087727199,0.12860464508678013,0.05608147292049057,0.027046187939357282,0.03315502653878524,0.09835796675412416,0.08826146903160012,0.0898435307738926,0.06216262999539586,0.045795797598099486,0.19629602978222907,0.018425671901617,0.11815629172468389,0.011239942713006513,0.07851951477554499,0.1111333338491525,0.02264041966360618,0.06715841591553207
rowId51,0.03315502653878524,0.016040533338174266,0.03292973864397497,0.09300221264141717,0.04280986253284726,0.05745628713186052,0.16646448339576006,0.02089366322938851,0.0938511877510938,0.35546825740553917,0.03294574279750345,0.03211573957942239,0.06693039258088294,0.07309631450339381,0.0584438991170054,0.34567410193402004,0.09116752982577415,0.11458761931764577,0.1445201601817003,0.02611256720996245,0.055256227649755706,0.0618648465896002,0.20221099925335276,0.03280757013644673,0.14573659520976878,0.052956487694236526,0.05661462709928093,0.044860885474410195,0.14454419744297103,0.06194984082576789,0.0857171521604164,0.027339415128827614,0.09545180886436631,0.07020954388857871,0.05092201320945591,0.20146058500594796,0.05271634220676527,0.1116571166056257,0.1297611414039591,0.04744942273940095,0.1798948556160159,0.01907033912262752,0.02691960586289213,0.045360789929056525,0.015801451102450778,0.08414673120938626,0.13464322407379928,0.0657465267103825,0.3260595187431702,0.03248835396083318,0.01660390198358485,0.047162230417682645,0.3061785138368613,0.3162993595987294,0.08586955293230615,0.2534575377415102,0.06551654894201865,0.04176343650280099,0.033106713589935485,0.02002952840479787,0.195916188529966,0.20476934866778262,0.025197618312624327,0.05861421065705314,0.11402459448067369,0.1295841708513099,0.0519431516812059,0.02466226316757737,0.10426991559030556,0.08600508125519364,0.06828300839267314,0.06250205948427942,0.11077466046246393,0.028854506441448317,0.019127231002087627,0.04370905553095802,0.13070215436176996,0.18173888180230333,0.05991102424496552,0.19822721863685178,0.08481315466306634,0.03948408970897994,0.3545963317289478,0.044049624822995334,0.033506658653691006,0.03359679780667776,0.021241772437108286,0.042946920005675966,0.13554704684960045,0.08657764061190118,0.04210500574751806,0.015352563380492361,0.1354156656773594,0.3061785138368613,0.058487495737945545,0.06039117806019295,0.179143948589297,0.07241697745172099,0.08938470287517632,0.14988539535299075,0.11144192143260966,0.38875735910827086,0.10337740311861805,0.20221099925335276,0.049024242005896064,0.07400884668123524,0.20959641478555013,0.1825014914548815,0.10820335962123553,0.16870580819916503,0.34567410193402004,0.12860464508678013,0.2219849138281642,0.06216262999539586,0.21134613596198915,0.23672554762405443,0.07445848668361738,0.05882174479512728,0.11594780990046437,0.09763967183037908,0.34891311677638054,0.18191540179836385,0.17492427915422573,0.04305512182419307,0.2632336066482097,0.23095548830597412,0.24207692773610648,0.059194134118890046,0.07006921752847214,0.04036084414354057,0.13106381999870861,0.10426384688641321,0.23543932595827535,0.05986381853936585,0.08154620190035185,0.1789225102535176,0.30318879799301185,0.11740460218514133,0.23928241693201163,0.10402096773709571,0.08325662503095924,0.2480913783478117,0.0699667824915573,0.18444224677760085,0.042261196458572674,0.1615715416251067,0.028067500025218257,0.43441487236169335,0.03942154954513675,0.0313772043267731,0.02278187826579537,0.033579700002234446,0.10995881609813189,0.15919559162073024,0.06715841591553207,0.04187852298493348,0.15868440580585322,0.10904500645234083,0.03052038560590705,0.03735839786408729,0.03727036506772215,0.3556424361647484,0.23412335067903467,0.17172641547838768,0.033555591874811025,0.0630038274757027,0.036763862238349515,0.03334952467146852,0.06415207462311867,0.03080378095493439,0.12347727137335505,0.05034077198458959,0.1076361019752512,0.04917298652148906,0.07397354572993337,0.13468626386236254,0.06123350526234784,0.051082808073531286,0.0533719563635346,0.033506658653691006,0.014772500230663017,0.08406858724476178,0.05061685740582469,0.0987284859740227,0.14896969453060246,0.07593919617160745,0.21640617987221014,0.028923152962393183,0.08249538594581472,0.0505517010170282,0.09244417169740099,0.02352782975286913,0.021580403233670803,0.09880416150985406,0.049097617730240746,0.1040932907750545,0.08263987967781321,0.1788227873389219,0.1342836024757118,0.11179989357123193,0.15835562061705558,0.16552069044415763,0.026932067970345412,0.13914740977622023,0.05945534751366567,0.08496200088294405,0.18435777333481965,0.18003070762950393,0.024871013115369402,0.06115579624633521,0.017630175192375756,0.04251764915435123,0.04210500574751806,0.2038753946093372,0.03080378095493439,0.04375041821232045,0.24595226603168896,0.06460373209232116,0.023846452282117396,0.023992342584586136,0.25881898426779637,0.025160760491888617,0.06629030525291289,0.06620182671010647,0.15669038074703903,0.16638812160611435,0.07279057382105315,0.021151515504727717,0.5241880850131344,0.017072460048859595,0.04375041821232045,0.00193613108216705,0.08244247697781007,0.03633334323186749,0.04768002594368225,0.032818997701746046,0.025174039322353518,0.08481315466306634,0.053866987442392295,0.08078607664578705,0.057983344683024504,0.07261732845551341,0.00569868141837213,0.02313053330121862,0.059443151246513115,0.0265530593515837,0.04440583666255198,0.08963884549822916,0.010399175499135192,0.04769708527913133
rowId52,0.020247981163211536,0.05995406151271267,0.02317179731502134,0.10668520722708796,0.193635599882764,0.02313783907768579,0.03678678295654137,0.11928874304104242,0.2483154695117704,0.27298330321199804,0.08847280145958716,0.0632434822655344,0.04481391576928428,0.1677536341409256,0.03994451649516368,0.03400334190851857,0.062045093156662276,0.037558283967565914,0.18611516817269508,0.015258459652880734,0.1364791135843468,0.10039594338350237,0.03352815115625609,0.12131608126838168,0.027381273594172674,0.022546309686991825,0.03395120652051321,0.039295265544470714,0.2746187737836757,0.012126675197217269,0.021922161283611755,0.06201881903401059,0.05086519017247306,0.027339415128827614,0.11730261187148877,0.04349725231215473,0.05453101905055259,0.09074726331961366,0.0429850759827676,0.07389922166867542,0.021157916276166023,0.04213882884517572,0.19014511813092702,0.014019535842511229,0.010399175499135192,0.027606168990960488,0.03782898930479036,0.07792447873124378,0.03052038560590705,0.03486464801397875,0.05460540520056117,0.06053130067514153,0.023849798036602254,0.03256549912379051,0.023826594959694768,0.06130051184028606,0.018806418396416683,0.05034077198458959,0.1086200947835858,0.05513978848235159,0.1868962350416429,0.03924510396556578,0.012216891820285111,0.1580817611002511,0.14335025920532107,0.007194636632862728,0.04463339559281491,0.07103377565029463,0.057350477925272175,0.12481848783605332,0.08907090607325127,0.0629887879839539,0.05850393617212031,0.108774467065854,0.01970153680309463,0.1323933915099046,0.04058050711022771,0.1003528810059929,0.36400503546692115,0.3180651754385313,0.34468304846797815,0.013902640332945745,0.01238592740711079,0.025271682694782034,0.07734764030560726,0.11777693041468404,0.06222357521808899,0.06841565862114168,0.025197618312624327,0.05245383369473509,0.10060492240923555,0.05609276012837682,0.033097731182593564,0.12410549086147098,0.023705378825243036,0.02447860325380291,0.07261732845551341,0.029352972462383407,0.036230841073632856,0.06075676659749816,0.04516920421558451,0.15758099506012443,0.04190173012996835,0.08196324862914352,0.01986848339245085,0.02999614690083302,0.08496200088294405,0.07397354572993337,0.043858403215920334,0.06838553160708132,0.14011744072666557,0.05212729291658361,0.0899790526173496,0.025197618312624327,0.08566758211999098,0.09595609125389327,0.030182422378276723,0.023846452282117396,0.04700080692243039,0.03957776695492004,0.14143183671796988,0.07373625391171952,0.07090457711116659,0.017450624484275826,0.10670357252879333,0.09361426491082366,0.09812427323413456,0.023992342584586136,0.02840022742037241,0.016358000002096352,0.053126077928174774,0.042261196458572674,0.09543251971003722,0.024266183679863794,0.03305393741437245,0.07252304152301488,0.1228991753105598,0.04759092305037301,0.09699257399247305,0.0421658790621041,0.0337456475259338,0.10056264620920957,0.028358287807441887,0.23543932595827535,0.053126077928174774,0.021423618077814347,0.03137587953540144,0.03080378095493439,0.03127487733751449,0.05330037918976837,0.11118440660788745,0.02351782199413517,0.34891311677638054,0.011447945396967713,0.045509685059433785,0.1427773981478607,0.11538145086578852,0.023908994145860896,0.2106587338270038,0.11147700396371757,0.07252304152301488,0.15778891138703702,0.03961435402692669,0.2714605466469469,0.0069603434554135245,0.0277221587397961,0.051082808073531286,0.07451204275514442,0.1637682749328249,0.043145974762119024,0.11288499704623164,0.022964712006800666,0.036230841073632856,0.08583343789693548,0.15525234849131536,0.10112773277521184,0.04444735794264896,0.08249538594581472,0.05805212147369039,0.010071064154334532,0.0905182719978466,0.04458682553622899,0.019457210346014938,0.1279124781470182,0.03678678295654137,0.34468304846797815,0.05101712555052155,0.0755963524074938,0.15530946107413995,0.023908994145860896,0.07445848668361738,0.12380179439755364,0.12425308649778367,0.052083190847696914,0.45549265311912734,0.0014311573718241751,0.061844400965221764,0.03983635869480125,0.05533035481700348,0.20397206245230323,0.05636390858181385,0.049097617730240746,0.03113679629243459,0.04222067134673445,0.11594780990046437,0.11726927412993757,0.05086519017247306,0.11294952971498579,0.0397050772708996,0.020598295357288864,0.09543251971003722,0.1380096912362205,0.08380283722038466,0.04892163518420947,0.08226846302831745,0.07805267957088467,0.09340039086107733,0.011239942713006513,0.19745924543290813,0.0533719563635346,0.07441619064437292,0.034746682318480944,0.15883501452833554,0.11201857577179962,0.030328569389991258,0.24562228218208193,0.09622246946358516,0.06092904102196162,0.0027510090008349614,0.005679349701945355,0.04471466947688636,0.04322238139507759,0.020621798518323027,0.07710103079442301,0.019048800579276583,0.06064146875180415,0.020247981163211536,0.24775353246930432,0.172012297833012,0.3180651754385313,0.018432099923438347,0.08445385072126431,0.09897951380933881,0.11726927412993757,0.15326340587523377,0.10603764313892584,0.06644184695473425,0.039463191802789024,0.18593018660940214,0.09734795100242262
rowId53,0.07627885643610594,0.09429267373051416,0.15967368453543784,0.06097390686036244,0.012558098626810878,0.035898107525405044,0.07252304152301488,0.14481002004165813,0.021595790954911927,0.03947508985661001,0.0721305894263954,0.10897046204943009,0.06874798169201987,0.031876346560642095,0.018979402176076767,0.024618591499328494,0.022052915920142253,0.04754028045988503,0.07215257276062831,0.3197689405850322,0.1090167930446169,0.06203184337028378,0.02794422929916819,0.018979402176076767,0.06053130067514153,0.08586955293230615,0.2111621141291003,0.02650003550771703,0.09330931421783428,0.0541445986603901,0.04820576052431156,0.014375380660155637,0.19690434088246628,0.11907757489265196,0.04917298652148906,0.026709505515855436,0.06215243224595004,0.08566758211999098,0.04583884293867521,0.15968786781821426,0.021580403233670803,0.027694535126016932,0.06886356171131285,0.07117919171599127,0.12563750103973415,0.18426750232774555,0.06279852860220687,0.013409590494440833,0.02611256720996245,0.020498449919657748,0.046388466784095875,0.06250205948427942,0.2521000479886916,0.04300577383145825,0.09543251971003722,0.1441239985181465,0.05449139133272031,0.07206168782554961,0.05783041423428113,0.11882071775636806,0.07467052724840187,0.03386979239732146,0.030396685805813638,0.010874952074147064,0.05609276012837682,0.13478958388347761,0.027768061154365427,0.020889833352379115,0.046092288886077,0.06279852860220687,0.04615049880844655,0.14952523046457591,0.1295383910867325,0.07708572147077516,0.09959952523575737,0.03395120652051321,0.084028416742319,0.052153667803229845,0.21004634554321927,0.01678977509604229,0.09487925635320633,0.10250890973583873,0.01973453494446283,0.04213882884517572,0.02351227273072225,0.08924529259492195,0.027694535126016932,0.14371991382089253,0.06097390686036244,0.09893626269075131,0.06194984082576789,0.06319030421927102,0.033365314010788134,0.17172641547838768,0.03280757013644673,0.03386979239732146,0.10048285662540822,0.0406149742766575,0.050133515081212804,0.08406858724476178,0.06250849925275137,0.21804882164329722,0.057983344683024504,0.1134198647261424,0.027492306065426773,0.0415090335415429,0.11755973381021978,0.10236233413711866,0.06069020644170173,0.09462622765743829,0.19388151623358074,0.0721305894263954,0.12450729421284275,0.034867962672411844,0.1185385584173658,0.13277468211871718,0.04176343650280099,0.03299054287185349,0.06503226309649579,0.054763426404342466,0.1957036499749003,0.10203295344644954,0.09811087086971863,0.0241525457096305,0.14764441014550456,0.1295383910867325,0.1357760968140226,0.03319941164403907,0.03929745058332522,0.02263917793753184,0.0735112610680996,0.05848213623398934,0.1320554396711257,0.03357781202869811,0.04573619491427452,0.1003528810059929,0.17005480488327893,0.06584863655866877,0.13421121227743957,0.05834169532601587,0.04669969026339511,0.13914740977622023,0.03924510396556578,0.02351227273072225,0.012961469731987266,0.2548275354194706,0.15227726780942955,0.039463191802789024,0.032562388630048615,0.03633334323186749,0.2496359041853222,0.02814962589004989,0.07593919617160745,0.02696476681248785,0.01520413806018166,0.05086519017247306,0.1563681993870599,0.012409812198573015,0.03648124451396212,0.023580556072726674,0.11362113880128479,0.0461850859364933,0.08377775022095811,0.033106713589935485,0.034958360764687876,0.19745924543290813,0.3162993595987294,0.13464322407379928,0.12700540400463725,0.009873194535136116,0.1042569366773471,0.04463339559281491,0.017588295025992687,0.040245610853556525,0.06196559736719907,0.10006566146445842,0.12886494823050226,0.06421392437529953,0.020529509358829346,0.12481380621321259,0.13421121227743957,0.055422642859247175,0.11840644712166468,0.11594780990046437,0.03217564722898496,0.03056710604675929,0.07364483211004082,0.03240034146396136,0.024618591499328494,0.025029094172608478,0.036649896912632624,0.03832618871610142,0.01869083213487588,0.0265530593515837,0.3681248789730256,0.07621505512326755,0.12211068626932499,0.11867710015527264,0.193635599882764,0.1295082634805193,0.22380058753779314,0.1037583457617435,0.03753501969203252,0.0316759563735845,0.2417907223928248,0.024266183679863794,0.016063735838563173,0.008203217482846543,0.1479456936785445,0.07278167971079125,0.23158276126519725,0.012715153096983886,0.20247490841399748,0.07554793194649385,0.18628808680826586,0.05552993223624501,0.05487583547021357,0.06838553160708132,0.0984254873172523,0.044860885474410195,0.15955399352998592,0.08984605018464675,0.1354156656773594,0.03163575376733747,0.04372229617401926,0.23412335067903467,0.06039117806019295,0.0771158955617825,0.03924490953398031,0.06584863655866877,0.17042579593926416,0.0722395239920576,0.12807209650745013,0.03885148803211316,0.16710876139780362,0.034865189638133724,0.11009175703346592,0.26879822329353653,0.016040533338174266,0.033506658653691006,0.06382012832209755,0.048619139107471364,0.04440583666255198,0.15673013638471428,0.09340039086107733,0.04204329395914663,0.01988249542172972,0.046607082917171326,0.025029094172608478,0.028010747977871408
rowId54,0.020242087393360333,0.10328477219772461,0.13021606959958118,0.07309631450339381,0.09975901395039075,0.09379182321443247,0.037500805942635745,0.24094477657595723,0.10328477219772461,0.05220606181220708,0.12410549086147098,0.06222357521808899,0.05578830709588376,0.013145015428794026,0.051633899716894936,0.12425308649778367,0.14933438258730217,0.07031572056692838,0.030614514599098204,0.021241772437108286,0.09772256989304996,0.09225130635784731,0.060636570386870495,0.059480149237931254,0.045581527511999786,0.1159413949746028,0.060795326079078026,0.04481391576928428,0.04917032852208639,0.026336588642208864,0.08078607664578705,0.14141812516099347,0.1051118587615843,0.08135120198795744,0.10851714506791006,0.05240819850123343,0.041996588786748404,0.009482827252723503,0.12563750103973415,0.07131261226026689,0.1404080633955328,0.0016584474346639983,0.06080458903783766,0.022052915920142253,0.19261294250040287,0.03961435402692669,0.4100194020764493,0.035260075015522224,0.08712547088757225,0.008606575131975465,0.026426546782911408,0.034865189638133724,0.0378669845402935,0.1518192802005353,0.015352563380492361,0.03748970445464128,0.04608240081918501,0.11325291449263311,0.0026465754916795395,0.04759092305037301,0.13316941358652512,0.15627345005088242,0.14481002004165813,0.056891079170697266,0.08517001339279531,0.013409590494440833,0.1447976279773046,0.0399806288070988,0.00723332362833648,0.08600508125519364,0.3228831316963086,0.026980568448242415,0.07197347829236062,0.3594849603243823,0.02113556481743805,0.0265530593515837,0.0245809366740213,0.11412182255391809,0.12626963953472042,0.04375041821232045,0.0955187759967584,0.038627933456537346,0.01973453494446283,0.04636684804944004,0.11689600783611202,0.023806578256957357,0.03848544513246123,0.045922997763917076,0.02629983587546414,0.01666493942349854,0.10552438389889687,0.02317179731502134,0.0857171521604164,0.17327047237633048,0.033097731182593564,0.03417634251930709,0.10138195455992095,0.04097984159837939,0.05058439109993849,0.08482614416438125,0.06306523644878903,0.2200078992959789,0.05850393617212031,0.11443541100529811,0.027739673843593833,0.041880081706703216,0.11861451035848701,0.10328477219772461,0.06123350526234784,0.0954788470012861,0.19562540965975656,0.07278167971079125,0.12562638679141755,0.03518168490499371,0.11960470280766451,0.13396855290030701,0.04213882884517572,0.033290774643300255,0.0656152538296495,0.055256227649755706,0.19745924543290813,0.10294895835231888,0.09899324295735384,0.024365487239746613,0.14896969453060246,0.13070215436176996,0.1369968788708034,0.03349720982818285,0.03965121145683844,0.02284163337380396,0.07417031644006374,0.059004586079247745,0.13323971897869835,0.03387939669877388,0.04615049880844655,0.10125690672229279,0.17158028346212587,0.06644184695473425,0.1354156656773594,0.05886391966927162,0.047113868993233096,0.14040186023070478,0.0395962715405713,0.0649477681015009,0.08481315466306634,0.036846528821193866,0.019496038612461016,0.061847437905578964,0.08079535123336722,0.005005215016144767,0.035205111859481865,0.045581527511999786,0.012216891820285111,0.09304335223163059,0.14812399391349337,0.049024242005896064,0.04471466947688636,0.16331513308486978,0.09236449954720602,0.062285713965148974,0.07197347829236062,0.06838469631026628,0.3771672212472896,0.062350729694423915,0.2469646889848434,0.044521419544169445,0.11689600783611202,0.010196507717486642,0.047113868993233096,0.04056119255652058,0.2417907223928248,0.01660390198358485,0.09388686176416415,0.030927021957536882,0.0722395239920576,0.1125644642390023,0.06070335427422454,0.0848548636801642,0.0699128580206811,0.03256549912379051,0.23303426545035244,0.15178022389544338,0.03352815115625609,0.03681645588138558,0.03523405384106503,0.22380058753779314,0.3180651754385313,0.05511425938721453,0.06677823908643249,0.05833622116877451,0.1696726005404289,0.09500916353817297,0.05092201320945591,0.11266209052558614,0.03735984974308029,0.01988777446856482,0.05952281701584533,0.05772318999452151,0.015258459652880734,0.03123999571671486,0.06715841591553207,0.020247981163211536,0.22080184262869307,0.02710899991417163,0.015701948111027837,0.05783041423428113,0.04809396790315217,0.03045556880439479,0.03875747499066945,0.055251470079924085,0.04481391576928428,0.022386710360606483,0.034210362222606545,0.045795797598099486,0.0505517010170282,0.022190818518236684,0.038669056209247425,0.0938511877510938,0.06584732067285312,0.06873054017857778,0.10076413849603529,0.04270954807646496,0.0793443096543359,0.0329046009050689,0.11245629191416737,0.1580817611002511,0.0984254873172523,0.045360789929056525,0.1911693802116228,0.2258985049700433,0.3093554490731001,0.10738461346976483,0.191928510251779,0.03563154151704626,0.021157916276166023,0.1356380804867504,0.08425381116818527,0.026824400993290573,0.02313783907768579,0.04222978811763968,0.07864944924210476,0.062285713965148974,0.025333958859089768,0.11362113880128479,0.07397354572993337,0.14668917981254953,0.08414673120938626,0.05686233393948718,0.10618502505903259,0.04298511575898325
rowId55,0.045616126317840226,0.01647513823739269,0.06196559736719907,0.07373625391171952,0.17172641547838768,0.08964431767445613,0.18894688715902186,0.07942359275213501,0.056700360802280095,0.07767994817908282,0.051687603420260464,0.10190263505242705,0.16331513308486978,0.012087732820448055,0.0329315213687575,0.13066122595384033,0.140959726596463,0.026861697918467726,0.10786140375021272,0.09206805513314008,0.20428805750621565,0.05453101905055259,0.0594686421835955,0.12807209650745013,0.035617739209091205,0.02054140468873364,0.09519306227719453,0.13072710424841222,0.023846452282117396,0.1789631763486703,0.014019535842511229,0.04097984159837939,0.09222861443600389,0.21825403355153195,0.03542607471918619,0.03292973864397497,0.039716931145939396,0.1580817611002511,0.033309323892934846,0.05095963412617053,0.03991607894800064,0.2469646889848434,0.02857897095131983,0.03544353092451041,0.09893626269075131,0.06825487503589651,0.015165196934626564,0.08472293367978442,0.004799042885886919,0.0722395239920576,0.02555328322910774,0.08148668066719446,0.10186479796660679,0.002786736453702084,0.0695040546611142,0.03965121145683844,0.07252304152301488,0.1321701883802027,0.02317179731502134,0.07074922075822708,0.06841565862114168,0.20939838941095246,0.10249062815394472,0.06377588926060201,0.04162392941264945,0.0507314920588211,0.10328477219772461,0.11777693041468404,0.15086271529609083,0.03825583218523496,0.07389922166867542,0.15243063322524364,0.04276085660505043,0.012961469731987266,0.17638672838815636,0.03942154954513675,0.2223604653132783,0.04372229617401926,0.10121866702268312,0.009873194535136116,0.06308101847755063,0.01046299191267717,0.21095702757387483,0.0754669708164873,0.08914338531565498,0.03991607894800064,0.10190263505242705,0.0314607697635493,0.06435750665381641,0.03899315372958534,0.08566758211999098,0.0752064061748442,0.08738340122130314,0.1414196764074397,0.0270145524300177,0.027892269653222723,0.08274407282366453,0.03344599543635577,0.04128466076665463,0.06922884638999138,0.05147005307257128,0.17956653351301535,0.04774728846850738,0.09340039086107733,0.02264041966360618,0.03418437605602435,0.0968109961971932,0.08429347150409369,0.04998130919555556,0.07792447873124378,0.1596607802709601,0.05940037972146779,0.10252991989402437,0.028715490854207354,0.09761890088074457,0.10934531532203123,0.03439272521163692,0.027167382687697555,0.053552928875930855,0.04509791694775669,0.1611631355227145,0.084028416742319,0.08079535123336722,0.01988777446856482,0.1215872123146998,0.10667485251271967,0.11181024998578303,0.027339415128827614,0.03235926346470298,0.018639036263385752,0.06053595980176759,0.04816170391689469,0.10874647795539916,0.02765053618110973,0.03766539871962317,0.08263987967781321,0.14003920305160011,0.05422935740651338,0.11052145071876468,0.04804952846042931,0.03845064532152613,0.11458761931764577,0.03231724629731043,0.12411607552736283,0.30318879799301185,0.33091766808774714,0.0874074118222219,0.22105905987919588,0.06867273616548764,0.022901702888118634,0.05436172829632793,0.004252289108198878,0.16556059057061148,0.02049398507016983,0.0360755870758148,0.22290272665912386,0.1860946727606127,0.10724947234195165,0.11412182255391809,0.09429267373051416,0.03798354132414837,0.04610325480715077,0.20649467464612828,0.08274407282366453,0.1295178019926262,0.19320656892222257,0.10806418965376709,0.05357940536723349,0.06457918226837461,0.02696601461760173,0.033365314010788134,0.26307161862603196,0.0699128580206811,0.10039258696788503,0.004332332792757682,0.08732456447569596,0.010987912659858455,0.03574794240080859,0.11538145086578852,0.07005594247260512,0.38875735910827086,0.011167719420105799,0.0542228987442999,0.034911584713727004,0.07209222732767491,0.19016002304180096,0.16842985562662227,0.014956096707606049,0.06458494506397139,0.18619259208399594,0.11124057942966953,0.0378669845402935,0.02361421532171209,0.03280757013644673,0.15795199457320505,0.13289247623394812,0.01839084429740458,0.12526723464431033,0.055938634554263025,0.15835562061705558,0.0938511877510938,0.1342836024757118,0.11840644712166468,0.06082818198831625,0.3229171991097377,0.018979402176076767,0.009873194535136116,0.014399625229580902,0.048619139107471364,0.012087732820448055,0.11122896499749457,0.0241525457096305,0.013081264351617305,0.01976819149240272,0.10360607847073296,0.02137279835562717,0.2153453683839955,0.019457210346014938,0.072099642549982,0.01277488990260344,0.05024722004133929,0.10409300769221103,0.36368055324122,0.06070335427422454,0.057715175115986395,0.08840250238522263,0.03501514193951451,0.04178727469312611,0.026426546782911408,0.063784276915804,0.028010747977871408,0.031275357344309446,0.2578014176647156,0.06757375974048797,0.054938895266455595,0.11426457805788533,0.022198968675706938,0.0968109961971932,0.10737095420916197,0.12131608126838168,0.038669056209247425,0.028547592901568733,0.11926490911450775,0.048464710066720464,0.15217526271752516,0.022198968675706938,0.06134163395735278,0.03565841363186296,0.04095516332527793,0.06297106234016792
rowId56,0.08061541586142089,0.25635908080830144,0.02281560115399537,0.1779344105324831,0.0196556399038762,0.13289247623394812,0.09074726331961366,0.09593659412577094,0.051687603420260464,0.05005063723535282,0.057214840644141694,0.05334765586927046,0.04636684804944004,0.02743976817762768,0.06819333741960472,0.17638672838815636,0.3182529286418399,0.13683359295655975,0.01530033495826165,0.03666282831631107,0.034695106210996585,0.13315991708683086,0.0657465267103825,0.05722470980939253,0.019663016356227418,0.10738461346976483,0.02239055797752867,0.11201857577179962,0.10970978460661515,0.06882577223500075,0.07922861220116825,0.07993950078430732,0.25169580570047323,0.14573659520976878,0.03187190381782426,0.031756706272599924,0.05354673072017464,0.14190502455906753,0.11201857577179962,0.1452086934270091,0.03753501969203252,0.010581444816286216,0.06111234514641131,0.05453101905055259,0.051853501696350786,0.0595199526671757,0.05834458195742017,0.21825403355153195,0.1369968788708034,0.043763658440362514,0.19277381183983736,0.14510798968466007,0.07113296854299447,0.10307852310271426,0.08226846302831745,0.03307704851652938,0.013081264351617305,0.14529841026851467,0.06097390686036244,0.07381480878488941,0.0024663782729773404,0.1090167930446169,0.015258459652880734,0.07700547832610954,0.08892913104888106,0.19435376875942542,0.15967368453543784,0.11245629191416737,0.18350589336633658,0.0421658790621041,0.0035574907143634156,0.008422735088664578,0.11954656336370266,0.05745628713186052,0.19388151623358074,0.029985474340503245,0.07228921937305575,0.1452086934270091,0.13072710424841222,0.06873054017857778,0.18666027209475722,0.031876346560642095,0.0550416688137162,0.04615049880844655,0.026824400993290573,0.014257324378410534,0.11588311427078586,0.02760353810210546,0.08226846302831745,0.06644184695473425,0.032818997701746046,0.11402291709174132,0.02317179731502134,0.07734764030560726,0.014772500230663017,0.015255115808022152,0.04525431632382581,0.018291443294187214,0.022579196739952512,0.0378669845402935,0.02814962589004989,0.09820919447804341,0.02611256720996245,0.051082808073531286,0.012382517878824474,0.01869525894530098,0.05295063780666251,0.04610325480715077,0.02733218066286086,0.04261959859366956,0.08732456447569596,0.03248835396083318,0.05608147292049057,0.015701948111027837,0.05339413863343843,0.059802553182996904,0.018806418396416683,0.014860908062084252,0.029291059936358436,0.024663062392871464,0.08814272218469847,0.04595539194754334,0.0441892550832111,0.010874952074147064,0.06650081836383148,0.05834458195742017,0.06115579624633521,0.014951362342960125,0.01770105402259905,0.010196507717486642,0.033106713589935485,0.026336588642208864,0.059480149237931254,0.01512409783235807,0.020598295357288864,0.045200432058649556,0.07659175563472435,0.02966187467733761,0.060446261739116706,0.026276556651016393,0.021030671122743688,0.06267275232069118,0.017672990361177764,0.31529600635664984,0.0618648465896002,0.03848544513246123,0.07241697745172099,0.03307704851652938,0.10398192488485646,0.04892163518420947,0.20649467464612828,0.10902995955306398,0.055466322071612284,0.052405226629760854,0.023992342584586136,0.16181108040061645,0.09222861443600389,0.23543932595827535,0.03277899940354323,0.1265934144919582,0.017800098837098807,0.04804952846042931,0.2417907223928248,0.036230841073632856,0.26881345614637076,0.004975004103988152,0.051633899716894936,0.01660390198358485,0.023846452282117396,0.026861697918467726,0.3469715121223475,0.010987912659858455,0.03387497164470329,0.05103956064333818,0.03216971260422346,0.08079535123336722,0.08041896053972508,0.04222978811763968,0.03942154954513675,0.018374990323745136,0.07090457711116659,0.012587335184230724,0.1115905840203343,0.04267621179097056,0.046092288886077,0.14988539535299075,0.02273898861418235,0.2251822106904705,0.03887950188492328,0.10290633734405875,0.0755963524074938,0.0009565827979865296,0.05334765586927046,0.004799042885886919,0.041712302511136355,0.15967368453543784,0.21825403355153195,0.001393729645481836,0.40557282941627437,0.043430434770496025,0.2496359041853222,0.1263156157929624,0.08263987967781321,0.2548275354194706,0.035261434698328355,0.0378669845402935,0.26149081198054147,0.3229171991097377,0.04990213832453254,0.08010368087486869,0.04820576052431156,0.10854730204208571,0.21004634554321927,0.047856065533528384,0.025197618312624327,0.04595539194754334,0.11909544926042755,0.021580403233670803,0.05852680247216348,0.2578014176647156,0.030801362127112646,0.07734764030560726,0.020598295357288864,0.2714605466469469,0.02611256720996245,0.11144192143260966,0.08136133338035202,0.02520256731126624,0.020807297962228015,0.03439272521163692,0.10851714506791006,0.023806578256957357,0.1178912662492186,0.1412294811690744,0.021151515504727717,0.1414196764074397,0.012587335184230724,0.03782898930479036,0.09772256989304996,0.08380283722038466,0.03056710604675929,0.22664699653928227,0.1580817611002511,0.0024735841903112434,0.048464710066720464,0.02977049159155893,0.09045302062979264,0.1412294811690744,0.08257032572084051,0.08914338531565498
rowId57,0.08907090607325127,0.016137772223863426,0.014019535842511229,0.03248835396083318,0.044049624822995334,0.10565873408288223,0.01915352288157754,0.04107797825956584,0.0904686580562412,0.06319030421927102,0.03256549912379051,0.11385499890938716,0.049097617730240746,0.01520413806018166,0.010394252366224313,0.07876470710772351,0.16638812160611435,0.07853026456257887,0.14933438258730217,0.15086271529609083,0.059194134118890046,0.20872635028747744,0.11133391901952686,0.16552069044415763,0.02574444028713122,0.07137774300691742,0.0190519723518334,0.02002952840479787,0.06279852860220687,0.2714605466469469,0.1417595897119603,0.062123878833392175,0.13962037808819094,0.19248095965164957,0.1295178019926262,0.03550697569405258,0.04921266724526593,0.30318879799301185,0.02481288025966938,0.028303357240390212,0.10398192488485646,0.10039594338350237,0.013902640332945745,0.20736683539202264,0.019315778665033825,0.04130264847584571,0.07580490169761156,0.054280931684650695,0.01530033495826165,0.06457918226837461,0.05081679252632302,0.03563154151704626,0.020756155523585302,0.0362394855462694,0.04346462473617179,0.021118410496397552,0.03387939669877388,0.014772500230663017,0.14129435327272127,0.07915161640724724,0.04222978811763968,0.12410549086147098,0.07805267957088467,0.01907033912262752,0.10851714506791006,0.07005594247260512,0.04916600786159446,0.08507553736647443,0.0014042345243768168,0.04516920421558451,0.02137279835562717,0.22628529374863732,0.09519306227719453,0.06123350526234784,0.14399552386602338,0.04610325480715077,0.16552069044415763,0.172012297833012,0.038627933456537346,0.12941427028674948,0.17327047237633048,0.1116571166056257,0.1063164309380385,0.03759004280874613,0.17492427915422573,0.055256227649755706,0.033309323892934846,0.05422935740651338,0.026932067970345412,0.048619139107471364,0.10114236738919029,0.19261294250040287,0.05305495148621203,0.2417907223928248,0.0461850859364933,0.047691580699675384,0.14147342497775015,0.0571866857956583,0.07058851242365444,0.11836588863489117,0.08800441714809738,0.3070058519568064,0.08164072362909384,0.15968786781821426,0.03871069082009698,0.0584438991170054,0.16552069044415763,0.1441239985181465,0.08545342411244973,0.13323027286096276,0.27298330321199804,0.10155999662551508,0.17530093677818082,0.04909027753160908,0.16689987759202496,0.18694592172753058,0.058797927090255935,0.04645193071360075,0.09156471727650593,0.07710780672072709,0.27554240885943343,0.14365904546732117,0.1381458096349222,0.03400334190851857,0.2078788065117053,0.1823869310687453,0.1911693802116228,0.046747789712766004,0.05533035481700348,0.03187190381782426,0.10349991225940729,0.0823375638533397,0.18593018660940214,0.04727763522576811,0.06439905526673266,0.14129435327272127,0.2394309350208083,0.09272063992965827,0.18896364773024418,0.08214468497383062,0.0657465267103825,0.195916188529966,0.055251470079924085,0.09811087086971863,0.0245809366740213,0.11458761931764577,0.004975004103988152,0.10076413849603529,0.045922997763917076,0.10024902971260209,0.20476934866778262,0.10125690672229279,0.037378649224921054,0.18350589336633658,0.1452086934270091,0.0771158955617825,0.11836588863489117,0.05460540520056117,0.1932187420887361,0.021055835138022262,0.01348667430785373,0.0874074118222219,0.1824389242971646,0.13022584200540502,0.0656170881376967,0.060636570386870495,0.0190519723518334,0.05334765586927046,0.08614679481226657,0.16592845940929335,0.0014042345243768168,0.023705378825243036,0.17849674179298197,0.03520400737034127,0.058260940532916396,0.0196556399038762,0.0571866857956583,0.09438867908508199,0.030439379557517934,0.011447945396967713,0.0876026134183375,0.01513130881026172,0.1295383910867325,0.21215248245116475,0.0265530593515837,0.00569868141837213,0.09225130635784731,0.06841565862114168,0.029488681130087475,0.06262632535208257,0.024377994979228636,0.09199831259661723,0.004317486260476565,0.05101712555052155,0.14143183671796988,0.021118410496397552,0.25635908080830144,0.3037920355828678,0.07230439312494019,0.04083088049915265,0.025031390642341268,0.05669748161081187,0.09855186215742719,0.033290774643300255,0.12450729421284275,0.1562688333715234,0.040486436781981466,0.07805267957088467,0.020386609431187586,0.032952065867482595,0.045200432058649556,0.028358287807441887,0.044860885474410195,0.036291896834200026,0.08321436088057595,0.03748970445464128,0.2258985049700433,0.1500421363925138,0.06123350526234784,0.03248835396083318,0.09869680188678473,0.03409757716207294,0.07797456036523379,0.033097731182593564,0.0415504732210638,0.06316832941713058,0.01988249542172972,0.03501514193951451,0.13421121227743957,0.09593659412577094,0.04222067134673445,0.04440583666255198,0.19009898732459152,0.0627691656825544,0.03344599543635577,0.11365898223390919,0.21384661491077844,0.12138970524070905,0.0630038274757027,0.20857655664498323,0.09611385024571852,0.029356870216574262,0.06791251188713673,0.11867710015527264,0.10409300769221103,0.07329327435539988,0.11293500613327476,0.10039594338350237,0.0752064061748442,0.09330931421783428
rowId58,0.38875735910827086,0.05623017099871448,0.0017202596135649285,0.00424493197697294,0.018291443294187214,0.1175324079111423,0.05940037972146779,0.052956487694236526,0.029706759699468954,0.0635494061796558,0.10249062815394472,0.022901222912728655,0.04485720077955179,0.036187468336751134,0.45549265311912734,0.06460373209232116,0.052153667803229845,0.06787691772128103,0.06926103601658354,0.13021606959958118,0.06605031758532445,0.15360233910270657,0.11594780990046437,0.023806578256957357,0.030396685805813638,0.03908833083751431,0.10575797204979392,0.09669392721349093,0.015927063990360178,0.11960470280766451,0.027363439804964036,0.019996810121400154,0.060795326079078026,0.027606168990960488,0.06503226309649579,0.05986381853936585,0.006801340860506317,0.01647513823739269,0.008606575131975465,0.38875735910827086,0.15955399352998592,0.06458494506397139,0.1932187420887361,0.04998130919555556,0.08004269499961067,0.024663062392871464,0.06245472633172106,0.03418168625114799,0.030996936519047814,0.1323933915099046,0.24967309262222043,0.065728013099982,0.03927340148775338,0.03788775710543377,0.08196324862914352,0.03253960227038006,0.04321949947062577,0.10897046204943009,0.1166785550069508,0.05245383369473509,0.025029094172608478,0.0542228987442999,0.12450729421284275,0.00501509556765598,0.04585573014994079,0.024871013115369402,0.0838457233068345,0.16266482666147805,0.04785285354146018,0.03449769517907935,0.20537268538925627,0.02049398507016983,0.19745924543290813,0.07215257276062831,0.013570794622076622,0.13683359295655975,0.07058851242365444,0.21215248245116475,0.02815537823506851,0.05880646563927412,0.0656170881376967,0.06196559736719907,0.05833622116877451,0.03409757716207294,0.06321851305053366,0.017450624484275826,0.0649477681015009,0.030693479075619284,0.16266482666147805,0.19320656892222257,0.2333867513310674,0.45549265311912734,0.028923152962393183,0.23725070138533247,0.045319880274969276,0.046794393761696036,0.13881479140370268,0.056111954907429595,0.06926103601658354,0.11614626967264054,0.08635270049928916,0.30124595258678216,0.08010368087486869,0.15669038074703903,0.03798354132414837,0.057346481122152716,0.16241222083888848,0.14141812516099347,0.0838457233068345,0.13072710424841222,0.26785683595267257,0.099652762165392,0.172012297833012,0.04817075298797411,0.1637682749328249,0.1834345178956457,0.057693300840760825,0.045581527511999786,0.0898435307738926,0.07565897206750936,0.27036948105207664,0.140959726596463,0.13554704684960045,0.033365314010788134,0.20397206245230323,0.1789631763486703,0.18758162931895178,0.04586860269306368,0.05429242909402791,0.031275357344309446,0.10155896546150484,0.08079510604588554,0.1824389242971646,0.046388466784095875,0.06319030421927102,0.1386428392245063,0.2349367485001284,0.09097591582361568,0.18541752096511707,0.08060394579563751,0.06451092060994358,0.19223830649177262,0.054214800583152645,0.18003070762950393,0.05745113261848428,0.04962240834602832,0.14399552386602338,0.193635599882764,0.09893626269075131,0.03748970445464128,0.10121866702268312,0.02263772852861777,0.027694535126016932,0.10729126503837018,0.3228831316963086,0.006801340860506317,0.14668917981254953,0.09720702222508476,0.19009898732459152,0.4100194020764493,0.1500421363925138,0.0595199526671757,0.024098780808221292,0.07720896244367571,0.09487925635320633,0.04583884293867521,0.06922884638999138,0.08377775022095811,0.03530730558576696,0.12507654866951376,0.06926103601658354,0.059236462286335244,0.07995188821965497,0.022901222912728655,0.1052622382613658,0.045376733613794906,0.05692538241875496,0.11963798953386495,0.004332332792757682,0.05513978848235159,0.07125929557042193,0.046881382097812806,0.06169254292998417,0.09975901395039075,0.036291896834200026,0.05357940536723349,0.03983059066932128,0.03387939669877388,0.03835395733374427,0.028358287807441887,0.019287301519781058,0.1334709007063108,0.0618648465896002,0.033106713589935485,0.09595609125389327,0.17530093677818082,0.07460163473835035,0.15967368453543784,0.026276556651016393,0.0395962715405713,0.07580490169761156,0.06952257454552643,0.07389922166867542,0.011030822511195562,0.12425308649778367,0.20857655664498323,0.10155896546150484,0.0031098328052653304,0.04251764915435123,0.11882071775636806,0.013003491916629327,0.059443151246513115,0.03991607894800064,0.11710710220545238,0.021922161283611755,0.018639036263385752,0.15525086444828687,0.02535456283120991,0.12865367008844464,0.020756155523585302,0.024377994979228636,0.10155999662551508,0.16870580819916503,0.04261959859366956,0.043858403215920334,0.04132392199381643,0.0704920209854422,0.08635270049928916,0.15360233910270657,0.08614679481226657,0.05360222657306117,0.07865097944924848,0.026876565589276938,0.10751684760680322,0.017273800303183713,0.13396855290030701,0.3027496569786528,0.012587335184230724,0.016973271370151134,0.04754028045988503,0.09116752982577415,0.21386519591590655,0.023705378825243036,0.06759523942494555,0.04570153127571757,0.2200078992959789,0.14510798968466007,0.052384989966095176,0.005588867695018397,0.024618591499328494
rowId59,0.04230443740330246,0.12441356900095034,0.15258766027551868,0.0735112610680996,0.06168446572573735,0.1612891967285631,0.018958315266224966,0.12912460435442497,0.014661684040514657,0.041712302511136355,0.07117167890071133,0.05916657597753136,0.015469941711065378,0.191928510251779,0.08517001339279531,0.026861697918467726,0.10398192488485646,0.03211573957942239,0.024663062392871464,0.09510212707801179,0.5241880850131344,0.11426457805788533,0.09734795100242262,0.11960470280766451,0.07194821538076857,0.05371547389741796,0.05916657597753136,0.23928241693201163,0.10426991559030556,0.10125690672229279,0.01855574938879523,0.04525431632382581,0.16426708102052753,0.14190502455906753,0.08326537255041222,0.049097617730240746,0.03157549614693655,0.021595790954911927,0.051141409945534407,0.20152512057686184,0.06345286629684944,0.0792544397720208,0.12562638679141755,0.10076413849603529,0.05740994371397918,0.06075676659749816,0.09097591582361568,0.06390620491701236,0.03005283459482651,0.04795333646108831,0.15835562061705558,0.04542468396420786,0.02264041966360618,0.039876557026929625,0.036405905071761224,0.20146058500594796,0.10440381610333906,0.45549265311912734,0.08583343789693548,0.04219281776284814,0.04541251652372214,0.04424430627846097,0.07805267957088467,0.0907346183323277,0.08685234331831665,0.06129987982429951,0.12380179439755364,0.015258459652880734,0.03493008876530704,0.20874618180906124,0.04370905553095802,0.027606168990960488,0.023054019550028122,0.16364977061611355,0.05735692628781611,0.10294895835231888,0.11365898223390919,0.23543932595827535,0.034192443862057706,0.029356870216574262,0.14112762206315058,0.08244247697781007,0.05886391966927162,0.018291443294187214,0.10996811052562744,0.0537597443516009,0.06750050498598165,0.017072460048859595,0.057346481122152716,0.00193613108216705,0.012961469731987266,0.035205111859481865,0.09045302062979264,0.19512175973379914,0.03727036506772215,0.03848544513246123,0.1141660897894949,0.04615051968663605,0.05696289288454036,0.0955187759967584,0.07101758254728814,0.24775353246930432,0.06588276610283748,0.12886494823050226,0.03123999571671486,0.047162230417682645,0.13357245140683496,0.11630662596262815,0.06896073906595404,0.10751684760680322,0.220292524920484,0.08195793823383195,0.14146683755353875,0.03961435402692669,0.13468626386236254,0.15086271529609083,0.04744942273940095,0.03748970445464128,0.0738920103499353,0.06222357521808899,0.2223604653132783,0.11593151931672963,0.11147700396371757,0.02743976817762768,0.1677536341409256,0.14718307939982944,0.15427323840338192,0.03772199700644724,0.04465075375308366,0.025720319365882233,0.08352530227143147,0.06644712560729071,0.1500421363925138,0.03814931609514115,0.05196947250218702,0.11402291709174132,0.1932187420887361,0.07482193533990962,0.15249242112043093,0.06629030525291289,0.05305495148621203,0.1581044432373948,0.04458682553622899,0.04455737455271466,0.10290633734405875,0.045200432058649556,0.03518168490499371,0.027768061154365427,0.06134163395735278,0.10039594338350237,0.06886356171131285,0.052153667803229845,0.0772783426344131,0.22105905987919588,0.13621507646855882,0.3093554490731001,0.20720819671893126,0.07194821538076857,0.17822411405818522,0.08060394579563751,0.049744736908177364,0.04210500574751806,0.04102533692048867,0.025024671166916177,0.06557286050496769,0.0824477990648991,0.11103531492787581,0.0955187759967584,0.0201585408420951,0.00176492202251769,0.057715175115986395,0.04962240834602832,0.019845656749530753,0.1178912662492186,0.0764087364420143,0.123826265711517,0.10724947234195165,0.03648124451396212,0.16592845940929335,0.07426990010622855,0.004799042885886919,0.020756155523585302,0.08657086839348747,0.01669423581904388,0.04759092305037301,0.06267275232069118,0.1321701883802027,0.10328477219772461,0.0316759563735845,0.04916600786159446,0.1380096912362205,0.16689987759202496,0.03726148697091725,0.1637682749328249,0.13066122595384033,0.051687603420260464,0.0025689959322691643,0.10874647795539916,0.010071064154334532,0.09388686176416415,0.11052145071876468,0.032210831267687964,0.1911796698425654,0.06468796458830008,0.04458682553622899,0.18666027209475722,0.05092201320945591,0.021580403233670803,0.07006921752847214,0.06048729749479088,0.09543761332904574,0.033555591874811025,0.024663062392871464,0.03983635869480125,0.18444224677760085,0.021157916276166023,0.03848727934251136,0.05735554479919937,0.03782898930479036,0.036405905071761224,0.02857897095131983,0.07580490169761156,0.1834345178956457,0.04102533692048867,0.007615392198972024,0.041712302511136355,0.028358287807441887,0.034867962672411844,0.03875353309490299,0.3028211805111555,0.11402291709174132,0.010467376051495317,0.032359818370631226,0.03163575376733747,0.012216891820285111,0.11179989357123193,0.02284163337380396,0.1295178019926262,0.09684750332021232,0.30124595258678216,0.06130051184028606,0.004332332792757682,0.04990213832453254,0.04463134321514318,0.12411607552736283,0.03359679780667776,0.09811087086971863,0.014470794131012073,0.02317179731502134,0.07460163473835035
rowId60,0.04759092305037301,0.03357781202869811,0.2714605466469469,0.013003491916629327,0.034000464186655505,0.004332332792757682,0.004799042885886919,0.01988777446856482,0.019315778665033825,0.127041027563886,0.0664158250271298,0.10039258696788503,0.004975004103988152,0.04185138268959872,0.09017447478088754,0.2765435329574788,0.07882916111607614,0.023826594959694768,0.06759523942494555,0.10250890973583873,0.1042569366773471,0.11027956864797933,0.19690434088246628,0.027046187939357282,0.15835562061705558,0.1779344105324831,0.07797456036523379,0.10491625862270752,0.09897951380933881,0.12321405941938406,0.004152926940190109,0.10307852310271426,0.03994451649516368,0.1228991753105598,0.0490597499275445,0.0627691656825544,0.142594228576919,0.010987912659858455,0.31529600635664984,0.05334765586927046,0.07734764030560726,0.04078779991944996,0.03705585238141802,0.02351782199413517,0.15544147439358993,0.06867273616548764,0.02580952453634657,0.14632140965753745,0.051075750530004446,0.03489913479097014,0.15360233910270657,0.3070058519568064,0.05271634220676527,0.016040533338174266,0.15178022389544338,0.017800098837098807,0.05472964640721986,0.07876470710772351,0.0181559662694938,0.03319941164403907,0.016137772223863426,0.21825403355153195,0.07215257276062831,0.04251764915435123,0.05552993223624501,0.035617739209091205,0.056891079170697266,0.0537597443516009,0.06551654894201865,0.053628078709692925,0.09734795100242262,0.06075676659749816,0.023846452282117396,0.09510173084686854,0.10668520722708796,0.010874952074147064,0.13289247623394812,0.024124754485251945,0.03004152838787338,0.0314607697635493,0.022573770900477633,0.0429850759827676,0.07506896499436568,0.10421310024034515,0.09869680188678473,0.021580403233670803,0.09199831259661723,0.06796177011202863,0.10995881609813189,0.017588295025992687,0.06750234075417384,0.017766762353292203,0.05618891157550481,0.2714605466469469,0.051853501696350786,0.05354673072017464,0.15883501452833554,0.06420564322210497,0.0792544397720208,0.13289247623394812,0.09880416150985406,0.34468304846797815,0.09165802437935143,0.1792834397466763,0.04346462473617179,0.0656170881376967,0.18583451268168535,0.16181108040061645,0.09593659412577094,0.14958268588671825,0.3064858950054413,0.11402459448067369,0.1968180510868663,0.05511425938721453,0.1873828912940007,0.20989097606091836,0.06601684212396985,0.052153667803229845,0.10279955933541127,0.08657086839348747,0.3093554490731001,0.1612891967285631,0.1550911996168274,0.038176370151236406,0.2333867513310674,0.20476934866778262,0.21463072383043022,0.05248745394216506,0.062123878833392175,0.03578457377357328,0.11620181949525443,0.09244417169740099,0.20874618180906124,0.05307977036299651,0.07230439312494019,0.15863599133732575,0.26881345614637076,0.1040932907750545,0.21215248245116475,0.09222861443600389,0.07381480878488941,0.2199627082215403,0.06203184337028378,0.07074065692092224,0.1354156656773594,0.11118440660788745,0.04879590076482457,0.02710899991417163,0.2003959170726871,0.06556312471448641,0.1364791135843468,0.08698319649927172,0.09300221264141717,0.048297437251682875,0.023702634221545157,0.05360222657306117,0.12219537683003356,0.15346551334662537,0.18628808680826586,0.033358740680036456,0.23095548830597412,0.00588991757559099,0.025720319365882233,0.02584657308877199,0.10252991989402437,0.010581444816286216,0.055615668272831646,0.1040932907750545,0.015701948111027837,0.08963884549822916,0.03215927506634591,0.048464710066720464,0.11529490747573133,0.06844674841574178,0.1310381700263656,0.010343023728082419,0.07031572056692838,0.08614679481226657,0.08445385072126431,0.11689600783611202,0.055256227649755706,0.04267621179097056,0.034911584713727004,0.1868962350416429,0.033106713589935485,0.584049185076163,0.03544609355570803,0.013484203769131214,0.11147700396371757,0.03825583218523496,0.034695106210996585,0.057363782537312245,0.019996810121400154,0.04251837313333597,0.06882577223500075,0.051687603420260464,0.02562141734791899,0.08414673120938626,0.1295082634805193,0.12211068626932499,0.010874952074147064,0.053126077928174774,0.06048729749479088,0.037500805942635745,0.11242857206816594,0.09835796675412416,0.02999614690083302,0.02317179731502134,0.053990798115460266,0.10854730204208571,0.3070058519568064,0.12121331241289607,0.06588276610283748,0.03854625184302271,0.3197689405850322,0.010467376051495317,0.02580952453634657,0.13066122595384033,0.04424430627846097,0.06457918226837461,0.05942891483026106,0.025174039322353518,0.016040533338174266,0.030396685805813638,0.2111621141291003,0.09500916353817297,0.020529509358829346,0.04809396790315217,0.11276069009873572,0.020598295357288864,0.0699667824915573,0.04463339559281491,0.04521676151860069,0.04990213832453254,0.03248835396083318,0.042946920005675966,0.013409590494440833,0.016137772223863426,0.035363195774129205,0.22628529374863732,0.05696289288454036,0.12321405941938406,0.04185138268959872,0.191928510251779,0.11538145086578852,0.2258985049700433,0.014878934411381101,0.13106381999870861,0.3064858950054413,0.08263987967781321
rowId61,0.04203818600440162,0.05609276012837682,0.03854164996678236,0.06216262999539586,0.09763967183037908,0.0540927417505276,0.08924529259492195,0.019315778665033825,0.0898435307738926,0.0014311573718241751,0.0721305894263954,0.027046187939357282,0.0541445986603901,0.04210500574751806,0.0014734937643591185,0.04458682553622899,0.09300221264141717,0.06841565862114168,0.08496200088294405,0.18449154832084794,0.06839934237827247,0.06584863655866877,0.030396685805813638,0.10085216866489953,0.06457918226837461,0.05399159008563422,0.08786929151668124,0.1090167930446169,0.0017571564343280834,0.01855574938879523,0.3594849603243823,0.03736430133007787,0.027763038657373913,0.04754028045988503,0.09165802437935143,0.036230841073632856,0.10970978460661515,0.010336929883731765,0.020598295357288864,0.1868962350416429,0.09854469621923163,0.018432099923438347,0.16190114586296384,0.07220956990215752,0.1674209607725292,0.22290272665912386,0.03565841363186296,0.022198968675706938,0.03429226884051455,0.017766762353292203,0.014716686096325607,0.3771672212472896,0.027339415128827614,0.08874543296011354,0.046388466784095875,0.06944514977390738,0.049097617730240746,0.20341448967898124,0.13683359295655975,0.03439272521163692,0.031089106207021117,0.05686995490855384,0.19016002304180096,0.03915384690431336,0.0030499094301360435,0.11625767060285853,0.08029710466537372,0.05393921197358413,0.04095910770721359,0.04910280909990828,0.39546404121520046,0.01907033912262752,0.06874798169201987,0.012095021669586549,0.03578457377357328,0.027739673843593833,0.03835395733374427,0.0474565992792932,0.04769708527913133,0.3027496569786528,0.3545963317289478,0.04879590076482457,0.1309239724605942,0.3469715121223475,0.0201585408420951,0.15758099506012443,0.057346481122152716,0.07178921113168528,0.14190502455906753,0.03418168625114799,0.11626584452197324,0.037320078735145645,0.13671306362195296,0.06291784212017582,0.012018084666396207,0.012409812198573015,0.03681279137599688,0.014878934411381101,0.018364172732089117,0.030801362127112646,0.022901222912728655,0.07988827723680285,0.021241772437108286,0.0415504732210638,0.010071064154334532,0.01520413806018166,0.043071005021486634,0.037500805942635745,0.022234943294891715,0.03467003182642679,0.0710315829658983,0.026426546782911408,0.045616126317840226,0.01277488990260344,0.043430434770496025,0.04864227679937645,0.01530033495826165,0.012087732820448055,0.023828379467334102,0.020064425577496253,0.07170174788096212,0.037378649224921054,0.0359447612391452,0.00884621442655624,0.0540927417505276,0.0474565992792932,0.049744736908177364,0.012161449214596332,0.014399625229580902,0.008293484545749671,0.026932067970345412,0.021423618077814347,0.04837986921081425,0.012302249161072084,0.016754799503522624,0.036763862238349515,0.062303464678621655,0.024124754485251945,0.04917032852208639,0.02137279835562717,0.017106025771398956,0.050978000566798576,0.014375380660155637,0.10138195455992095,0.04321949947062577,0.0722395239920576,0.11138415490383903,0.015241665720065582,0.01987491124064308,0.04036084414354057,0.04465075375308366,0.012087732820448055,0.026585059228289947,0.052405226629760854,0.0555072862063709,0.1414196764074397,0.0277221587397961,0.034509813976437216,0.04270954807646496,0.014661684040514657,0.029943120478630375,0.09094831663440615,0.015241665720065582,0.026824400993290573,0.14011744072666557,0.27417998480996597,0.02263772852861777,0.082456895347769,0.14141812516099347,0.01986848339245085,0.21134613596198915,0.07709042215528919,0.04641012420267559,0.04071275281232493,0.09975901395039075,0.11684276578331389,0.13396855290030701,0.08380283722038466,0.03542607471918619,0.013409590494440833,0.07298990170758035,0.015529893083447616,0.08685226182184991,0.03351128377193219,0.11752161948341273,0.09519306227719453,0.11402459448067369,0.018958315266224966,0.036601858906629224,0.02243896273490084,0.09510212707801179,0.13844044529711408,0.0014042345243768168,0.03351405703448733,0.033097731182593564,0.10430790309244155,0.13464322407379928,0.07103377565029463,0.06021094519756196,0.033097731182593564,0.04586860269306368,0.045581527511999786,0.15868440580585322,0.022964712006800666,0.026980568448242415,0.008281152186413676,0.26566501185002683,0.11412182255391809,0.13554704684960045,0.08230037117986294,0.036601858906629224,0.03589832647286954,0.10328477219772461,0.026585059228289947,0.06250205948427942,0.0337456475259338,0.1356380804867504,0.1580817611002511,0.036763862238349515,0.009482827252723503,0.047113868993233096,0.11625513295709856,0.07400648649450245,0.14399552386602338,0.03924510396556578,0.2111621141291003,0.1246497705187889,0.032210831267687964,0.02696476681248785,0.12607267965372257,0.015801451102450778,0.042946920005675966,0.011030822511195562,0.021226796448345624,0.07438060590537096,0.11684276578331389,0.022234943294891715,0.10307852310271426,0.0316759563735845,0.1452086934270091,0.05916657597753136,0.025197618312624327,0.011353764515775563,0.04455737455271466,0.06421392437529953,0.1357009020748816,0.05393921197358413,0.06620182671010647,0.017630175192375756,0.10039594338350237
rowId62,0.057983344683024504,0.18283726985167884,0.04261959859366956,0.1612891967285631,0.14668917981254953,0.0024735841903112434,0.050749717000185206,0.19194275096689792,0.03935005438836094,0.3228831316963086,0.10729126503837018,0.055217181988922066,0.06791251188713673,0.06080458903783766,0.0962274436407269,0.04583884293867521,0.1228991753105598,0.0606517689478234,0.010987912659858455,0.06097390686036244,0.03875747499066945,0.09884639407295902,0.014635708471241923,0.027876176803554725,0.027876176803554725,0.10307852310271426,0.034958360764687876,0.0721305894263954,0.09222861443600389,0.45549265311912734,0.14335025920532107,0.1185385584173658,0.0643135158345426,0.03815638308977166,0.099652762165392,0.08079817537731275,0.00723332362833648,0.12425308649778367,0.1233723421551813,0.09500916353817297,0.0419386775708471,0.04097984159837939,0.09206805513314008,0.07178921113168528,0.06164151164633323,0.004799042885886919,0.08263987967781321,0.06886356171131285,0.029507745076402716,0.05957042965684036,0.018364172732089117,0.04177562316439023,0.1309239724605942,0.11294952971498579,0.02012066757282389,0.2578014176647156,0.15360233910270657,0.034210362222606545,0.27298330321199804,0.16181108040061645,0.11882071775636806,0.10186479796660679,0.01512409783235807,0.21134613596198915,0.10060492240923555,0.2578014176647156,0.09769224153143184,0.02783085768444364,0.12319189475464339,0.17172641547838768,0.10167435577256531,0.03983635869480125,0.028912686395979416,0.07800111967087671,0.05696289288454036,0.028854506441448317,0.07389922166867542,0.584049185076163,0.022579196739952512,0.03871069082009698,0.22321178026943483,0.035617739209091205,0.11052145071876468,0.36062337047888127,0.03991607894800064,0.07252304152301488,0.19512175973379914,0.017430691886933358,0.06838553160708132,0.07993950078430732,0.02381888579015437,0.10190263505242705,0.033506658653691006,0.03561139959328582,0.006801340860506317,0.007024772460824246,0.0208339993927098,0.008422735088664578,0.010394252366224313,0.017430691886933358,0.012961469731987266,0.04521676151860069,0.012023196246579756,0.02351782199413517,0.00569868141837213,0.008606575131975465,0.024377994979228636,0.021226796448345624,0.012587335184230724,0.019620235341900393,0.040202306975338144,0.014956096707606049,0.025817662585343973,0.00723332362833648,0.0245809366740213,0.027531620896947936,0.008660115293498229,0.0068412080772048455,0.013484203769131214,0.011353764515775563,0.04058050711022771,0.021157916276166023,0.020345966248878473,0.005005215016144767,0.030614514599098204,0.026861697918467726,0.02815537823506851,0.006885013636356038,0.008149511298223012,0.00469153133525907,0.015241665720065582,0.012126675197217269,0.027381273594172674,0.0069603434554135245,0.009482827252723503,0.02081028375652667,0.035261434698328355,0.013653968348247239,0.02783085768444364,0.012095021669586549,0.009681513657680633,0.028854506441448317,0.008136093675204323,0.06458494506397139,0.02313783907768579,0.017450624484275826,0.1911693802116228,0.05101712555052155,0.19435376875942542,0.13070215436176996,0.08230037117986294,0.03775970949684174,0.030693479075619284,0.033358740680036456,0.03307704851652938,0.06313882087780895,0.05686995490855384,0.14896969453060246,0.10060492240923555,0.093388886946188,0.08895253341747135,0.03648124451396212,0.07922861220116825,0.11118440660788745,0.17327047237633048,0.3391137012024435,0.05848213623398934,0.10565873408288223,0.12251165950289139,0.0201585408420951,0.051687603420260464,0.11684276578331389,0.012802176579163431,0.13066122595384033,0.051366119186550645,0.045616126317840226,0.21326958176696714,0.03240034146396136,0.27417998480996597,0.012802176579163431,0.17966692845076357,0.09500916353817297,0.03942154954513675,0.037452485883362904,0.10426991559030556,0.07215257276062831,0.0014042345243768168,0.18870426167675433,0.023705378825243036,0.03775970949684174,0.023580556072726674,0.04785285354146018,0.04401643776890336,0.06629030525291289,0.09018835436075119,0.08892913104888106,0.02351782199413517,0.11588311427078586,0.30152961729774447,0.0505517010170282,0.07929654641953629,0.06584732067285312,0.05686893322128239,0.050133515081212804,0.027606168990960488,0.14143183671796988,0.11432857919387622,0.05952281701584533,0.10552438389889687,0.033555591874811025,0.12236543073654657,0.1323334003157555,0.05360222657306117,0.16331513308486978,0.018955262996848417,0.10085216866489953,0.029326273724277544,0.06114028361909431,0.03786621570464605,0.034192443862057706,0.008149511298223012,0.06203825029697983,0.11426457805788533,0.08226846302831745,0.045795797598099486,0.2121707794512331,0.04213882884517572,0.07309631450339381,0.026932067970345412,0.15669038074703903,0.140959726596463,0.03808331619262089,0.034695106210996585,0.10668520722708796,0.03429226884051455,0.043406971336301,0.010196507717486642,0.04809396790315217,0.22105905987919588,0.03929745058332522,0.11009175703346592,0.03248835396083318,0.06787691772128103,0.10440381610333906,0.015170411416985165,0.046881382097812806,0.06457918226837461,0.2333867513310674,0.06886356171131285,0.010399175499135192
rowId63,0.019620235341900393,0.03871069082009698,0.06164151164633323,0.0429850759827676,0.06644184695473425,0.037378649224921054,0.13478958388347761,0.03788775710543377,0.07114096024572565,0.010874952074147064,0.10477976030004915,0.2076241358354501,0.029488681130087475,0.06369774307302835,0.27298330321199804,0.03418437605602435,0.11575658288256026,0.018291443294187214,0.06216262999539586,0.15955399352998592,0.0025689959322691643,0.03193248632198632,0.045581527511999786,0.027839708058538748,0.05088840639974515,0.11362113880128479,0.012018084666396207,0.13554704684960045,0.04754028045988503,0.045200432058649556,0.06598354674678703,0.0415504732210638,0.03350840518769029,0.07397354572993337,0.04222067134673445,0.07929262048894575,0.04036084414354057,0.07666916063144738,0.04817075298797411,0.11630662596262815,0.05580781562436631,0.11218261353333293,0.0541445986603901,0.1798948556160159,0.2199627082215403,0.08684442825395526,0.18619259208399594,0.43869097846121036,0.11625513295709856,0.05745628713186052,0.03875747499066945,0.09388686176416415,0.018425671901617,0.03733659973021283,0.05061685740582469,0.1563681993870599,0.13072710424841222,0.14718307939982944,0.02555328322910774,0.20221099925335276,0.07915161640724724,0.06313882087780895,0.04998130919555556,0.1824389242971646,0.0899923145289757,0.12321405941938406,0.025897385529207652,0.1086200947835858,0.020064425577496253,0.019457210346014938,0.08553715656480743,0.03349720982818285,0.06215243224595004,0.0419386775708471,0.05978660310536649,0.10656782405670617,0.10995881609813189,0.020122083008015757,0.10426991559030556,0.027739673843593833,0.13310438824799042,0.14825661287507363,0.04210500574751806,0.22321178026943483,0.18353317167795255,0.17530093677818082,0.21825403355153195,0.09244417169740099,0.20579014505034474,0.1911796698425654,0.08214468497383062,0.03737447382194406,0.06245472633172106,0.15785882849713337,0.030153517681651424,0.03113679629243459,0.09236449954720602,0.03733659973021283,0.04608240081918501,0.0772783426344131,0.05745628713186052,0.20044102279815545,0.05330037918976837,0.1042569366773471,0.025271682694782034,0.03815638308977166,0.10806418965376709,0.09409381491828588,0.05578830709588376,0.08698319649927172,0.17822411405818522,0.06631257114977637,0.11445004906312639,0.03205144736031224,0.10897046204943009,0.12205572874413355,0.03839141000492729,0.030328569389991258,0.0597815607672343,0.05034077198458959,0.1798948556160159,0.09379182321443247,0.09018835436075119,0.022197490518024013,0.13571850953256293,0.11907757489265196,0.12481380621321259,0.03052038560590705,0.03612476729242831,0.020807297962228015,0.06757375974048797,0.0537597443516009,0.12138970524070905,0.03086444059220104,0.04204329395914663,0.09225130635784731,0.1563213946479865,0.06053130067514153,0.1233723421551813,0.053628078709692925,0.04292360038385886,0.1279124781470182,0.0360755870758148,0.14638398611707923,0.06381984694513282,0.033290774643300255,0.12425308649778367,0.2496359041853222,0.016588984493490472,0.034370664243488024,0.03216971260422346,0.18338484295646426,0.16316697912643482,0.0722395239920576,0.0330249773605309,0.04615049880844655,0.012087732820448055,0.08352530227143147,0.049744736908177364,0.09622246946358516,0.04322238139507759,0.05511425938721453,0.010394252366224313,0.05260097431677552,0.08684442825395526,0.1581044432373948,0.10426991559030556,0.10981751210074983,0.0954788470012861,0.1090167930446169,0.11460330998056277,0.031756706272599924,0.1596607802709601,0.05422935740651338,0.04128466076665463,0.11626584452197324,0.04491749837502824,0.08657764061190118,0.11443541100529811,0.06356196425814355,0.1655563823290761,0.023844478287064486,0.018806418396416683,0.09975901395039075,0.21326958176696714,0.08482614416438125,0.08600508125519364,0.33918533192477185,0.08840250238522263,0.03418168625114799,0.028599325313790534,0.3093554490731001,0.047113868993233096,0.036846528821193866,0.07486977280851757,0.02317179731502134,0.0755963524074938,0.06841565862114168,0.030086858276874,0.031868410667312,0.10394473113420492,0.2333867513310674,0.023550772814327676,0.05995406151271267,0.0857171521604164,0.027739673843593833,0.0749770436991232,0.06123350526234784,0.12607267965372257,0.11538145086578852,0.2038753946093372,0.11740460218514133,0.02054140468873364,0.04462283994352437,0.09244417169740099,0.16592845940929335,0.11181024998578303,0.061119482480982854,0.04455737455271466,0.1843844272071021,0.03748970445464128,0.35546825740553917,0.09206805513314008,0.11594780990046437,0.02999614690083302,0.0754669708164873,0.07074577782997114,0.21004634554321927,0.08938470287517632,0.04615049880844655,0.25635908080830144,0.049097617730240746,0.13478958388347761,0.08214468497383062,0.05354673072017464,0.040845637903666084,0.025355727280114457,0.009681513657680633,0.1674209607725292,0.11755973381021978,0.0406149742766575,0.06644712560729071,0.1792834397466763,0.20397206245230323,0.1596607802709601,0.093388886946188,0.013409590494440833,0.059480149237931254,0.17638672838815636,0.16552069044415763
rowId64,0.08684442825395526,0.4999321195827659,0.11752161948341273,0.04806025016521924,0.04203818600440162,0.05180395422007624,0.023846452282117396,0.14764441014550456,0.08654471896219404,0.11385499890938716,0.02113556481743805,0.1356380804867504,0.05618891157550481,0.07023972692722037,0.02794422929916819,0.1380096912362205,0.04298511575898325,0.15863599133732575,0.04795333646108831,0.031876346560642095,0.0419386775708471,0.08814272218469847,0.02317179731502134,0.04589467591825148,0.006246975601047956,0.14335025920532107,0.07278167971079125,0.04795333646108831,0.0845594630992321,0.11625767060285853,0.021580403233670803,0.15673013638471428,0.009482827252723503,0.26307161862603196,0.04917032852208639,0.034867962672411844,0.15607134131012784,0.1563681993870599,0.013902640332945745,0.14112762206315058,0.1879263109057972,0.2534575377415102,0.06601684212396985,0.045581527511999786,0.03502074766405762,0.05882174479512728,0.18191540179836385,0.08029710466537372,0.19320656892222257,0.029488681130087475,0.21476115788320732,0.03005283459482651,0.059004586079247745,0.1310381700263656,0.03007671168660523,0.04435980035507822,0.14113031011126084,0.04095516332527793,0.01669423581904388,0.10394473113420492,0.027910207489554757,0.12987758190099027,0.12607267965372257,0.06458494506397139,0.014878934411381101,0.04573619491427452,0.019663016356227418,0.06313882087780895,0.01976819149240272,0.08865993303919399,0.03924490953398031,0.14143183671796988,0.04465075375308366,0.07215257276062831,0.03307704851652938,0.0752064061748442,0.03387497164470329,0.05986381853936585,0.04267621179097056,0.01973453494446283,0.049933419816022,0.007024772460824246,0.03386979239732146,0.06757375974048797,0.07700547832610954,0.12219537683003356,0.026483930919803868,0.051602939631941826,0.16613313457885215,0.10114236738919029,0.058487495737945545,0.00866723760616279,0.03127487733751449,0.054129586089871874,0.010336929883731765,0.010673337756590316,0.0316759563735845,0.012802176579163431,0.015801451102450778,0.02650003550771703,0.01970153680309463,0.06873054017857778,0.018275824150812713,0.03574794240080859,0.00866723760616279,0.013081264351617305,0.03705585238141802,0.032264556125907624,0.019127231002087627,0.029826891600890564,0.06111234514641131,0.02273898861418235,0.03924490953398031,0.010987912659858455,0.03736430133007787,0.04185138268959872,0.01316133287268846,0.010399175499135192,0.020498449919657748,0.017264477451250176,0.06168603994923707,0.03215927506634591,0.030927021957536882,0.007615392198972024,0.0465363904616811,0.04083088049915265,0.042797119164057644,0.01046299191267717,0.01238592740711079,0.007131961602682052,0.02317179731502134,0.018432099923438347,0.04162392941264945,0.010581444816286216,0.014415037939537852,0.03163575376733747,0.05360222657306117,0.020756155523585302,0.04230443740330246,0.01839084429740458,0.014716686096325607,0.04385903655213013,0.012366508001763019,0.02977049159155893,0.07593919617160745,0.08964431767445613,0.029383760512826113,0.16331513308486978,0.043858403215920334,0.07942359275213501,0.010987912659858455,0.0190519723518334,0.058789740339478584,0.0874074118222219,0.1382327865214983,0.03929745058332522,0.1078497759557763,0.06922884638999138,0.04610325480715077,0.252546345387661,0.14129435327272127,0.020242087393360333,0.09244417169740099,0.03520873620064968,0.07170174788096212,0.050749717000185206,0.11385499890938716,0.02535456283120991,0.030396685805813638,0.1518192802005353,0.13949900142465416,0.025897385529207652,0.05578830709588376,0.08970041153957714,0.0632434822655344,0.04921266724526593,0.046747789712766004,0.10575797204979392,0.2480913783478117,0.013409590494440833,0.3028211805111555,0.09017447478088754,0.06644712560729071,0.08380283722038466,0.05460540520056117,0.16556059057061148,0.11836588863489117,0.03782898930479036,0.05130884486760263,0.06584732067285312,0.1166785550069508,0.09857740111087837,0.056891079170697266,0.09865414033922758,0.02696476681248785,0.2111621141291003,0.273296513704592,0.3162993595987294,0.28973263368498414,0.010196507717486642,0.06839934237827247,0.1518192802005353,0.027046187939357282,0.11626584452197324,0.07090457711116659,0.09669392721349093,0.16870580819916503,0.0752064061748442,0.15530946107413995,0.06873054017857778,0.11926490911450775,0.1779344105324831,0.01869525894530098,0.07460163473835035,0.09300221264141717,0.27554240885943343,0.21326958176696714,0.07658065332977336,0.1789631763486703,0.05058439109993849,0.10656782405670617,0.43869097846121036,0.15785882849713337,0.12228666395372358,0.3771672212472896,0.018432099923438347,0.14638398611707923,0.127041027563886,0.018364172732089117,0.05429242909402791,0.10328477219772461,0.038971085005950805,0.0874074118222219,0.0721305894263954,0.11266209052558614,0.07058851242365444,0.010336929883731765,0.12321405941938406,0.010394252366224313,0.0471885983259131,0.03121060153353462,0.06048729749479088,0.0490597499275445,0.01987491124064308,0.2386319475261509,0.11625767060285853,0.02966187467733761,0.021654483572879402,0.10187193224047701,0.11266209052558614
rowId65,0.027980646120439018,0.07844066975234061,0.2200078992959789,0.01973453494446283,0.04917298652148906,0.055217181988922066,0.08732456447569596,0.0749770436991232,0.20221099925335276,0.06838553160708132,0.09761890088074457,0.11273450456651479,0.13464322407379928,0.16678773669465566,0.012095021669586549,0.031798389482455613,0.06168603994923707,0.43441487236169335,0.18666027209475722,0.04267621179097056,0.15673013638471428,0.05623017099871448,0.11402291709174132,0.18619259208399594,0.023846452282117396,0.34891311677638054,0.06605031758532445,0.0656170881376967,0.05852680247216348,0.2483154695117704,0.2553151597134402,0.584049185076163,0.08949112162957971,0.12211806068723663,0.039463191802789024,0.15795199457320505,0.04222978811763968,0.012944281733999176,0.035205111859481865,0.1266858152845967,0.019996810121400154,0.06503226309649579,0.0899923145289757,0.08380283722038466,0.07710103079442301,0.11412182255391809,0.09970243584113091,0.03948408970897994,0.10316854057431916,0.010071064154334532,0.15758099506012443,0.048619139107471364,0.03788775710543377,0.23861576314397512,0.026059042153095482,0.04916600786159446,0.06744074606654175,0.03905296466375901,0.020321361358463564,0.17419125449951103,0.03736430133007787,0.013145015428794026,0.11630662596262815,0.1037583457617435,0.05772318999452151,0.017072460048859595,0.13886235682904702,0.08814272218469847,0.002450277267931671,0.038627933456537346,0.03299054287185349,0.0785721462772907,0.021226796448345624,0.1911693802116228,0.047635917976653605,0.09545180886436631,0.024124754485251945,0.062303464678621655,0.1792834397466763,0.0313772043267731,0.06201881903401059,0.15868440580585322,0.04734445323783841,0.027492306065426773,0.018432099923438347,0.06069020644170173,0.03493008876530704,0.03561139959328582,0.07364483211004082,0.0848548636801642,0.045922997763917076,0.033555591874811025,0.02760353810210546,0.11477596273895989,0.021922161283611755,0.02263772852861777,0.06715841591553207,0.027146168235100094,0.033506658653691006,0.05618891157550481,0.04177562316439023,0.14573659520976878,0.03875353309490299,0.07580490169761156,0.018374990323745136,0.02774020260628076,0.0785721462772907,0.06841565862114168,0.04056119255652058,0.0632434822655344,0.1295841708513099,0.04821058808631389,0.08321436088057595,0.023303430075389122,0.07922861220116825,0.08874543296011354,0.027910207489554757,0.022052915920142253,0.04346231377022084,0.036601858906629224,0.13079995882111786,0.06819333741960472,0.06557286050496769,0.016137772223863426,0.09868190931741555,0.08657764061190118,0.09074726331961366,0.022190818518236684,0.026263694827171676,0.01513130881026172,0.049131978517202565,0.03908833083751431,0.08826146903160012,0.02243896273490084,0.03056710604675929,0.06707224149513806,0.11365898223390919,0.04401643776890336,0.08970041153957714,0.03899315372958534,0.03121060153353462,0.09300221264141717,0.02623006659696883,0.19562540965975656,0.23095548830597412,0.012802176579163431,0.07037567900853456,0.019092016924790765,0.026059042153095482,0.026483930919803868,0.33091766808774714,0.03253960227038006,0.07389922166867542,0.036291896834200026,0.04455737455271466,0.023686072056975687,0.023992342584586136,0.058789740339478584,0.3556424361647484,0.07114096024572565,0.019620235341900393,0.06874798169201987,0.2349367485001284,0.028348923763038197,0.10355086589252654,0.033358740680036456,0.057350477925272175,0.05787162479345371,0.07785515459993708,0.060266059686105294,0.06455453056223481,0.0329046009050689,0.02284163337380396,0.0014734937643591185,0.07037493381792351,0.04058050711022771,0.10155896546150484,0.048464710066720464,0.02263772852861777,0.0630038274757027,0.030927021957536882,0.0554855060325719,0.19194275096689792,0.007024772460824246,0.11186074983563712,0.024124754485251945,0.01869083213487588,0.13074656879043367,0.1246497705187889,0.0987284859740227,0.07298990170758035,0.20044102279815545,0.07113296854299447,0.0031098328052653304,0.16266482666147805,0.08553715656480743,0.08152949166667502,0.15795199457320505,0.0325779914417661,0.108774467065854,0.1825014914548815,0.033365314010788134,0.13962037808819094,0.029446283759633547,0.3003177616492855,0.021654483572879402,0.012587335184230724,0.017273800303183713,0.0014042345243768168,0.2746187737836757,0.1625737309454052,0.07389922166867542,0.025817662585343973,0.04270954807646496,0.054763426404342466,0.019845656749530753,0.08249538594581472,0.04990213832453254,0.10316854057431916,0.27554240885943343,0.08034193349068149,0.3028211805111555,0.1611631355227145,0.03467003182642679,0.07586344697981773,0.01520413806018166,0.063784276915804,0.1356380804867504,0.04094085519318643,0.0507553338290804,0.0890191691639798,0.06134922898764997,0.03439272521163692,0.055615668272831646,0.028943925314967582,0.03167120150154307,0.11710710220545238,0.04463134321514318,0.20397206245230323,0.2076241358354501,0.09045302062979264,0.07734764030560726,0.16678773669465566,0.03357781202869811,0.025897385529207652,0.10290633734405875,0.3162993595987294,0.09868190931741555,0.06201881903401059,0.0905182719978466
rowId66,0.03935005438836094,0.2251822106904705,0.1279124781470182,0.03815638308977166,0.13949900142465416,0.12121331241289607,0.0584438991170054,0.05578830709588376,0.01520413806018166,0.07262101302967139,0.08847280145958716,0.17419125449951103,0.08914338531565498,0.01839084429740458,0.026980568448242415,0.14371991382089253,0.17492427915422573,0.07708572147077516,0.09704550650974093,0.18449154832084794,0.09869680188678473,0.10114236738919029,0.20540485068688014,0.0541445986603901,0.04190173012996835,0.030328569389991258,0.27554240885943343,0.055422642859247175,0.03248835396083318,0.026980568448242415,0.010394252366224313,0.19223830649177262,0.025014108046232233,0.019620235341900393,0.16822232470883255,0.03417634251930709,0.04570153127571757,0.07593919617160745,0.027910207489554757,0.06175482815656476,0.45997384824528237,0.02313783907768579,0.062350729694423915,0.10737095420916197,0.0014734937643591185,0.05758670702735719,0.02317179731502134,0.07005594247260512,0.11538145086578852,0.18719690702186523,0.18758162931895178,0.05880646563927412,0.060266059686105294,0.065728013099982,0.07220956990215752,0.09094831663440615,0.03215927506634591,0.2076241358354501,0.04916600786159446,0.03612476729242831,0.11124057942966953,0.009256460734643968,0.061019999055244085,0.04463134321514318,0.1295178019926262,0.14573659520976878,0.1655563823290761,0.0406149742766575,0.044667915145341616,0.07482193533990962,0.09555741616989258,0.021055835138022262,0.07309631450339381,0.08429347150409369,0.0325779914417661,0.20989097606091836,0.13106381999870861,0.36457726444627037,0.05636390858181385,0.12410549086147098,0.03887950188492328,0.018955262996848417,0.022901222912728655,0.03307704851652938,0.3715749938643185,0.023969313841829896,0.06319030421927102,0.029339572424451857,0.02584657308877199,0.055615668272831646,0.3162993595987294,0.11477596273895989,0.06264437487725902,0.45997384824528237,0.08786929151668124,0.09073026914828385,0.26913692879840234,0.10879308328872195,0.1342836024757118,0.2251822106904705,0.1674209607725292,0.584049185076163,0.15530946107413995,0.3037920355828678,0.07364483211004082,0.11118440660788745,0.3148892573261145,0.27417998480996597,0.16256286021822472,0.2534575377415102,0.5193187597312484,0.19320656892222257,0.3334925090390668,0.093388886946188,0.3175120038808173,0.3556424361647484,0.11186074983563712,0.08837334186260187,0.17419125449951103,0.14668917981254953,0.5241880850131344,0.273296513704592,0.26279658803543204,0.06468796458830008,0.39546404121520046,0.3469715121223475,0.36368055324122,0.08892913104888106,0.1052622382613658,0.060636570386870495,0.19690434088246628,0.15664252575486765,0.35371062299421097,0.0899400568571098,0.12251165950289139,0.26879822329353653,0.45549265311912734,0.17638607500940456,0.3594849603243823,0.15627345005088242,0.12507654866951376,0.3727138994028762,0.1051118587615843,0.02116821400719217,0.0962274436407269,0.08244247697781007,0.06515893991520305,0.15835562061705558,0.03084410864312551,0.26149081198054147,0.0329046009050689,0.02710899991417163,0.028854506441448317,0.02002952840479787,0.03705585238141802,0.11772017342388433,0.1792834397466763,0.03468003074247901,0.1295178019926262,0.1843844272071021,0.029706759699468954,0.07708572147077516,0.15346551334662537,0.09857740111087837,0.012134930745230818,0.1500421363925138,0.047113868993233096,0.04440583666255198,0.1185385584173658,0.11338932753021252,0.03794816822754598,0.22961718615419324,0.0673440682358704,0.10279955933541127,0.006801340860506317,0.009482827252723503,0.11443541100529811,0.07170174788096212,0.063784276915804,0.01647513823739269,0.05005063723535282,0.12860464508678013,0.1369968788708034,0.05580781562436631,0.08079535123336722,0.07929654641953629,0.33091766808774714,0.34891311677638054,0.028154251193438836,0.08814272218469847,0.055217181988922066,0.12219537683003356,0.19016002304180096,0.08600653786498069,0.21134613596198915,0.014661684040514657,0.16710876139780362,0.2364005381988082,0.0632434822655344,0.1823869310687453,0.04222978811763968,0.09116752982577415,0.04615049880844655,0.07800111967087671,0.07417031644006374,0.07700547832610954,0.09555741616989258,0.049097617730240746,0.08352530227143147,0.1596607802709601,0.012382517878824474,0.05104574543442532,0.0749770436991232,0.14971586933495437,0.11245629191416737,0.14335025920532107,0.14529841026851467,0.02137279835562717,0.18186820160151645,0.033097731182593564,0.1615715416251067,0.1612891967285631,0.3469715121223475,0.17956653351301535,0.04070700659105985,0.12563750103973415,0.15784646325867696,0.04647464526117058,0.19009898732459152,0.02239055797752867,0.03113679629243459,0.023054019550028122,0.020529509358829346,0.11620181949525443,0.020529509358829346,0.2076241358354501,0.04083088049915265,0.09438867908508199,0.05086519017247306,0.11412182255391809,0.06556312471448641,0.06584732067285312,0.11458761931764577,0.022964712006800666,0.11594780990046437,0.26879822329353653,0.2364005381988082,0.06090742961770446,0.0181559662694938,0.045581527511999786
rowId67,0.06825487503589651,0.027722067837179065,0.026483930919803868,0.1063164309380385,0.036763862238349515,0.014019535842511229,0.030328569389991258,0.06551654894201865,0.27554240885943343,0.05852680247216348,0.02116821400719217,0.006246975601047956,0.05436172829632793,0.03735839786408729,0.06031646013147246,0.033506658653691006,0.10477976030004915,0.1562688333715234,0.13162212883887994,0.03344599543635577,0.03753501969203252,0.07942359275213501,0.14638398611707923,0.0399806288070988,0.21476115788320732,0.028303357240390212,0.02264041966360618,0.09409381491828588,0.18350589336633658,0.06345286629684944,0.07995188821965497,0.0584438991170054,0.123826265711517,0.10921701078819221,0.06631257114977637,0.31529600635664984,0.2658849877817125,0.13070215436176996,0.05916657597753136,0.06515893991520305,0.05034077198458959,0.06584732067285312,0.05623017099871448,0.05745113261848428,0.051633899716894936,0.13621507646855882,0.01988249542172972,0.2606536427728311,0.10114236738919029,0.09025769470979908,0.2765435329574788,0.195916188529966,0.06291784212017582,0.027531620896947936,0.1367338401089776,0.03349720982818285,0.05772318999452151,0.03417634251930709,0.02002952840479787,0.06375824879173388,0.02953407343919929,0.16613313457885215,0.21476115788320732,0.2200078992959789,0.09893626269075131,0.034058891602593,0.06796177011202863,0.05086519017247306,0.04256926151243291,0.19054168358611942,0.023550772814327676,0.035363195774129205,0.10440381610333906,0.07137774300691742,0.16592845940929335,0.033579700002234446,0.10112773277521184,0.05436874168032864,0.0474565992792932,0.11245629191416737,0.08814272218469847,0.09543251971003722,0.08406858724476178,0.11836588863489117,0.016588984493490472,0.14812399391349337,0.05861421065705314,0.0899400568571098,0.08338120696561022,0.08738340122130314,0.08041896053972508,0.11588311427078586,0.14365904546732117,0.1466377351705964,0.028010747977871408,0.028923152962393183,0.08579832894478713,0.03468003074247901,0.04280986253284726,0.07178921113168528,0.0533719563635346,0.18619259208399594,0.049508764798018974,0.09684750332021232,0.02347907098441795,0.03544353092451041,0.10038473659025345,0.0874074118222219,0.051824934045968406,0.08079817537731275,0.1655563823290761,0.06159513328574669,0.1063164309380385,0.02977049159155893,0.10121866702268312,0.11337772438500815,0.03565841363186296,0.028174092892130336,0.05552993223624501,0.04676237280688779,0.16710876139780362,0.08712547088757225,0.08377775022095811,0.020621798518323027,0.12607267965372257,0.11061162161675382,0.1159413949746028,0.028348923763038197,0.033555591874811025,0.019332043777203257,0.0627691656825544,0.049933419816022,0.11276069009873572,0.028669348790339493,0.03905296466375901,0.08569440272150812,0.1452086934270091,0.05623017099871448,0.11460330998056277,0.04982025888411105,0.039872841557605905,0.11882071775636806,0.03351128377193219,0.11882071775636806,0.05735692628781611,0.23412335067903467,0.0554855060325719,0.03735839786408729,0.1834345178956457,0.11575658288256026,0.05686995490855384,0.0571866857956583,0.09165802437935143,0.09703680934456076,0.08010368087486869,0.013570794622076622,0.0879574190924659,0.054280931684650695,0.19822721863685178,0.061119482480982854,0.04570153127571757,0.2506406475823802,0.054214800583152645,0.0014734937643591185,0.1968180510868663,0.2480913783478117,0.3334925090390668,0.193635599882764,0.021055835138022262,0.032952065867482595,0.16256286021822472,0.06267275232069118,0.02351227273072225,0.0904686580562412,0.0419386775708471,0.03848544513246123,0.07117919171599127,0.019916581577746697,0.36400503546692115,0.1655563823290761,0.013081264351617305,0.0771158955617825,0.033365314010788134,0.048464710066720464,0.12700540400463725,0.15388354988563785,0.05472964640721986,0.03344599543635577,0.03766539871962317,0.014772500230663017,0.05295063780666251,0.06080458903783766,0.034370664243488024,0.030153517681651424,0.05095963412617053,0.0505517010170282,0.24207692773610648,0.16613313457885215,0.12411607552736283,0.04589467591825148,0.05061685740582469,0.04529767279955678,0.058487495737945545,0.02966187467733761,0.08684442825395526,0.03772199700644724,0.10203295344644954,0.052384989966095176,0.11625767060285853,0.1382327865214983,0.006885013636356038,0.08434440432053056,0.09379182321443247,0.051687603420260464,0.20146058500594796,0.022201433566264018,0.11530079725414541,0.10667485251271967,0.07113296854299447,0.027722067837179065,0.10186479796660679,0.03530475507284041,0.1276348184276337,0.02611256720996245,0.042797119164057644,0.06415207462311867,0.05787162479345371,0.108774467065854,0.12807209650745013,0.11772017342388433,0.03942154954513675,0.0571866857956583,0.06926103601658354,0.0968109961971932,0.05618891157550481,0.1003528810059929,0.06381984694513282,0.05370653215934189,0.008422735088664578,0.09462622765743829,0.06750050498598165,0.04230443740330246,0.06896073906595404,0.18449154832084794,0.03875747499066945,0.06164151164633323,0.03815638308977166,0.06264437487725902,0.01839084429740458,0.07886327830220485
rowId68,0.02574444028713122,0.39546404121520046,0.027910207489554757,0.06375824879173388,0.10131679962040124,0.18628808680826586,0.03885148803211316,0.0017571564343280834,0.018291443294187214,0.027146168235100094,0.09593659412577094,0.09222861443600389,0.3197689405850322,0.08136133338035202,0.014470794131012073,0.07882916111607614,0.054763426404342466,0.1788227873389219,0.045616126317840226,0.09812427323413456,0.059236462286335244,0.07400648649450245,0.04322238139507759,0.025392678101793305,0.1404080633955328,0.015067319578338617,0.04401643776890336,0.09854469621923163,0.045616126317840226,0.18353317167795255,0.03590586360127347,0.004317486260476565,0.07020954388857871,0.03929745058332522,0.13289247623394812,0.17600648064578514,0.1295178019926262,0.06377588926060201,0.08800441714809738,0.029274926692899546,0.034867962672411844,0.07881535331481296,0.05608147292049057,0.19690434088246628,0.043763658440362514,0.03080378095493439,0.02555328322910774,0.03854625184302271,0.018364172732089117,0.028255731759402766,0.06757375974048797,0.09975901395039075,0.2507306932863154,0.0397050772708996,0.1957036499749003,0.09939811435029541,0.10440381610333906,0.046388466784095875,0.3070058519568064,0.008660115293498229,0.1330630091351828,0.01987491124064308,0.023826594959694768,0.051633899716894936,0.04595539194754334,0.04465075375308366,0.18283152742229947,0.06250849925275137,0.026059042153095482,0.03666282831631107,0.08938470287517632,0.023849798036602254,0.028943925314967582,0.015241665720065582,0.3556424361647484,0.017264477451250176,0.03400334190851857,0.10639914686488107,0.04070700659105985,0.13554704684960045,0.004152926940190109,0.03578457377357328,0.062285713965148974,0.02774020260628076,0.0755963524074938,0.09438867908508199,0.046794393761696036,0.026980568448242415,0.07460163473835035,0.041712302511136355,0.07580490169761156,0.17327047237633048,0.051853501696350786,0.08685234331831665,0.016588984493490472,0.017128430737049664,0.05081679252632302,0.02054140468873364,0.02535456283120991,0.04251837313333597,0.03160906145105333,0.11027956864797933,0.029326273724277544,0.057363782537312245,0.013902640332945745,0.020991286417138856,0.05945534751366567,0.051770520819839676,0.030693479075619284,0.047856065533528384,0.09805566740007637,0.03648124451396212,0.06297106234016792,0.017630175192375756,0.05995406151271267,0.06715056668121039,0.021118410496397552,0.016686140188555895,0.03288713675441889,0.027694535126016932,0.09897951380933881,0.051602939631941826,0.049621278745842524,0.012216891820285111,0.07467052724840187,0.06551654894201865,0.06867273616548764,0.01678977509604229,0.01987491124064308,0.011447945396967713,0.03717821775032464,0.02957582199534259,0.0667889379457594,0.016980287233531125,0.02313053330121862,0.0507553338290804,0.08600653786498069,0.033301821495489534,0.06787691772128103,0.029507745076402716,0.02361421532171209,0.07037493381792351,0.019845656749530753,0.14529841026851467,0.13323027286096276,0.04610325480715077,0.09805566740007637,0.019287301519781058,0.25635908080830144,0.26566501185002683,0.09073026914828385,0.032264556125907624,0.03005283459482651,0.14365904546732117,0.028912686395979416,0.1868962350416429,0.09611385024571852,0.11426457805788533,0.04253325415890776,0.055774104685159004,0.0738920103499353,0.029237766048682105,0.07389922166867542,0.007131961602682052,0.18350589336633658,0.07482193533990962,0.2507306932863154,0.1677536341409256,0.04071275281232493,0.030153517681651424,0.026426546782911408,0.14190502455906753,0.0406149742766575,0.09805566740007637,0.07621505512326755,0.13070215436176996,0.10939680651715215,0.13990357565144373,0.2152643211484814,0.14858535047801408,0.014470794131012073,0.1789631763486703,0.06629030525291289,0.03253960227038006,0.22929229968146284,0.08338120696561022,0.051687603420260464,0.22080184262869307,0.16638812160611435,0.01512409783235807,0.10334672978344611,0.039295265544470714,0.03588597300280466,0.035056425684755754,0.10186479796660679,0.023303430075389122,0.07710780672072709,0.19194275096689792,0.07373625391171952,0.038486313482753644,0.031275357344309446,0.08196324862914352,0.11594780990046437,0.12441356900095034,0.11575658288256026,0.014956096707606049,0.06828300839267314,0.21384661491077844,0.3064858950054413,0.07194821538076857,0.3070058519568064,0.10076413849603529,0.01988249542172972,0.05422935740651338,0.02783085768444364,0.19186399792315867,0.11538145086578852,0.03387939669877388,0.1078497759557763,0.07278167971079125,0.18426750232774555,0.20857655664498323,0.014375380660155637,0.20146058500594796,0.11618044237816691,0.14573659520976878,0.028255731759402766,0.09868190931741555,0.0899790526173496,0.01647513823739269,0.028906179387724443,0.03005283459482651,0.15673013638471428,0.06356196425814355,0.36799292665354805,0.127041027563886,0.05995406151271267,0.13725806414437652,0.04570153127571757,0.023844478287064486,0.03983059066932128,0.017264477451250176,0.08984605018464675,0.0016584474346639983,0.1052622382613658,0.10854730204208571,0.03409757716207294,0.06262632535208257,0.0656152538296495,0.10902995955306398
rowId69,0.03493008876530704,0.1310381700263656,0.04305512182419307,0.12211806068723663,0.07329327435539988,0.08685234331831665,0.03681645588138558,0.08326537255041222,0.019332043777203257,0.09487925635320633,0.05692538241875496,0.08840250238522263,0.05061685740582469,0.022901702888118634,0.06952257454552643,0.07913518569135433,0.14190502455906753,0.03205144736031224,0.023682065233235416,0.03502074766405762,0.12441356900095034,0.108774467065854,0.046881382097812806,0.02381888579015437,0.04641012420267559,0.19373147860601644,0.11861451035848701,0.0208339993927098,0.3197689405850322,0.03418168625114799,0.03565841363186296,0.10921701078819221,0.017686954574394967,0.07853026456257887,0.07467052724840187,0.03589832647286954,0.12219537683003356,0.027167382687697555,0.22628529374863732,0.051075750530004446,0.19009898732459152,0.10252991989402437,0.022573770900477633,0.007131961602682052,0.05453101905055259,0.0838457233068345,0.023099802747534592,0.03983635869480125,0.0554855060325719,0.02696601461760173,0.08685234331831665,0.014415037939537852,0.11061162161675382,0.09340039086107733,0.021527467005206555,0.08164072362909384,0.06164151164633323,0.04506801982299781,0.07864944924210476,0.06384464835745123,0.07988827723680285,0.07215257276062831,0.16677513400863042,0.13072710424841222,0.02137279835562717,0.02783085768444364,0.03908833083751431,0.0629887879839539,0.19078411262500236,0.07230439312494019,0.012216891820285111,0.10241594063559417,0.09970243584113091,0.2999375541180197,0.11700851988804442,0.10186479796660679,0.4100194020764493,0.04917298652148906,0.13070215436176996,0.02765053618110973,0.1357760968140226,0.04321949947062577,0.03563154151704626,0.0337456475259338,0.055251470079924085,0.028715490854207354,0.14529841026851467,0.10485570365903252,0.06744074606654175,0.0270145524300177,0.03814931609514115,0.10851714506791006,0.04444735794264896,0.16426708102052753,0.03137587953540144,0.03240034146396136,0.09611385024571852,0.03885148803211316,0.04795333646108831,0.08041896053972508,0.05978660310536649,0.20857655664498323,0.055466322071612284,0.10849236044690688,0.02629983587546414,0.0397050772708996,0.11245629191416737,0.0979135366345343,0.05805212147369039,0.0905182719978466,0.18545904204552274,0.0689993063277523,0.11909544926042755,0.03334952467146852,0.11338932753021252,0.12700540400463725,0.03994451649516368,0.031559092364981736,0.06220922433133476,0.052384989966095176,0.18719690702186523,0.09760076578435951,0.0938511877510938,0.023099802747534592,0.1412294811690744,0.12391169721127608,0.12987758190099027,0.031756706272599924,0.03759004280874613,0.021654483572879402,0.07031572056692838,0.055938634554263025,0.1263156157929624,0.03211573957942239,0.04375041821232045,0.09599121761833428,0.16266482666147805,0.0629887879839539,0.1283805700797791,0.05580781562436631,0.044667915145341616,0.13310438824799042,0.03753501969203252,0.02243896273490084,0.09304335223163059,0.01869525894530098,0.06420564322210497,0.04462283994352437,0.10038797037179867,0.36400503546692115,0.1233723421551813,0.2153453683839955,0.03349720982818285,0.023303430075389122,0.06839934237827247,0.019048800579276583,0.03924510396556578,0.07461071930135524,0.011447945396967713,0.1364791135843468,0.022901222912728655,0.06159513328574669,0.08041896053972508,0.0635494061796558,0.0270145524300177,0.05882174479512728,0.16190114586296384,0.27417998480996597,0.05787162479345371,0.08482614416438125,0.02381888579015437,0.14190502455906753,0.0752064061748442,0.02313783907768579,0.16556059057061148,0.03319941164403907,0.06390620491701236,0.036846528821193866,0.015258459652880734,0.16364977061611355,0.033290774643300255,0.1860946727606127,0.19373147860601644,0.061847437905578964,0.029507745076402716,0.1309239724605942,0.34891311677638054,0.007024772460824246,0.1276348184276337,0.11426457805788533,0.11625513295709856,0.04791447870766466,0.03589832647286954,0.022901702888118634,0.07506896499436568,0.03942154954513675,0.20872635028747744,0.2999375541180197,0.3070058519568064,0.053552928875930855,0.031193985106960725,0.09279965872048816,0.044667915145341616,0.16426708102052753,0.11144192143260966,0.1404080633955328,0.01869083213487588,0.0052680624270637945,0.036291896834200026,0.1309239724605942,0.14529841026851467,0.05104574543442532,0.08938879861991139,0.19745924543290813,0.17638607500940456,0.05978660310536649,0.01387351467132388,0.028255731759402766,0.03961435402692669,0.3681248789730256,0.15258766027551868,0.03717821775032464,0.04056119255652058,0.025333958859089768,0.11523398534945531,0.06460373209232116,0.023330181294667924,0.05086519017247306,0.09811087086971863,0.05295063780666251,0.06356196425814355,0.10252991989402437,0.04372229617401926,0.023702634221545157,0.12228666395372358,0.3556424361647484,0.09835796675412416,0.051633899716894936,0.13070215436176996,0.05661462709928093,0.06867273616548764,0.04589955972427422,0.20428805750621565,0.19690434088246628,0.061013159375091844,0.0265530593515837,0.05037667855411855,0.04267621179097056,0.04615051968663605,0.28973263368498414
rowId70,0.03486464801397875,0.07580490169761156,0.08048125822188523,0.07762287103978621,0.14971586933495437,0.06250205948427942,0.1518192802005353,0.1342836024757118,0.09097591582361568,0.027910207489554757,0.15919559162073024,0.040202306975338144,0.017450624484275826,0.10670357252879333,0.24562228218208193,0.036601858906629224,0.03666282831631107,0.024871013115369402,0.023705378825243036,0.07658065332977336,0.03854625184302271,0.03871069082009698,0.20857655664498323,0.00866723760616279,0.006801340860506317,0.05220606181220708,0.055217181988922066,0.13357245140683496,0.14141812516099347,0.06308101847755063,0.07720896244367571,0.047635917976653605,0.045922997763917076,0.023992342584586136,0.046881382097812806,0.07279057382105315,0.2111621141291003,0.1276348184276337,0.13829512470271474,0.12391169721127608,0.02580952453634657,0.031193985106960725,0.06070335427422454,0.08154620190035185,0.04481391576928428,0.05104160610971572,0.07767748564375446,0.0752064061748442,0.15673013638471428,0.3334925090390668,0.3727138994028762,0.025100142065157392,0.051075750530004446,0.078934870899722,0.24094477657595723,0.01839084429740458,0.20736683539202264,0.11174286545708143,0.04586860269306368,0.04128466076665463,0.08000910597483264,0.015241665720065582,0.02977049159155893,0.07373625391171952,0.10996811052562744,0.23303426545035244,0.0026465754916795395,0.053552928875930855,0.084028416742319,0.02378384434336071,0.07075565832710061,0.019092016924790765,0.029274926692899546,0.03349720982818285,0.06557286050496769,0.18350589336633658,0.1125644642390023,0.49528609136595186,0.043858403215920334,0.01895455216864403,0.14335025920532107,0.0793443096543359,0.1968180510868663,0.21326958176696714,0.1003528810059929,0.017672990361177764,0.01869083213487588,0.0838457233068345,0.030086858276874,0.008660115293498229,0.05848213623398934,0.019996810121400154,0.04521676151860069,0.3260595187431702,0.062285713965148974,0.0643135158345426,0.19078411262500236,0.0771158955617825,0.09519306227719453,0.15962122246056037,0.11867710015527264,0.4140068328953792,0.11009175703346592,0.2153453683839955,0.05220606181220708,0.07881535331481296,0.22321178026943483,0.19435376875942542,0.11523398534945531,0.17966692845076357,0.3681248789730256,0.1369571476989645,0.2364005381988082,0.06620182671010647,0.22507450032489837,0.2521000479886916,0.07929262048894575,0.06264437487725902,0.12347727137335505,0.10398192488485646,0.3715749938643185,0.19373147860601644,0.18628808680826586,0.04585573014994079,0.28033217266827043,0.24595226603168896,0.2578014176647156,0.06303752745103712,0.07462147873765274,0.0429850759827676,0.13957516578622461,0.11103531492787581,0.2507306932863154,0.06375824879173388,0.08684442825395526,0.19054168358611942,0.3228831316963086,0.1250324649912175,0.2548275354194706,0.11077466046246393,0.08865993303919399,0.2642019076465018,0.07451204275514442,0.055466322071612284,0.005745803733773644,0.03419462071077893,0.10006566146445842,0.12558596605576303,0.0068412080772048455,0.07554793194649385,0.0823375638533397,0.021922161283611755,0.05833622116877451,0.1052622382613658,0.014951362342960125,0.024365487239746613,0.07006921752847214,0.08840250238522263,0.09959952523575737,0.33734359445085255,0.14958268588671825,0.051141409945534407,0.03211573957942239,0.2776265708225612,0.07279057382105315,0.028067500025218257,0.2153453683839955,0.10874647795539916,0.025271682694782034,0.13315991708683086,0.1655563823290761,0.023849798036602254,0.034865189638133724,0.10038473659025345,0.017106025771398956,0.1295178019926262,0.3228831316963086,0.03815638308977166,0.022901222912728655,0.10187193224047701,0.061013159375091844,0.023330181294667924,0.059802553182996904,0.04178727469312611,0.042797119164057644,0.11103531492787581,0.008660115293498229,0.04542468396420786,0.010343023728082419,0.10534266627030402,0.017923659099580245,0.02352782975286913,0.061847437905578964,0.10164575434174027,0.10398192488485646,0.028854506441448317,0.012587335184230724,0.06222357521808899,0.10921701078819221,0.04097984159837939,0.023806578256957357,0.15525086444828687,0.10656782405670617,0.06123350526234784,0.06707224149513806,0.08448792858324237,0.013409590494440833,0.013081264351617305,0.04178727469312611,0.09051342413235951,0.044049624822995334,0.09244417169740099,0.06159513328574669,0.084028416742319,0.08044347490146428,0.03530730558576696,0.14871072430793672,0.04107797825956584,0.0019743672866612385,0.027339415128827614,0.261655810195167,0.21804882164329722,0.028923152962393183,0.07241697745172099,0.18057994137607258,0.21804882164329722,0.022546309686991825,0.029488681130087475,0.04071275281232493,0.057350477925272175,0.061847437905578964,0.04213882884517572,0.10337740311861805,0.15492062769528012,0.049933419816022,0.07252304152301488,0.13957516578622461,0.03753501969203252,0.00176492202251769,0.10575797204979392,0.14113031011126084,0.03386979239732146,0.10364937774625661,0.04203818600440162,0.020807297962228015,0.15919559162073024,0.029352972462383407,0.11882319584165722,0.014415037939537852,0.04444735794264896
rowId71,0.18719690702186523,0.15525234849131536,0.07865097944924848,0.07460163473835035,0.08586955293230615,0.03957776695492004,0.02056781267910599,0.2746187737836757,0.028303357240390212,0.08010368087486869,0.11588311427078586,0.08004269499961067,0.062303464678621655,0.039463191802789024,0.09835796675412416,0.05661462709928093,0.16822232470883255,0.021118410496397552,0.27036948105207664,0.001393729645481836,0.056891079170697266,0.06159513328574669,0.12563750103973415,0.09820919447804341,0.25169580570047323,0.0415504732210638,0.1562688333715234,0.029943120478630375,0.16316697912643482,0.10241020114291999,0.009482827252723503,0.13881479140370268,0.0576500574178649,0.05305495148621203,0.03574794240080859,0.10076413849603529,0.1932187420887361,0.04162392941264945,0.4999321195827659,0.0300759063062323,0.05095963412617053,0.010343023728082419,0.10806418965376709,0.05745113261848428,0.11575658288256026,0.004004509703717296,0.03489886399072764,0.10325348019017183,0.3028211805111555,0.04095910770721359,0.045200432058649556,0.03520873620064968,0.04370905553095802,0.04509791694775669,0.3148892573261145,0.19078411262500236,0.023828379467334102,0.021922161283611755,0.1166785550069508,0.18449154832084794,0.15967368453543784,0.03113679629243459,0.006801340860506317,0.018844236993921484,0.13621507646855882,0.022573770900477633,0.017766762353292203,0.03674381607780177,0.016137772223863426,0.18435777333481965,0.002316316510001745,0.04162392941264945,0.14365904546732117,0.052153667803229845,0.11583779486055595,0.0571866857956583,0.04529767279955678,0.11186074983563712,0.018806418396416683,0.05101712555052155,0.04300577383145825,0.1265934144919582,0.06220922433133476,0.04917298652148906,0.1090167930446169,0.11614626967264054,0.108774467065854,0.1369968788708034,0.11147700396371757,0.04364627000013338,0.05686233393948718,0.05772318999452151,0.08034193349068149,0.17849674179298197,0.03409757716207294,0.035205111859481865,0.10444233613991619,0.04222067134673445,0.05210881518392313,0.08738340122130314,0.06496844226399118,0.22664699653928227,0.060266059686105294,0.1178912662492186,0.02857897095131983,0.043145974762119024,0.12219537683003356,0.10639914686488107,0.06308101847755063,0.09835796675412416,0.20152512057686184,0.0749770436991232,0.12941427028674948,0.0362394855462694,0.12321405941938406,0.1380096912362205,0.043406679589960986,0.03429226884051455,0.06759523942494555,0.05692538241875496,0.20341448967898124,0.10605325488426509,0.10197873909666125,0.025100142065157392,0.15346551334662537,0.13464322407379928,0.14112762206315058,0.034509813976437216,0.040845637903666084,0.02352782975286913,0.0764087364420143,0.0607849939934305,0.13725806414437652,0.03489886399072764,0.04754028045988503,0.10430790309244155,0.1767565322514853,0.06844674841574178,0.13949900142465416,0.06064146875180415,0.0485374725560171,0.14463515329590595,0.04078779991944996,0.09018835436075119,0.1382327865214983,0.10738461346976483,0.007024772460824246,0.1382327865214983,0.11862327645103342,0.05623017099871448,0.025174039322353518,0.02481288025966938,0.24967309262222043,0.10737095420916197,0.17327047237633048,0.07913518569135433,0.05805212147369039,0.06944514977390738,0.019620235341900393,0.08892913104888106,0.27417998480996597,0.2578014176647156,0.22321178026943483,0.02696476681248785,0.06115579624633521,0.06313882087780895,0.1500421363925138,0.02318646687325158,0.014981903813317581,0.02313053330121862,0.05170643345835024,0.014951362342960125,0.06070335427422454,0.0052680624270637945,0.0024735841903112434,0.03163575376733747,0.03253960227038006,0.07734764030560726,0.06071106900104466,0.15360233910270657,0.04102533692048867,0.05104574543442532,0.14343504384091949,0.07734764030560726,0.039463191802789024,0.11432857919387622,0.07075565832710061,0.018364172732089117,0.03942154954513675,0.012715153096983886,0.08553715656480743,0.13315991708683086,0.033365314010788134,0.0441892550832111,0.10667485251271967,0.02696601461760173,0.20736683539202264,0.11052145071876468,0.0361999467180642,0.07710103079442301,0.014951362342960125,0.03845064532152613,0.06356196425814355,0.06828300839267314,0.018784945065822876,0.03753501969203252,0.14858535047801408,0.048884152836856834,0.007024772460824246,0.06588276610283748,0.10249062815394472,0.0842820761735914,0.13323971897869835,0.08377775022095811,0.06075676659749816,0.10922571722489388,0.04817075298797411,0.061013159375091844,0.07800111967087671,0.3469715121223475,0.06750050498598165,0.02278187826579537,0.14812399391349337,0.033097731182593564,0.027504269865620715,0.1263156157929624,0.0485374725560171,0.04455737455271466,0.35546825740553917,0.01660390198358485,0.015664244459787043,0.03753501969203252,0.1279124781470182,0.050978000566798576,0.04071275281232493,0.045200432058649556,0.11684276578331389,0.02381888579015437,0.10426991559030556,0.34567410193402004,0.14871072430793672,0.07882916111607614,0.06316832941713058,0.05330037918976837,0.04256926151243291,0.18191540179836385,0.08425381116818527,0.051824934045968406,0.26279658803543204,0.004152926940190109
rowId72,0.13554704684960045,0.03994451649516368,0.04820576052431156,0.019048800579276583,0.03211573957942239,0.03717821775032464,0.08949112162957971,0.0395962715405713,0.03468003074247901,0.04128466076665463,0.03240034146396136,0.03727036506772215,0.06071106900104466,0.15627345005088242,0.11840644712166468,0.026336588642208864,0.033555591874811025,0.08048125822188523,0.014415037939537852,0.06841565862114168,0.11266209052558614,0.04364627000013338,0.060137038670072376,0.11186074983563712,0.04917298652148906,0.05580781562436631,0.04485720077955179,0.0772783426344131,0.05696271235707727,0.04444735794264896,0.14952523046457591,0.05487583547021357,0.03240034146396136,0.0208339993927098,0.10355086589252654,0.06439905526673266,0.07379161689293162,0.008281152186413676,0.2258985049700433,0.02049398507016983,0.11593151931672963,0.041880081706703216,0.06168603994923707,0.033365314010788134,0.15530946107413995,0.05024722004133929,0.006801340860506317,0.06468796458830008,0.19745924543290813,0.05180395422007624,0.14481002004165813,0.21415924083222407,0.1029843243690421,0.023969313841829896,0.18444224677760085,0.18593018660940214,0.0316759563735845,0.11626584452197324,0.04952331415873677,0.08507553736647443,0.2078788065117053,0.05758670702735719,0.05745113261848428,0.06194984082576789,0.01678977509604229,0.034210362222606545,0.03216971260422346,0.05034077198458959,0.024124754485251945,0.10618502505903259,0.13829512470271474,0.17638672838815636,0.1640993206899182,0.1711454650785608,0.06053130067514153,0.07074577782997114,0.10921701078819221,0.08684442825395526,0.06838469631026628,0.584049185076163,0.0792544397720208,0.10708985912028696,0.026861697918467726,0.04525431632382581,0.09045302062979264,0.07881535331481296,0.23672554762405443,0.020991286417138856,0.0017571564343280834,0.20476934866778262,0.03248835396083318,0.4140068328953792,0.0419386775708471,0.19822721863685178,0.03786621570464605,0.039097178403433,0.11598418326398066,0.046881382097812806,0.05787162479345371,0.09704550650974093,0.07215257276062831,0.25169580570047323,0.06693039258088294,0.13091803247248263,0.031740260267190276,0.04791447870766466,0.1357009020748816,0.11815629172468389,0.07005594247260512,0.10922571722489388,0.22380058753779314,0.08326537255041222,0.14371991382089253,0.040245610853556525,0.13683359295655975,0.15326340587523377,0.04820576052431156,0.03808331619262089,0.07506896499436568,0.06321851305053366,0.2258985049700433,0.11777693041468404,0.11325291449263311,0.027876176803554725,0.17042579593926416,0.14952523046457591,0.15673013638471428,0.03832618871610142,0.045360789929056525,0.02613129831130594,0.0848548636801642,0.06750234075417384,0.15243063322524364,0.03875747499066945,0.0527981832657547,0.11583779486055595,0.19629602978222907,0.07601437163497518,0.15492062769528012,0.0673440682358704,0.05390023838106589,0.16061958142217606,0.04529767279955678,0.005617077720564275,0.02635623173074948,0.018275824150812713,0.18449154832084794,0.052956487694236526,0.06451092060994358,0.12391169721127608,0.08078607664578705,0.049024242005896064,0.09330931421783428,0.08826146903160012,0.16710876139780362,0.019092016924790765,0.030387354680054202,0.13625357738901228,0.15607134131012784,0.04346231377022084,0.16613313457885215,0.0485374725560171,0.01277488990260344,0.046747789712766004,0.1550396469231862,0.0270145524300177,0.26879822329353653,0.04083088049915265,0.01770105402259905,0.18545904204552274,0.04759092305037301,0.11009175703346592,0.09510212707801179,0.024245729366474,0.3229171991097377,0.2078788065117053,0.033506658653691006,0.03772199700644724,0.011030822511195562,0.07197347829236062,0.02857897095131983,0.07988827723680285,0.03520400737034127,0.03735839786408729,0.02562141734791899,0.014716686096325607,0.031756706272599924,0.3727138994028762,0.0537597443516009,0.18186820160151645,0.12391169721127608,0.014399625229580902,0.2521000479886916,0.11338932753021252,0.030086858276874,0.007615392198972024,0.10751684760680322,0.06169254292998417,0.16256286021822472,0.2506406475823802,0.22664699653928227,0.03344599543635577,0.1789631763486703,0.014860908062084252,0.195916188529966,0.13683359295655975,0.042261196458572674,0.06070335427422454,0.023705378825243036,0.040845637903666084,0.26879822329353653,0.08874543296011354,0.07197347829236062,0.08136133338035202,0.04204329395914663,0.108774467065854,0.03542607471918619,0.22929229968146284,0.09854469621923163,0.059802553182996904,0.04816170391689469,0.019457210346014938,0.04190173012996835,0.20146058500594796,0.05882174479512728,0.05992858240965832,0.017923659099580245,0.04481391576928428,0.015352563380492361,0.039876557026929625,0.02520256731126624,0.14335025920532107,0.35371062299421097,0.010399175499135192,0.059443151246513115,0.2159207442663503,0.0540927417505276,0.3162993595987294,0.1115905840203343,0.014981903813317581,0.2111621141291003,0.23095548830597412,0.01512409783235807,0.15249242112043093,0.020242087393360333,0.12912460435442497,0.043071005021486634,0.017430691886933358,0.08249538594581472,0.0595199526671757
rowId73,0.06867273616548764,0.1427773981478607,0.12236543073654657,0.017430691886933358,0.14939398150028746,0.04921266724526593,0.17638672838815636,0.057363782537312245,0.13070215436176996,0.15492062769528012,0.15795199457320505,0.1596607802709601,0.037378649224921054,0.027663159557689426,0.02574444028713122,0.27036948105207664,0.03854164996678236,0.06159513328574669,0.1414196764074397,0.12450729421284275,0.013145015428794026,0.08321436088057595,0.08136133338035202,0.1125644642390023,0.020247981163211536,0.2038753946093372,0.034746682318480944,0.02840022742037241,0.0710315829658983,0.2199627082215403,0.09094831663440615,0.04910280909990828,0.03429226884051455,0.09409381491828588,0.0485374725560171,0.19054168358611942,0.13464322407379928,0.08079535123336722,0.045616126317840226,0.02743976817762768,0.01669423581904388,0.1116571166056257,0.0270145524300177,0.0485374725560171,0.011030822511195562,0.0329315213687575,0.14343504384091949,0.0710315829658983,0.014951362342960125,0.08600653786498069,0.020529509358829346,0.025897385529207652,0.2553151597134402,0.062430280141366375,0.2186621908474496,0.12441356900095034,0.04097984159837939,0.5193187597312484,0.04734445323783841,0.0576500574178649,0.05833622116877451,0.058789740339478584,0.04455737455271466,0.26879822329353653,0.03775970949684174,0.020242087393360333,0.04754028045988503,0.03357781202869811,0.1321701883802027,0.01238592740711079,0.1134198647261424,0.07637491113170373,0.08008595999373899,0.09684750332021232,0.010673337756590316,0.10708985912028696,0.10155896546150484,0.059194134118890046,0.03449769517907935,0.17327047237633048,0.02623006659696883,0.2200078992959789,0.008203217482846543,0.03544353092451041,0.099652762165392,0.018844236993921484,0.05880646563927412,0.03681279137599688,0.03565841363186296,0.015255115808022152,0.2642019076465018,0.058487495737945545,0.010987912659858455,0.14971586933495437,0.028599325313790534,0.02953407343919929,0.0876026134183375,0.03540866522579982,0.04370905553095802,0.07329327435539988,0.05449139133272031,0.19009898732459152,0.0505517010170282,0.09888230924825035,0.023969313841829896,0.036187468336751134,0.10249062815394472,0.08924529259492195,0.05291159731953287,0.08249538594581472,0.16903165089690644,0.062888714605575,0.10854730204208571,0.030396685805813638,0.10334672978344611,0.11575658288256026,0.036405905071761224,0.028765196562273956,0.05669748161081187,0.04774617208099574,0.17061893930874097,0.08895253341747135,0.08553715656480743,0.021055835138022262,0.1287191263258841,0.11293500613327476,0.11837185643558287,0.028943925314967582,0.03425876494478175,0.01973453494446283,0.06408883949666411,0.05098374705089239,0.11512592140157864,0.029274926692899546,0.039876557026929625,0.0874903467327799,0.14825661287507363,0.05740994371397918,0.11700851988804442,0.05086519017247306,0.04070808234821544,0.12131608126838168,0.034210362222606545,0.11740460218514133,0.06092904102196162,0.0540927417505276,0.030996936519047814,0.11862327645103342,0.1029843243690421,0.02783085768444364,0.062045093156662276,0.19016002304180096,0.012366508001763019,0.039872841557605905,0.03822996370629155,0.03350840518769029,0.1342836024757118,0.16677513400863042,0.02347907098441795,0.015165196934626564,0.03530730558576696,0.07805267957088467,0.03726148697091725,0.12481848783605332,0.22380058753779314,0.04130264847584571,0.08079817537731275,0.0277221587397961,0.03666282831631107,0.3194174998259263,0.11147700396371757,0.04251837313333597,0.02466226316757737,0.10939680651715215,0.12912460435442497,0.02953407343919929,0.07074577782997114,0.3468516279701624,0.04178727469312611,0.05360222657306117,0.018639036263385752,0.08352530227143147,0.08326537255041222,0.05952281701584533,0.10981751210074983,0.038669056209247425,0.028067500025218257,0.057214840644141694,0.030614514599098204,0.02613129831130594,0.273296513704592,0.13162212883887994,0.1310381700263656,0.07810796492859388,0.3180651754385313,0.04230443740330246,0.2038753946093372,0.01927693647622441,0.14335025920532107,0.033365314010788134,0.034000464186655505,0.11412182255391809,0.02284163337380396,0.10294895835231888,0.08635270049928916,0.04962240834602832,0.07584865320171244,0.11124057942966953,0.02419396447389655,0.029237766048682105,0.05436874168032864,0.16556059057061148,0.11620181949525443,0.10007624563057085,0.02029622361328579,0.055422642859247175,0.0519431516812059,0.24094477657595723,0.12410549086147098,0.043858403215920334,0.18894688715902186,0.10328477219772461,0.061019999055244085,0.05745628713186052,0.06134922898764997,0.10534266627030402,0.08895253341747135,0.01987491124064308,0.18426750232774555,0.11144192143260966,0.584049185076163,0.2223604653132783,0.014470794131012073,0.018958315266224966,0.0595199526671757,0.0300759063062323,0.06860051948882322,0.06486139555434021,0.05371547389741796,0.04465075375308366,0.11538145086578852,0.015067319578338617,0.034370664243488024,0.03947508985661001,0.1052622382613658,0.06196559736719907,0.15967368453543784,0.07988827723680285,0.09880416150985406,0.020756155523585302
rowId74,0.034695106210996585,0.06584863655866877,0.16340254510766541,0.02481288025966938,0.10996811052562744,0.00884621442655624,0.0490379695395885,0.09855186215742719,0.03417634251930709,0.02953407343919929,0.0874074118222219,0.02263772852861777,0.053628078709692925,0.06460373209232116,0.08061541586142089,0.032952065867482595,0.022579196739952512,0.140959726596463,0.25881898426779637,0.0664158250271298,0.11861451035848701,0.10203295344644954,0.024871013115369402,0.06196559736719907,0.14573659520976878,0.14871072430793672,0.0899790526173496,0.017273800303183713,0.11124057942966953,0.06169254292998417,0.0755963524074938,0.06264437487725902,0.03808331619262089,0.08924529259492195,0.09893626269075131,0.0984254873172523,0.02574444028713122,0.05882174479512728,0.055217181988922066,0.00588991757559099,0.04573619491427452,0.12526723464431033,0.04130264847584571,0.195916188529966,0.029352972462383407,0.10605325488426509,0.05940037972146779,0.06390620491701236,0.19261294250040287,0.18350589336633658,0.2746187737836757,0.06168446572573735,0.06080458903783766,0.0695040546611142,0.012161449214596332,0.03419462071077893,0.023303430075389122,0.10007624563057085,0.03514465642276618,0.2553151597134402,0.2153453683839955,0.02629983587546414,0.07178921113168528,0.10737095420916197,0.11337772438500815,0.01513130881026172,0.13554704684960045,0.07720896244367571,0.1879263109057972,0.0014195172520296124,0.04128466076665463,0.0024663782729773404,0.17492427915422573,0.04990213832453254,0.16677513400863042,0.10112773277521184,0.02613129831130594,0.06377588926060201,0.022190818518236684,0.09959952523575737,0.13464322407379928,0.05735554479919937,0.032359818370631226,0.04300577383145825,0.04586860269306368,0.20152512057686184,0.07486977280851757,0.03167120150154307,0.06693039258088294,0.11293500613327476,0.11147700396371757,0.1452086934270091,0.19277381183983736,0.20939838941095246,0.03999860299970289,0.04130264847584571,0.12252495912844875,0.04952331415873677,0.06113316301368413,0.10250890973583873,0.07621505512326755,0.2658849877817125,0.07070226275940979,0.13829512470271474,0.03352815115625609,0.05061685740582469,0.14335025920532107,0.12481848783605332,0.07400648649450245,0.11538145086578852,0.2364121131322201,0.0879574190924659,0.1518192802005353,0.04251764915435123,0.14454419744297103,0.16190114586296384,0.05092201320945591,0.0402292473641634,0.07929654641953629,0.06677823908643249,0.2386319475261509,0.12441356900095034,0.11963798953386495,0.029446283759633547,0.18003070762950393,0.15795199457320505,0.16556059057061148,0.040486436781981466,0.047921103849625876,0.02760353810210546,0.08963884549822916,0.07131261226026689,0.16102481895057755,0.04094085519318643,0.055774104685159004,0.12236543073654657,0.2073555137067861,0.08029710466537372,0.16364977061611355,0.07114096024572565,0.05694070031043384,0.1696726005404289,0.04785285354146018,0.029943120478630375,0.02378384434336071,0.0406149742766575,0.05354673072017464,0.10851714506791006,0.024338964763538914,0.017128430737049664,0.08685234331831665,0.15835562061705558,0.2521000479886916,0.015335599796271132,0.05787162479345371,0.05365236410491182,0.03523405384106503,0.10006566146445842,0.05370653215934189,0.051602939631941826,0.0541445986603901,0.03514363435872044,0.07993950078430732,0.057363782537312245,0.0628343017848615,0.014878934411381101,0.05061685740582469,0.26785683595267257,0.10670357252879333,0.06262632535208257,0.04892163518420947,0.2073555137067861,0.06753860586174079,0.010467376051495317,0.1825014914548815,0.18583451268168535,0.10922571722489388,0.082456895347769,0.03418168625114799,0.019496038612461016,0.030801362127112646,0.09950116357986438,0.01986848339245085,0.018784945065822876,0.1792834397466763,0.0785721462772907,0.019092016924790765,0.03788775710543377,0.0507314920588211,0.06650081836383148,0.06039117806019295,0.10402096773709571,0.12425308649778367,0.11620181949525443,0.0325779914417661,0.02264041966360618,0.06321851305053366,0.027167382687697555,0.3594849603243823,0.13914740977622023,0.028174092892130336,0.055251470079924085,0.2153453683839955,0.07117167890071133,0.03822996370629155,0.014019535842511229,0.049024242005896064,0.07554793194649385,0.05787162479345371,0.24775353246930432,0.11077466046246393,0.10670357252879333,0.1824389242971646,0.09543251971003722,0.16638812160611435,0.26307161862603196,0.08553715656480743,0.07209222732767491,0.033506658653691006,0.028010747977871408,0.025014108046232233,0.02399030813264455,0.016040533338174266,0.07720896244367571,0.04424430627846097,0.008293484545749671,0.04529767279955678,0.07506896499436568,0.0378669845402935,0.14687038373156372,0.11362113880128479,0.023806578256957357,0.1295178019926262,0.1640993206899182,0.13091803247248263,0.06629030525291289,0.15607134131012784,0.08970485982576791,0.039097178403433,0.05109981097667743,0.033555591874811025,0.10236233413711866,0.014951362342960125,0.19039423461709837,0.04440583666255198,0.21825403355153195,0.08600508125519364,0.0348058819147593,0.03832618871610142,0.05995406151271267
rowId75,0.00501509556765598,0.1868962350416429,0.06175482815656476,0.014661684040514657,0.11530079725414541,0.032359818370631226,0.14858535047801408,0.08010368087486869,0.03530730558576696,0.029237766048682105,0.09226955809382711,0.03868360349542509,0.1843844272071021,0.023099802747534592,0.02574444028713122,0.03748970445464128,0.017588295025992687,0.04424430627846097,0.020621798518323027,0.04280986253284726,0.008203217482846543,0.1266858152845967,0.033290774643300255,0.08472293367978442,0.10851714506791006,0.05608147292049057,0.0465363904616811,0.04256926151243291,0.08352530227143147,0.06267275232069118,0.14716545133457043,0.11294952971498579,0.09361426491082366,0.07462147873765274,0.2386319475261509,0.057363782537312245,0.1250324649912175,0.04435980035507822,0.04881095883136564,0.1518192802005353,0.19194275096689792,0.2506406475823802,0.10996811052562744,0.24358307554122477,0.2204852418369684,0.10751684760680322,0.033365314010788134,0.15544147439358993,0.07586344697981773,0.043406679589960986,0.03086444059220104,0.10006566146445842,0.027339415128827614,0.04070808234821544,0.07075565832710061,0.1159413949746028,0.01839084429740458,0.15360233910270657,0.25668347936274627,0.1932187420887361,0.25635908080830144,0.031756706272599924,0.04097984159837939,0.20649467464612828,0.05360222657306117,0.11402291709174132,0.1479456936785445,0.03489886399072764,0.022052915920142253,0.06203184337028378,0.06715841591553207,0.1279124781470182,0.035056425684755754,0.14988539535299075,0.10249062815394472,0.03429226884051455,0.12131608126838168,0.039872841557605905,0.14529841026851467,0.12562638679141755,0.21804882164329722,0.02814962589004989,0.017106025771398956,0.03887950188492328,0.07667281301684715,0.09519306227719453,0.11138415490383903,0.027768061154365427,0.052956487694236526,0.03540866522579982,0.11412182255391809,0.07800111967087671,0.1233723421551813,0.007269746988188503,0.0013854556807550518,0.0014311573718241751,0.004252289108198878,0.0017202596135649285,0.002121882473025589,0.0035574907143634156,0.0026465754916795395,0.009230952109465151,0.002450277267931671,0.004799042885886919,0.001160583601150869,0.0017571564343280834,0.004975004103988152,0.004332332792757682,0.0025689959322691643,0.004004509703717296,0.008203217482846543,0.0030499094301360435,0.0052680624270637945,0.0014734937643591185,0.00501509556765598,0.005617077720564275,0.00176492202251769,0.001393729645481836,0.0027510090008349614,0.002316316510001745,0.008281152186413676,0.004317486260476565,0.004152926940190109,0.0010202824078819834,0.006246975601047956,0.0054814593349430405,0.005745803733773644,0.0014042345243768168,0.0016594866843270078,0.0009565827979865296,0.0031098328052653304,0.0024735841903112434,0.005588867695018397,0.0014195172520296124,0.00193613108216705,0.00424493197697294,0.007194636632862728,0.002786736453702084,0.005679349701945355,0.0024663782729773404,0.0019743672866612385,0.00588991757559099,0.0016584474346639983,0.05487583547021357,0.14764441014550456,0.11052145071876468,0.04525431632382581,0.08826146903160012,0.04372229617401926,0.07252304152301488,0.004799042885886919,0.1116571166056257,0.14112762206315058,0.08061541586142089,0.04491749837502824,0.21134613596198915,0.034695106210996585,0.18896364773024418,0.11147700396371757,0.07929262048894575,0.10328477219772461,0.07800111967087671,0.05834458195742017,0.18870426167675433,0.06707224149513806,0.020529509358829346,0.03319941164403907,0.14952523046457591,0.02733218066286086,0.2578014176647156,0.0905182719978466,0.014375380660155637,0.04910280909990828,0.10477976030004915,0.11907757489265196,0.18894688715902186,0.09025769470979908,0.03753501969203252,0.0842820761735914,0.06075676659749816,0.052153667803229845,0.0017202596135649285,0.04727763522576811,0.16822232470883255,0.037320078735145645,0.2251822106904705,0.1834345178956457,0.027892269653222723,0.028348923763038197,0.06644184695473425,0.05578830709588376,0.03905296466375901,0.01512409783235807,0.07058851242365444,0.0300759063062323,0.062123878833392175,0.3028211805111555,0.10076413849603529,0.09699257399247305,0.052083190847696914,0.10786140375021272,0.11477596273895989,0.057715175115986395,0.049131978517202565,0.06381984694513282,0.05735692628781611,0.10364937774625661,0.07075565832710061,0.026263694827171676,0.057983344683024504,0.015335599796271132,0.05636390858181385,0.18449154832084794,0.10060492240923555,0.052384989966095176,0.1412294811690744,0.034210362222606545,0.1414196764074397,0.0325779914417661,0.30318879799301185,0.039097178403433,0.10738461346976483,0.03544353092451041,0.04769708527913133,0.00723332362833648,0.10056264620920957,0.015067319578338617,0.08732456447569596,0.1788227873389219,0.045616126317840226,0.15249242112043093,0.04083088049915265,0.032359818370631226,0.1873828912940007,0.30124595258678216,0.18666027209475722,0.06130051184028606,0.06650081836383148,0.16181108040061645,0.0507314920588211,0.03418437605602435,0.02696476681248785,0.18353317167795255,0.033579700002234446,0.06220922433133476,0.054822115843996516,0.16903165089690644,0.02351782199413517,0.06115579624633521,0.02049398507016983
rowId76,0.10970978460661515,0.2776265708225612,0.13829512470271474,0.021157916276166023,0.031868410667312,0.014716686096325607,0.1640993206899182,0.028799829447790155,0.14113352939866172,0.07886327830220485,0.18003070762950393,0.08257032572084051,0.1655563823290761,0.05834458195742017,0.044860885474410195,0.02361421532171209,0.021118410496397552,0.017630175192375756,0.1078497759557763,0.01988777446856482,0.014716686096325607,0.028351876179501967,0.06675030899708037,0.07851951477554499,0.03248835396083318,0.00424493197697294,0.195916188529966,0.18719690702186523,0.10125690672229279,0.0537597443516009,0.07708572147077516,0.1341652501913408,0.09018835436075119,0.1125644642390023,0.43441487236169335,0.028154251193438836,0.06399474151154907,0.11740460218514133,0.25635908080830144,0.0270145524300177,0.032952065867482595,0.06791251188713673,0.16677513400863042,0.03681279137599688,0.11118440660788745,0.03121060153353462,0.05805212147369039,0.08048125822188523,0.12211068626932499,0.02840022742037241,0.123826265711517,0.04364627000013338,0.13478958388347761,0.07079673407993524,0.0772783426344131,0.1003528810059929,0.08136133338035202,0.025100142065157392,0.03350840518769029,0.1357760968140226,0.17419125449951103,0.05957042965684036,0.02710899991417163,0.18545904204552274,0.12441356900095034,0.0474565992792932,0.016973271370151134,0.1320554396711257,0.04909027753160908,0.5193187597312484,0.14011744072666557,0.06750234075417384,0.20152512057686184,0.14113031011126084,0.002450277267931671,0.02743976817762768,0.059802553182996904,0.03518168490499371,0.05623017099871448,0.08214468497383062,0.046388466784095875,0.02580952453634657,0.06021094519756196,0.021654483572879402,0.0337456475259338,0.1295841708513099,0.07627885643610594,0.43441487236169335,0.05101712555052155,0.04261959859366956,0.004799042885886919,0.19690434088246628,0.1843844272071021,0.10426991559030556,0.019916581577746697,0.02056781267910599,0.061013159375091844,0.02466226316757737,0.030439379557517934,0.05104574543442532,0.03794816822754598,0.1323933915099046,0.03520400737034127,0.06886356171131285,0.01669423581904388,0.02520256731126624,0.07137774300691742,0.06215243224595004,0.036846528821193866,0.05745113261848428,0.11772017342388433,0.04379595926580875,0.0755963524074938,0.02116821400719217,0.07197347829236062,0.08061541586142089,0.025355727280114457,0.02002957821666919,0.03948408970897994,0.03324955615323629,0.11882319584165722,0.06194984082576789,0.05957042965684036,0.014661684040514657,0.08964431767445613,0.07865097944924848,0.08244247697781007,0.0201585408420951,0.02385857807363168,0.01374440018485426,0.04463339559281491,0.03550697569405258,0.08018129967829611,0.020386609431187586,0.027768061154365427,0.06092904102196162,0.10325348019017183,0.0399806288070988,0.08148668066719446,0.03542607471918619,0.028351876179501967,0.08448792858324237,0.023826594959694768,0.05245383369473509,0.06114028361909431,0.1364791135843468,0.1674209607725292,0.034958360764687876,0.21384661491077844,0.018958315266224966,0.028547592901568733,0.18719690702186523,0.042261196458572674,0.06064146875180415,0.04056119255652058,0.021654483572879402,0.014415037939537852,0.07627885643610594,0.142594228576919,0.2364005381988082,0.028348923763038197,0.0630038274757027,0.045376733613794906,0.15249242112043093,0.034192443862057706,0.022964712006800666,0.10552438389889687,0.03887950188492328,0.2714605466469469,0.08577860073031916,0.05305495148621203,0.18978437954448157,0.08148668066719446,0.18583451268168535,0.12219537683003356,0.06629030525291289,0.09097591582361568,0.01612460411241117,0.06841565862114168,0.03417634251930709,0.021055835138022262,0.15883501452833554,0.051075750530004446,0.19388151623358074,0.13625357738901228,0.1357009020748816,0.11588311427078586,0.056111954907429595,0.14040186023070478,0.03052038560590705,0.0629887879839539,0.12391169721127608,0.03530730558576696,0.14011744072666557,0.13829512470271474,0.13357245140683496,0.0755963524074938,0.02642587952391636,0.0722395239920576,0.07767748564375446,0.03578457377357328,0.033220339547255416,0.06601684212396985,0.012018084666396207,0.11618044237816691,0.3545963317289478,0.15086271529609083,0.024771235204193724,0.0245809366740213,0.5570239156008115,0.04608240081918501,0.025271682694782034,0.14143183671796988,0.05696271235707727,0.06136603642967155,0.028799829447790155,0.19054168358611942,0.123826265711517,0.08061541586142089,0.03253960227038006,0.11755973381021978,0.0337456475259338,0.1111333338491525,0.22321178026943483,0.15525234849131536,0.026059042153095482,0.04641012420267559,0.24775353246930432,0.3162993595987294,0.032818997701746046,0.10552438389889687,0.01238592740711079,0.030996936519047814,0.00176492202251769,0.06071106900104466,0.06796177011202863,0.023054019550028122,0.05669748161081187,0.1637682749328249,0.09939811435029541,0.04641012420267559,0.04795333646108831,0.06759523942494555,0.1233723421551813,0.04177562316439023,0.03839846356265713,0.10076413849603529,0.04177562316439023,0.11061162161675382,0.14764441014550456
rowId77,0.062888714605575,0.24775353246930432,0.11861451035848701,0.09017447478088754,0.03935005438836094,0.084028416742319,0.15955399352998592,0.02352782975286913,0.0779192497212779,0.20579014505034474,0.01669423581904388,0.07137774300691742,0.002121882473025589,0.021772511529288482,0.0359447612391452,0.08586955293230615,0.05472964640721986,0.06620182671010647,0.0699667824915573,0.0201585408420951,0.05580781562436631,0.11630662596262815,0.1228991753105598,0.06503226309649579,0.08196324862914352,0.16340254510766541,0.02613129831130594,0.0181559662694938,0.009681513657680633,0.08496200088294405,0.0618648465896002,0.0507553338290804,0.06107495036395189,0.061844400965221764,0.04645193071360075,0.1233723421551813,0.02814962589004989,0.14988539535299075,0.10279955933541127,0.04676237280688779,0.09165802437935143,0.11755973381021978,0.0721305894263954,0.1466377351705964,0.015170411416985165,0.015335599796271132,0.023682065233235416,0.09116752982577415,0.14871072430793672,0.08135120198795744,0.17638672838815636,0.12886494823050226,0.018364172732089117,0.25668347936274627,0.08635270049928916,0.04178727469312611,0.06313882087780895,0.011447945396967713,0.1427773981478607,0.09959952523575737,0.03417634251930709,0.10316854057431916,0.24967309262222043,0.07215257276062831,0.13844044529711408,0.059480149237931254,0.13464322407379928,0.17042579593926416,0.093388886946188,0.09300221264141717,0.07206168782554961,0.06415207462311867,0.09199831259661723,0.06715841591553207,0.1580817611002511,0.02313783907768579,0.01669423581904388,0.11630662596262815,0.17061893930874097,0.037320078735145645,0.02815537823506851,0.09805566740007637,0.1563213946479865,0.025100142065157392,0.06097390686036244,0.04465075375308366,0.01530033495826165,0.05092201320945591,0.016686140188555895,0.22380058753779314,0.1611631355227145,0.09304335223163059,0.14988539535299075,0.13478958388347761,0.02574444028713122,0.026585122090765596,0.07886327830220485,0.031876346560642095,0.03935005438836094,0.06598354674678703,0.0490597499275445,0.1711454650785608,0.045509685059433785,0.0890191691639798,0.021580403233670803,0.0325779914417661,0.09226955809382711,0.08034193349068149,0.047635917976653605,0.07426990010622855,0.15217526271752516,0.05661462709928093,0.09772256989304996,0.027363439804964036,0.09304335223163059,0.10421310024034515,0.03277899940354323,0.025897385529207652,0.05104160610971572,0.04298511575898325,0.15360233910270657,0.08008595999373899,0.07700547832610954,0.018955262996848417,0.11588311427078586,0.10167435577256531,0.10656782405670617,0.026059042153095482,0.03084410864312551,0.017766762353292203,0.05769832902229535,0.04589955972427422,0.10364937774625661,0.02635623173074948,0.03589832647286954,0.07876470710772351,0.1334709007063108,0.051687603420260464,0.10534266627030402,0.045791771541429424,0.036649896912632624,0.10921701078819221,0.03080378095493439,0.011239942713006513,0.19039423461709837,0.26879822329353653,0.0439131798692914,0.015255115808022152,0.017273800303183713,0.14939398150028746,0.08874543296011354,0.05240819850123343,0.09599121761833428,0.04570153127571757,0.06203825029697983,0.0657465267103825,0.0300759063062323,0.09543761332904574,0.08230037117986294,0.06203825029697983,0.08712547088757225,0.07101758254728814,0.2670740704633735,0.02466226316757737,0.05486084811073825,0.01513130881026172,0.010673337756590316,0.27554240885943343,0.0536970880051042,0.053866987442392295,0.051633899716894936,0.045795797598099486,0.012126675197217269,0.02857897095131983,0.012087732820448055,0.005005215016144767,0.02116821400719217,0.059480149237931254,0.016358000002096352,0.018958315266224966,0.019315778665033825,0.07853026456257887,0.032264556125907624,0.09300221264141717,0.0874903467327799,0.14896969453060246,0.09555741616989258,0.027339415128827614,0.16689987759202496,0.1029843243690421,0.056891079170697266,0.1063164309380385,0.03825583218523496,0.04641012420267559,0.13554704684960045,0.08230037117986294,0.030328569389991258,0.03588597300280466,0.03748970445464128,0.06455453056223481,0.11598418326398066,0.0954788470012861,0.024098780808221292,0.0876026134183375,0.15249242112043093,0.017630175192375756,0.1779344105324831,0.0541445986603901,0.1834345178956457,0.08949112162957971,0.15669038074703903,0.031876346560642095,0.10724947234195165,0.13881479140370268,0.06486139555434021,0.11575658288256026,0.04774617208099574,0.030996936519047814,0.04222067134673445,0.09669392721349093,0.029507745076402716,0.07658065332977336,0.046388466784095875,0.020386609431187586,0.054129586089871874,0.11362113880128479,0.10038797037179867,0.13074656879043367,0.05694070031043384,0.024771235204193724,0.04774617208099574,0.02351227273072225,0.03835395733374427,0.04185138268959872,0.11294952971498579,0.03563154151704626,0.09820919447804341,0.0359447612391452,0.06250849925275137,0.054129586089871874,0.15530946107413995,0.02313053330121862,0.08924529259492195,0.0010202824078819834,0.08569440272150812,0.05486084811073825,0.055774104685159004,0.028174092892130336,0.015352563380492361,0.08657764061190118
rowId78,0.03727036506772215,0.03674381607780177,0.21384661491077844,0.03736430133007787,0.1051118587615843,0.11365898223390919,0.19078411262500236,0.10085216866489953,0.15758099506012443,0.43869097846121036,0.2258985049700433,0.034192443862057706,0.050133515081212804,0.0597815607672343,0.01895455216864403,0.07709042215528919,0.04256926151243291,0.05758670702735719,0.031275357344309446,0.1441239985181465,0.047691580699675384,0.0899790526173496,0.0507314920588211,0.10409300769221103,0.03235926346470298,0.15530946107413995,0.06048729749479088,0.03915384690431336,0.06819333741960472,0.03929745058332522,0.023686072056975687,0.11276069009873572,0.10603764313892584,0.032264556125907624,0.04645193071360075,0.0461850859364933,0.07637491113170373,0.0054814593349430405,0.11625513295709856,0.01770105402259905,0.03735984974308029,0.036187468336751134,0.04769708527913133,0.05390023838106589,0.07767748564375446,0.19223830649177262,0.09884639407295902,0.14632140965753745,0.19223830649177262,0.03045556880439479,0.14343504384091949,0.03005283459482651,0.03748970445464128,0.04204329395914663,0.02783085768444364,0.0017571564343280834,0.2186621908474496,0.029507745076402716,0.18435777333481965,0.0755963524074938,0.2658849877817125,0.03868360349542509,0.001393729645481836,0.16841652266777207,0.06390620491701236,0.09699257399247305,0.005679349701945355,0.046388466784095875,0.15883501452833554,0.04261959859366956,0.05098374705089239,0.12807209650745013,0.04401643776890336,0.0899790526173496,0.03489913479097014,0.055256227649755706,0.072099642549982,0.05945534751366567,0.03991607894800064,0.12228666395372358,0.08195793823383195,0.026585059228289947,0.14454419744297103,0.12562638679141755,0.03544609355570803,0.10485570365903252,0.046881382097812806,0.12211806068723663,0.1414196764074397,0.05399159008563422,0.11882071775636806,0.16102481895057755,0.10605325488426509,0.1310381700263656,0.025029094172608478,0.02584657308877199,0.07667281301684715,0.030996936519047814,0.03825583218523496,0.06415207462311867,0.04769708527913133,0.16638812160611435,0.04424430627846097,0.08654471896219404,0.020982432959834096,0.03167120150154307,0.08970485982576791,0.07810796492859388,0.04631310994474407,0.07220956990215752,0.1479456936785445,0.0550416688137162,0.09500916353817297,0.02660472372197752,0.09045302062979264,0.10131679962040124,0.031868410667312,0.025174039322353518,0.04962240834602832,0.04178727469312611,0.14933438258730217,0.07785515459993708,0.07486977280851757,0.018425671901617,0.11266209052558614,0.09884639407295902,0.10360607847073296,0.025333958859089768,0.029985474340503245,0.017273800303183713,0.05609276012837682,0.04462283994352437,0.10076413849603529,0.02562141734791899,0.03489913479097014,0.07658065332977336,0.1297611414039591,0.05024722004133929,0.10241020114291999,0.044521419544169445,0.03563154151704626,0.10618502505903259,0.029943120478630375,0.04372229617401926,0.18619259208399594,0.06203825029697983,0.026861697918467726,0.10854730204208571,0.02710899991417163,0.03578457377357328,0.0542228987442999,0.029383760512826113,0.09611385024571852,0.02743976817762768,0.18338484295646426,0.1647014841231385,0.06557286050496769,0.08136133338035202,0.06216262999539586,0.03386979239732146,0.13829512470271474,0.15544147439358993,0.08406858724476178,0.08949112162957971,0.057983344683024504,0.14112762206315058,0.03737447382194406,0.02002957821666919,0.1342836024757118,0.04917298652148906,0.08136133338035202,0.04589467591825148,0.12411607552736283,0.1581044432373948,0.1369968788708034,0.034370664243488024,0.14858535047801408,0.06584863655866877,0.0017202596135649285,0.252546345387661,0.1357760968140226,0.02857897095131983,0.18779475819152228,0.06194984082576789,0.05260097431677552,0.12219537683003356,0.1562688333715234,0.193635599882764,0.07929654641953629,0.16241222083888848,0.13881479140370268,0.05469840484931965,0.028906179387724443,0.08924529259492195,0.23928241693201163,0.041712302511136355,0.020807297962228015,0.21475093122862896,0.061119482480982854,0.04036084414354057,0.040845637903666084,0.04589467591825148,0.1295082634805193,0.060636570386870495,0.021580403233670803,0.1911693802116228,0.16364977061611355,0.05101712555052155,0.026483930919803868,0.07309631450339381,0.049508764798018974,0.03307704851652938,0.06115579624633521,0.043071005021486634,0.0632434822655344,0.08698319649927172,0.43869097846121036,0.06203825029697983,0.0542228987442999,0.0421658790621041,0.04440583666255198,0.059004586079247745,0.10820335962123553,0.15607134131012784,0.10668520722708796,0.05772318999452151,0.18628808680826586,0.2670740704633735,0.02611256720996245,0.0987284859740227,0.025024671166916177,0.051602939631941826,0.17822411405818522,0.020598295357288864,0.006246975601047956,0.05769832902229535,0.03948408970897994,0.04610325480715077,0.03350840518769029,0.05092201320945591,0.06620182671010647,0.017430691886933358,0.02520256731126624,0.04641012420267559,0.020321361358463564,0.033290774643300255,0.09462622765743829,0.18249217498805528,0.18353317167795255,0.08685226182184991
rowId79,0.12411607552736283,0.07929654641953629,0.08855830640387612,0.20857655664498323,0.023849798036602254,0.142594228576919,0.09300221264141717,0.18435777333481965,0.10241594063559417,0.20476934866778262,0.009256460734643968,0.01839084429740458,0.05769832902229535,0.11242857206816594,0.04070700659105985,0.10618502505903259,0.0699667824915573,0.008660115293498229,0.13316941358652512,0.0874903467327799,0.07058851242365444,0.26881345614637076,0.06485024265722507,0.025029094172608478,0.05472964640721986,0.10670357252879333,0.16592845940929335,0.11523398534945531,0.08041896053972508,0.03305393741437245,0.05487583547021357,0.030182422378276723,0.16903165089690644,0.2003959170726871,0.1386428392245063,0.013719858586891658,0.07075565832710061,0.0752064061748442,0.1369968788708034,0.172012297833012,0.02760353810210546,0.009482827252723503,0.04070700659105985,0.0584438991170054,0.02225068215494732,0.04727763522576811,0.07075565832710061,0.0395962715405713,0.05848213623398934,0.03871069082009698,0.027046187939357282,0.08257032572084051,0.23672554762405443,0.2111621141291003,0.007131961602682052,0.026709505515855436,0.020529509358829346,0.03815625801769054,0.037320078735145645,0.06130051184028606,0.017106025771398956,0.012134930745230818,0.1563213946479865,0.18338484295646426,0.18978437954448157,0.11477596273895989,0.03292973864397497,0.07037493381792351,0.034192443862057706,0.1445093638682014,0.15243063322524364,0.053628078709692925,0.09888230924825035,0.0052680624270637945,0.02012066757282389,0.039295265544470714,0.06496844226399118,0.09820919447804341,0.19690434088246628,0.07637491113170373,0.1323334003157555,0.027531620896947936,0.08135120198795744,0.0325779914417661,0.012715153096983886,0.07445848668361738,0.04095910770721359,0.043071005021486634,0.0542228987442999,0.05472964640721986,0.10440381610333906,0.03590586360127347,0.023828379467334102,0.07844066975234061,0.014981903813317581,0.015469941711065378,0.04589467591825148,0.01855574938879523,0.022901702888118634,0.03839846356265713,0.028547592901568733,0.09959952523575737,0.026483930919803868,0.05180395422007624,0.012558098626810878,0.018958315266224966,0.0536970880051042,0.0467562821725928,0.0277221587397961,0.04321949947062577,0.08855830640387612,0.03294574279750345,0.05686995490855384,0.015927063990360178,0.0541445986603901,0.0606517689478234,0.01907473378512423,0.015067319578338617,0.029706759699468954,0.025014108046232233,0.08938879861991139,0.046607082917171326,0.04481391576928428,0.011030822511195562,0.06744074606654175,0.05916657597753136,0.06201881903401059,0.015165196934626564,0.017947202939576485,0.010343023728082419,0.033579700002234446,0.026709505515855436,0.06031646013147246,0.015335599796271132,0.02089366322938851,0.04583884293867521,0.07767994817908282,0.03007671168660523,0.06130051184028606,0.02664862240992076,0.021328364187053844,0.06356196425814355,0.017923659099580245,0.10155999662551508,0.03544353092451041,0.018275824150812713,0.041880081706703216,0.08481315466306634,0.2349367485001284,0.09734795100242262,0.04864227679937645,0.07767748564375446,0.004004509703717296,0.015701948111027837,0.062350729694423915,0.019496038612461016,0.16903165089690644,0.10236233413711866,0.026585059228289947,0.15607134131012784,0.1417595897119603,0.015801451102450778,0.018291443294187214,0.06250849925275137,0.1323933915099046,0.061119482480982854,0.001160583601150869,0.04385903655213013,0.020350234254141973,0.06420564322210497,0.13881479140370268,0.07206168782554961,0.5570239156008115,0.13571850953256293,0.08044347490146428,0.2159207442663503,0.02765053618110973,0.01316133287268846,0.01986848339245085,0.1090167930446169,0.05787162479345371,0.08008595999373899,0.013902640332945745,0.0627691656825544,0.02650003550771703,0.0268184986299694,0.09018835436075119,0.45549265311912734,0.1134198647261424,0.3468516279701624,0.08600653786498069,0.0721305894263954,0.004004509703717296,0.10668520722708796,0.031275357344309446,0.027910207489554757,0.04615051968663605,0.172012297833012,0.11620181949525443,0.15673013638471428,0.04962240834602832,0.017072460048859595,0.08029710466537372,0.10085216866489953,0.13091803247248263,0.07486977280851757,0.007269746988188503,0.028154251193438836,0.17956653351301535,0.02225068215494732,0.13091803247248263,0.05769832902229535,0.027363439804964036,0.4140068328953792,0.05034077198458959,0.012961469731987266,0.10167435577256531,0.08352530227143147,0.035260075015522224,0.09545180886436631,0.1116571166056257,0.012126675197217269,0.05305495148621203,0.01277488990260344,0.013563499102358852,0.08481315466306634,0.057983344683024504,0.04280986253284726,0.20397206245230323,0.10007624563057085,0.03352815115625609,0.18896364773024418,0.13468626386236254,0.051082808073531286,0.34567410193402004,0.03123999571671486,0.00884621442655624,0.015241665720065582,0.021055835138022262,0.07710780672072709,0.1779344105324831,0.03352815115625609,0.02977049159155893,0.03113679629243459,0.07417031644006374,0.2364121131322201,0.03193248632198632,0.05379965376413866,0.11288499704623164,0.2258985049700433
rowId80,0.06203825029697983,0.0710315829658983,0.4140068328953792,0.033365314010788134,0.028067500025218257,0.07178921113168528,0.04754028045988503,0.10131679962040124,0.037500805942635745,0.04917032852208639,0.19186399792315867,0.07152735509648726,0.05686233393948718,0.04676237280688779,0.18611516817269508,0.23412335067903467,0.03839141000492729,0.05245383369473509,0.03080378095493439,0.05090188545054481,0.0629887879839539,0.06420564322210497,0.10394473113420492,0.01869083213487588,0.05334765586927046,0.020350234254141973,0.15868440580585322,0.04837986921081425,0.010581444816286216,0.04126416055933206,0.10024902971260209,0.20428805750621565,0.27554240885943343,0.048464710066720464,0.001160583601150869,0.047162230417682645,0.030086858276874,0.034865189638133724,0.02419396447389655,0.08847280145958716,0.08657764061190118,0.08566758211999098,0.20537268538925627,0.017106025771398956,0.08938879861991139,0.03887950188492328,0.10048285662540822,0.1612891967285631,0.07482193533990962,0.017128430737049664,0.04982025888411105,0.04573619491427452,0.0361999467180642,0.03717821775032464,0.11432857919387622,0.06926103601658354,0.030086858276874,0.09835796675412416,0.0245809366740213,0.08406858724476178,0.12380179439755364,0.10250890973583873,0.06053595980176759,0.15258766027551868,0.05295063780666251,0.14764441014550456,0.04070700659105985,0.2199627082215403,0.08044347490146428,0.108774467065854,0.051853501696350786,0.019048800579276583,0.05453101905055259,0.27298330321199804,0.06196559736719907,0.026276556651016393,0.02116821400719217,0.1334709007063108,0.172012297833012,0.031559092364981736,0.06844674841574178,0.025392678101793305,0.05692538241875496,0.004252289108198878,0.03449769517907935,0.03253960227038006,0.16102481895057755,0.04058050711022771,0.02278187826579537,0.11009175703346592,0.26307161862603196,0.15227726780942955,0.11147700396371757,0.18057994137607258,0.03449769517907935,0.035617739209091205,0.10565873408288223,0.04270954807646496,0.05271634220676527,0.08840250238522263,0.065728013099982,0.22929229968146284,0.06097390686036244,0.11926490911450775,0.028912686395979416,0.04364627000013338,0.12361762312368559,0.1076361019752512,0.06381984694513282,0.09950116357986438,0.2038753946093372,0.07584865320171244,0.1309239724605942,0.03666282831631107,0.1246497705187889,0.13962037808819094,0.0439131798692914,0.034695106210996585,0.06838469631026628,0.05758670702735719,0.20579014505034474,0.10729126503837018,0.10316854057431916,0.025392678101793305,0.15525234849131536,0.13621507646855882,0.1427773981478607,0.034911584713727004,0.04132392199381643,0.023806578256957357,0.07730301579951251,0.06149509908870966,0.13886235682904702,0.03530730558576696,0.04809396790315217,0.10552438389889687,0.1788227873389219,0.06924378137890005,0.14113031011126084,0.06134922898764997,0.04910280909990828,0.14632140965753745,0.04126416055933206,0.021922161283611755,0.22664699653928227,0.05095963412617053,0.20221099925335276,0.08226846302831745,0.024338964763538914,0.08042163712152642,0.012134930745230818,0.018639036263385752,0.16102481895057755,0.05686893322128239,0.051633899716894936,0.026861697918467726,0.0792544397720208,0.048297437251682875,0.03550697569405258,0.04817075298797411,0.06435750665381641,0.0823375638533397,0.014860908062084252,0.061844400965221764,0.05449139133272031,0.19822721863685178,0.20736683539202264,0.15544147439358993,0.17530093677818082,0.014860908062084252,0.13315991708683086,0.02137279835562717,0.0196556399038762,0.007194636632862728,0.02535456283120991,0.08195793823383195,0.0507314920588211,0.08963884549822916,0.026146505080541723,0.007131961602682052,0.0618648465896002,0.11186074983563712,0.024338964763538914,0.03822996370629155,0.02977049159155893,0.4999321195827659,0.0627691656825544,0.17492427915422573,0.05109981097667743,0.03542607471918619,0.1798948556160159,0.017588295025992687,0.054822115843996516,0.07667281301684715,0.02481288025966938,0.4100194020764493,0.20221099925335276,0.179143948589297,0.10995881609813189,0.013563499102358852,0.021226796448345624,0.18283726985167884,0.06874798169201987,0.08152949166667502,0.01348667430785373,0.007024772460824246,0.05360222657306117,0.11836588863489117,0.12236543073654657,0.16172161237277496,0.03578457377357328,0.15955399352998592,0.09841710633466864,0.025355727280114457,0.01277488990260344,0.20989097606091836,0.03845064532152613,0.014415037939537852,0.009873194535136116,0.03590586360127347,0.21475093122862896,0.14365904546732117,0.023550772814327676,0.07586344697981773,0.3228831316963086,0.010399175499135192,0.019287301519781058,0.05240819850123343,0.08969943217494578,0.584049185076163,0.03835395733374427,0.05957042965684036,0.05945534751366567,0.025174039322353518,0.045200432058649556,0.03400334190851857,0.17158028346212587,0.08895253341747135,0.017923659099580245,0.017947202939576485,0.14933438258730217,0.08907090607325127,0.3428503142213519,0.17061893930874097,0.3469715121223475,0.07090457711116659,0.027407112804122807,0.018979402176076767,0.1834345178956457,0.1357760968140226
rowId81,0.06598354674678703,0.09703680934456076,0.028154251193438836,0.1879263109057972,0.10307852310271426,0.17005480488327893,0.09018835436075119,0.08847280145958716,0.046607082917171326,0.05636390858181385,0.051687603420260464,0.010394252366224313,0.08732456447569596,0.0313772043267731,0.019315778665033825,0.05098374705089239,0.34567410193402004,0.027407112804122807,0.06605031758532445,0.07942359275213501,0.26785683595267257,0.072099642549982,0.022198968675706938,0.0899400568571098,0.0397050772708996,0.15086271529609083,0.03467003182642679,0.043406679589960986,0.07580490169761156,0.055774104685159004,0.05995406151271267,0.13277468211871718,0.10076413849603529,0.3061785138368613,0.3003177616492855,0.05339413863343843,0.029985474340503245,0.10603764313892584,0.031089106207021117,0.08738340122130314,0.06082818198831625,0.2364005381988082,0.027167382687697555,0.07152735509648726,0.04458682553622899,0.31529600635664984,0.03387939669877388,0.1789225102535176,0.11061162161675382,0.10056264620920957,0.015701948111027837,0.01895455216864403,0.09622246946358516,0.0792544397720208,0.0772783426344131,0.08034193349068149,0.09300221264141717,0.1295178019926262,0.03994451649516368,0.05210881518392313,0.06922884638999138,0.020982432959834096,0.04491749837502824,0.10114236738919029,0.08984605018464675,0.06321851305053366,0.11523398534945531,0.05661462709928093,0.05399159008563422,0.036846528821193866,0.06316832941713058,0.0406149742766575,0.14011744072666557,0.0441892550832111,0.0017571564343280834,0.015960476247937345,0.10039594338350237,0.06175482815656476,0.1824389242971646,0.30318879799301185,0.027763038657373913,0.0899400568571098,0.06399474151154907,0.16256286021822472,0.0793443096543359,0.15530946107413995,0.09820919447804341,0.044860885474410195,0.04785285354146018,0.029826891600890564,0.08800441714809738,0.037320078735145645,0.055422642859247175,0.16841652266777207,0.03216971260422346,0.03321758702491373,0.09854469621923163,0.03983059066932128,0.04916600786159446,0.0824477990648991,0.06129987982429951,0.21384661491077844,0.05686233393948718,0.11122896499749457,0.02696476681248785,0.04070700659105985,0.11529490747573133,0.10038797037179867,0.0595199526671757,0.09279965872048816,0.19014511813092702,0.07074065692092224,0.12211068626932499,0.034192443862057706,0.11625513295709856,0.13021606959958118,0.04095516332527793,0.03235682904790616,0.06377588926060201,0.05370653215934189,0.191928510251779,0.10006566146445842,0.09622246946358516,0.023682065233235416,0.1447976279773046,0.127041027563886,0.13315991708683086,0.032562388630048615,0.03854164996678236,0.022198968675706938,0.07209222732767491,0.057350477925272175,0.1295082634805193,0.03292973864397497,0.04485720077955179,0.09841710633466864,0.16677513400863042,0.06457918226837461,0.13162212883887994,0.057214840644141694,0.045795797598099486,0.1364655702278823,0.038486313482753644,0.03983059066932128,0.11954656336370266,0.11337772438500815,0.024124754485251945,0.1562688333715234,0.06220922433133476,0.05783041423428113,0.05248745394216506,0.1357009020748816,0.04298511575898325,0.12912460435442497,0.1295178019926262,0.16822232470883255,0.020991286417138856,0.004252289108198878,0.033555591874811025,0.04916600786159446,0.03467003182642679,0.10024902971260209,0.034000464186655505,0.06164151164633323,0.005617077720564275,0.10190263505242705,0.08429347150409369,0.012216891820285111,0.09222861443600389,0.1445093638682014,0.04444735794264896,0.13914740977622023,0.020621798518323027,0.06791251188713673,0.2258985049700433,0.05722470980939253,0.03885148803211316,0.11325291449263311,0.1441239985181465,0.12562638679141755,0.3727138994028762,0.1404080633955328,0.031756706272599924,0.04759092305037301,0.14335025920532107,0.11909544926042755,0.0052680624270637945,0.052083190847696914,0.08196324862914352,0.05399159008563422,0.028303357240390212,0.03678678295654137,0.16689987759202496,0.04401643776890336,0.028923152962393183,0.02447860325380291,0.02535456283120991,0.010343023728082419,0.1029843243690421,0.012366508001763019,0.12860464508678013,0.023054019550028122,0.028067500025218257,0.0505517010170282,0.11052145071876468,0.045616126317840226,0.05037667855411855,0.0664158250271298,0.08895253341747135,0.26881345614637076,0.04292360038385886,0.04645193071360075,0.01612460411241117,0.1612891967285631,0.10241594063559417,0.021035279389131245,0.15530946107413995,0.04768002594368225,0.04346462473617179,0.04573619491427452,0.044049624822995334,0.019892428173312823,0.04595539194754334,0.005679349701945355,0.1111333338491525,0.03400334190851857,0.045791771541429424,0.15967368453543784,0.07876470710772351,0.034746682318480944,0.017273800303183713,0.047921103849625876,0.09611385024571852,0.1381458096349222,0.08586955293230615,0.15243063322524364,0.2632336066482097,0.0014734937643591185,0.10167435577256531,0.17005480488327893,0.07400884668123524,0.08481315466306634,0.06677823908643249,0.052083190847696914,0.0035574907143634156,0.11626584452197324,0.06169254292998417,0.034192443862057706,0.03351128377193219,0.10738461346976483
rowId82,0.14040186023070478,0.027980646120439018,0.03845064532152613,0.11882071775636806,0.08135120198795744,0.06149509908870966,0.0879574190924659,0.0904686580562412,0.21476115788320732,0.19014511813092702,0.04204329395914663,0.15217526271752516,0.06196559736719907,0.10603764313892584,0.3027496569786528,0.36368055324122,0.15919559162073024,0.059480149237931254,0.10939680651715215,0.14146683755353875,0.017998176002266903,0.033097731182593564,0.02774020260628076,0.042261196458572674,0.12211806068723663,0.24358307554122477,0.03563154151704626,0.08969943217494578,0.06620182671010647,0.03351128377193219,0.23861576314397512,0.1868962350416429,0.1090167930446169,0.03815638308977166,0.21476115788320732,0.2333867513310674,0.08004269499961067,0.09300221264141717,0.0474565992792932,0.19054168358611942,0.0541445986603901,0.023099802747534592,0.03542607471918619,0.014019535842511229,0.0314607697635493,0.02623006659696883,0.14988539535299075,0.03400334190851857,0.012161449214596332,0.10197873909666125,0.03854164996678236,0.11052145071876468,0.07058851242365444,0.10738461346976483,0.15607134131012784,0.06194984082576789,0.18628808680826586,0.03759004280874613,0.21475093122862896,0.04820576052431156,0.11512592140157864,0.20428805750621565,0.16613313457885215,0.05330037918976837,0.14463515329590595,0.0399806288070988,0.26913692879840234,0.19690434088246628,0.30435797541633286,0.14510798968466007,0.09073026914828385,0.02239055797752867,0.07152735509648726,0.01973453494446283,0.08938470287517632,0.15258766027551868,0.019194145876443882,0.03678678295654137,0.038176370151236406,0.057715175115986395,0.0673440682358704,0.1367338401089776,0.017588295025992687,0.045319880274969276,0.034746682318480944,0.018979402176076767,0.026861697918467726,0.02317179731502134,0.09018835436075119,0.008203217482846543,0.03798354132414837,0.07865097944924848,0.16266482666147805,0.1445201601817003,0.027606168990960488,0.028506084278041223,0.0845594630992321,0.03418168625114799,0.04219281776284814,0.07074922075822708,0.05260097431677552,0.18350589336633658,0.04879590076482457,0.09545180886436631,0.02313783907768579,0.03493008876530704,0.09893626269075131,0.08614679481226657,0.051075750530004446,0.07963498296649549,0.16316697912643482,0.06070335427422454,0.10477976030004915,0.029339572424451857,0.09975901395039075,0.11174286545708143,0.03514465642276618,0.027763038657373913,0.05472964640721986,0.046092288886077,0.1647014841231385,0.08586955293230615,0.08257032572084051,0.020321361358463564,0.12425308649778367,0.1090167930446169,0.11426457805788533,0.02794422929916819,0.03307704851652938,0.0190519723518334,0.0618648465896002,0.04921266724526593,0.1111333338491525,0.028255731759402766,0.03849441112147166,0.08445385072126431,0.14311180265807422,0.055422642859247175,0.11294952971498579,0.049097617730240746,0.039295265544470714,0.11710710220545238,0.0330249773605309,0.004975004103988152,0.054129586089871874,0.07993950078430732,0.034958360764687876,0.04636684804944004,0.10575797204979392,0.12450729421284275,0.15778891138703702,0.23543932595827535,0.03520873620064968,0.0181559662694938,0.15669038074703903,0.0014734937643591185,0.010336929883731765,0.033097731182593564,0.07006921752847214,0.018374990323745136,0.04305512182419307,0.008422735088664578,0.18541752096511707,0.2999375541180197,0.07767748564375446,0.11242857206816594,0.07876470710772351,0.06053130067514153,0.127041027563886,0.08154620190035185,0.07170174788096212,0.021654483572879402,0.10006566146445842,0.10426384688641321,0.008203217482846543,0.1647014841231385,0.16331513308486978,0.027504269865620715,0.015701948111027837,0.15178022389544338,0.19078411262500236,0.22507450032489837,0.07137774300691742,0.04083088049915265,0.03288713675441889,0.1078497759557763,0.061844400965221764,0.03908833083751431,0.021151515504727717,0.11882319584165722,0.05088840639974515,0.3197689405850322,0.020498449919657748,0.09427147148233736,0.03277899940354323,0.10874647795539916,0.17492427915422573,0.0016584474346639983,0.03493008876530704,0.11385499890938716,0.02239055797752867,0.0905182719978466,0.045360789929056525,0.08226846302831745,0.12425308649778367,0.1037583457617435,0.1417595897119603,0.1711454650785608,0.1580817611002511,0.05992858240965832,0.20476934866778262,0.03899315372958534,0.01986848339245085,0.04998130919555556,0.019332043777203257,0.02352782975286913,0.0181559662694938,0.16556059057061148,0.030387354680054202,0.08914338531565498,0.1364791135843468,0.0555072862063709,0.017672990361177764,0.1330630091351828,0.014415037939537852,0.14632140965753745,0.03489913479097014,0.04440583666255198,0.044860885474410195,0.20939838941095246,0.2642019076465018,0.04647464526117058,0.015170411416985165,0.09325059267029452,0.12219537683003356,0.13289247623394812,0.26913692879840234,0.2364121131322201,0.05453101905055259,0.07506896499436568,0.04349725231215473,0.02002952840479787,0.08964431767445613,0.20476934866778262,0.029826891600890564,0.04817075298797411,0.05240819850123343,0.1175324079111423,0.20540485068688014,0.03929745058332522
rowId83,0.04126416055933206,0.04095516332527793,0.02574444028713122,0.05783041423428113,0.051687603420260464,0.07079673407993524,0.0752064061748442,0.042261196458572674,0.13829512470271474,0.2200078992959789,0.03885148803211316,0.035363195774129205,0.04795333646108831,0.05005063723535282,0.04952331415873677,0.04769708527913133,0.10426991559030556,0.06134163395735278,0.3260595187431702,0.15968786781821426,0.11027956864797933,0.14958268588671825,0.10874647795539916,0.05740994371397918,0.04785285354146018,0.013409590494440833,0.16331513308486978,0.19277381183983736,0.26279658803543204,0.10552438389889687,0.00588991757559099,0.10820335962123553,0.03007671168660523,0.1276348184276337,0.0014734937643591185,0.04372229617401926,0.059802553182996904,0.12096049534283558,0.10708985912028696,0.05390023838106589,0.015352563380492361,0.0536970880051042,0.1115905840203343,0.03344599543635577,0.06744074606654175,0.03121060153353462,0.17172641547838768,0.013563499102358852,0.033301821495489534,0.09279965872048816,0.012558098626810878,0.03351128377193219,0.027363439804964036,0.036187468336751134,0.14573659520976878,0.38875735910827086,0.10164575434174027,0.11740460218514133,0.021226796448345624,0.026876565589276938,0.2364005381988082,0.08924529259492195,0.05608147292049057,0.0025689959322691643,0.04036084414354057,0.049097617730240746,0.2469646889848434,0.0014311573718241751,0.027146168235100094,0.045360789929056525,0.033506658653691006,0.00424493197697294,0.03080378095493439,0.027504269865620715,0.06321851305053366,0.04321949947062577,0.10355086589252654,0.0030499094301360435,0.1798948556160159,0.19629602978222907,0.08000910597483264,0.11710710220545238,0.13106381999870861,0.1134198647261424,0.18758162931895178,0.13957516578622461,0.08698319649927172,0.0656152538296495,0.2091523714731809,0.1789225102535176,0.08338120696561022,0.005679349701945355,0.02264041966360618,0.09865414033922758,0.018844236993921484,0.019457210346014938,0.05772318999452151,0.023330181294667924,0.028799829447790155,0.048297437251682875,0.03590586360127347,0.12526723464431033,0.033309323892934846,0.06515893991520305,0.015793248160788205,0.023844478287064486,0.06753860586174079,0.05880646563927412,0.03486464801397875,0.05436172829632793,0.11138415490383903,0.041436914536371376,0.07152735509648726,0.02002952840479787,0.06810160351913451,0.07627885643610594,0.02399030813264455,0.01895455216864403,0.03735984974308029,0.0314607697635493,0.11242857206816594,0.05861421065705314,0.05636390858181385,0.01387351467132388,0.08482005250119078,0.07441619064437292,0.07800111967087671,0.01907033912262752,0.022573770900477633,0.013003491916629327,0.04222978811763968,0.03359679780667776,0.07586344697981773,0.019287301519781058,0.026274800215107787,0.0576500574178649,0.09769224153143184,0.03782898930479036,0.07710103079442301,0.03351405703448733,0.026824400993290573,0.07993950078430732,0.022546309686991825,0.1125644642390023,0.023686072056975687,0.03565841363186296,0.04491749837502824,0.021055835138022262,0.008136093675204323,0.05024722004133929,0.08569440272150812,0.2507306932863154,0.019127231002087627,0.03815625801769054,0.11588311427078586,0.04820576052431156,0.02351782199413517,0.17327047237633048,0.05686995490855384,0.05357940536723349,0.051366119186550645,0.13005508638955907,0.040202306975338144,0.1788227873389219,0.15863599133732575,0.22840368924551568,0.11218261353333293,0.08352530227143147,0.0415504732210638,0.2219849138281642,0.16190114586296384,0.08196324862914352,0.06279852860220687,0.09409381491828588,0.03733659973021283,0.06115579624633521,0.07279057382105315,0.053126077928174774,0.11598418326398066,0.16613313457885215,0.18283152742229947,0.10125690672229279,0.15863599133732575,0.03648124451396212,0.03848544513246123,0.1052622382613658,0.031089106207021117,0.03439272521163692,0.1452086934270091,0.24562228218208193,0.0395962715405713,0.062303464678621655,0.3148892573261145,0.1823869310687453,0.04471466947688636,0.029446283759633547,0.10970978460661515,0.060266059686105294,0.048464710066720464,0.020889833352379115,0.061844400965221764,0.03782898930479036,0.018700198478567746,0.14454419744297103,0.010581444816286216,0.041436914536371376,0.09811087086971863,0.0467562821725928,0.09703680934456076,0.09622246946358516,0.04321949947062577,0.0879574190924659,0.11740460218514133,0.3391137012024435,0.04676237280688779,0.08635270049928916,0.01988249542172972,0.0069603434554135245,0.2632336066482097,0.06082818198831625,0.03486464801397875,0.03127487733751449,0.057346481122152716,0.051082808073531286,0.02664862240992076,0.09869680188678473,0.034911584713727004,0.02650003550771703,0.02002952840479787,0.0571866857956583,0.1754565304756922,0.3148892573261145,0.01817424356802463,0.0838457233068345,0.17966692845076357,0.06420564322210497,0.20397206245230323,0.00193613108216705,0.059480149237931254,0.10167435577256531,0.010394252366224313,0.08938470287517632,0.04610325480715077,0.05852680247216348,0.13022584200540502,0.2999375541180197,0.08840250238522263,0.07451204275514442,0.03514465642276618,0.046881382097812806
rowId84,0.06399474151154907,0.008203217482846543,0.015241665720065582,0.034370664243488024,0.2153453683839955,0.22961718615419324,0.07113296854299447,0.014019535842511229,0.03935005438836094,0.0874903467327799,0.04300577383145825,0.048464710066720464,0.15955399352998592,0.0201585408420951,0.127041027563886,0.07926505648786575,0.05260097431677552,0.11882319584165722,0.10904500645234083,0.0627691656825544,0.04095516332527793,0.12236543073654657,0.0490597499275445,0.08263987967781321,0.01988249542172972,0.016754799503522624,0.040245610853556525,0.10360607847073296,0.021067898405439718,0.08214468497383062,0.026483930919803868,0.10131679962040124,0.05034077198458959,0.2658849877817125,0.08377775022095811,0.1868962350416429,0.06810160351913451,0.05834458195742017,0.03387497164470329,0.15784646325867696,0.191928510251779,0.24172811512025913,0.1479456936785445,0.123826265711517,0.047921103849625876,0.07451204275514442,0.12251165950289139,0.01046299191267717,0.06598354674678703,0.1640993206899182,0.07037493381792351,0.02794422929916819,0.07194821538076857,0.05848213623398934,0.0394077465670282,0.02664862240992076,0.10112773277521184,0.011167719420105799,0.04463134321514318,0.0845594630992321,0.08635270049928916,0.23861576314397512,0.18978437954448157,0.20540485068688014,0.1175324079111423,0.016040533338174266,0.11689600783611202,0.06677823908643249,0.14147342497775015,0.19629602978222907,0.1265934144919582,0.012302249161072084,0.0196556399038762,0.26913692879840234,0.06130051184028606,0.16061958142217606,0.06421392437529953,0.03748970445464128,0.052405226629760854,0.03493008876530704,0.15758099506012443,0.10039258696788503,0.06216262999539586,0.06164151164633323,0.02081028375652667,0.022234943294891715,0.10667485251271967,0.09854469621923163,0.10197873909666125,0.22929229968146284,0.0017571564343280834,0.07856483488912339,0.0300759063062323,0.2670740704633735,0.05101712555052155,0.05268225340870092,0.1562688333715234,0.06316832941713058,0.07797456036523379,0.13074656879043367,0.09720702222508476,0.3391137012024435,0.09017447478088754,0.17638672838815636,0.04276085660505043,0.06455453056223481,0.18283152742229947,0.15919559162073024,0.09438867908508199,0.14716545133457043,0.30152961729774447,0.11218261353333293,0.193635599882764,0.0542228987442999,0.18435777333481965,0.20649467464612828,0.0649477681015009,0.05130884486760263,0.10114236738919029,0.08517001339279531,0.30435797541633286,0.15868440580585322,0.15258766027551868,0.037558283967565914,0.22961718615419324,0.20146058500594796,0.2111621141291003,0.051633899716894936,0.061119482480982854,0.03520873620064968,0.11432857919387622,0.09094831663440615,0.20537268538925627,0.0522210458533132,0.07113296854299447,0.15607134131012784,0.2644690882345289,0.10241594063559417,0.20872635028747744,0.0907346183323277,0.07262101302967139,0.21640617987221014,0.06103237777299579,0.06264437487725902,0.045616126317840226,0.06222357521808899,0.00193613108216705,0.1295082634805193,0.21384661491077844,0.2714605466469469,0.09593659412577094,0.07601437163497518,0.03994451649516368,0.06377588926060201,0.07438060590537096,0.11138415490383903,0.10121866702268312,0.14510798968466007,0.10349991225940729,0.03678678295654137,0.2507306932863154,0.02710899991417163,0.05686995490855384,0.08434440432053056,0.10241594063559417,0.04261959859366956,0.1283805700797791,0.0695040546611142,0.05170643345835024,0.028912686395979416,0.03253960227038006,0.029446283759633547,0.05103956064333818,0.1310381700263656,0.06356196425814355,0.11700851988804442,0.017450624484275826,0.022234943294891715,0.21386519591590655,0.04917032852208639,0.027663159557689426,0.04219281776284814,0.025197618312624327,0.10349991225940729,0.1369571476989645,0.0771158955617825,0.02113556481743805,0.021226796448345624,0.30124595258678216,0.15227726780942955,0.15962122246056037,0.05212729291658361,0.0485374725560171,0.03915384690431336,0.05472964640721986,0.24595226603168896,0.022052915920142253,0.38875735910827086,0.017072460048859595,0.03965121145683844,0.2506406475823802,0.04892163518420947,0.031740260267190276,0.12096049534283558,0.027980646120439018,0.12700540400463725,0.07417031644006374,0.059194134118890046,0.044521419544169445,0.08786929151668124,0.012944281733999176,0.0597815607672343,0.03849441112147166,0.024377994979228636,0.03706550616195868,0.06787691772128103,0.16841652266777207,0.024338964763538914,0.19435376875942542,0.035205111859481865,0.029237766048682105,0.05735554479919937,0.18870426167675433,0.06457918226837461,0.2483154695117704,0.20736683539202264,0.04615049880844655,0.027504269865620715,0.029356870216574262,0.07486977280851757,0.03319941164403907,0.015664244459787043,0.02113556481743805,0.2578014176647156,0.123826265711517,0.01855574938879523,0.15249242112043093,0.012366508001763019,0.13106381999870861,0.12391169721127608,0.10786140375021272,0.05101712555052155,0.047691580699675384,0.05552993223624501,0.13106381999870861,0.10398192488485646,0.04424430627846097,0.1357760968140226,0.12558596605576303,0.220292524920484
rowId85,0.015801451102450778,0.06071106900104466,0.09225130635784731,0.10039594338350237,0.2548275354194706,0.05379965376413866,0.0667889379457594,0.005745803733773644,0.08041896053972508,0.21095702757387483,0.19435376875942542,0.0527981832657547,0.015067319578338617,0.1615715416251067,0.046881382097812806,0.11512592140157864,0.05090188545054481,0.06551654894201865,0.10394473113420492,0.019892428173312823,0.020122083008015757,0.043071005021486634,0.08555483590857797,0.13079995882111786,0.07058851242365444,0.05578830709588376,0.14190502455906753,0.05295063780666251,0.04881095883136564,0.022546309686991825,0.05058439109993849,0.09438867908508199,0.09593659412577094,0.025720319365882233,0.2746187737836757,0.024771235204193724,0.03589832647286954,0.11593151931672963,0.10902995955306398,0.015258459652880734,0.06882577223500075,0.039097178403433,0.05210881518392313,0.07103377565029463,0.1052622382613658,0.19194275096689792,0.06551654894201865,0.025174039322353518,0.0755963524074938,0.1263156157929624,0.055256227649755706,0.007194636632862728,0.04253325415890776,0.03961435402692669,0.10851714506791006,0.13323971897869835,0.13962037808819094,0.11245629191416737,0.04187852298493348,0.038176370151236406,0.11726927412993757,0.08684442825395526,0.03439272521163692,0.017072460048859595,0.08257032572084051,0.06250205948427942,0.04669969026339511,0.032818997701746046,0.011353764515775563,0.06369774307302835,0.019332043777203257,0.05722470980939253,0.023844478287064486,0.0627691656825544,0.1868962350416429,0.17172641547838768,0.010987912659858455,0.3180651754385313,0.045791771541429424,0.02263772852861777,0.05379965376413866,0.03502074766405762,0.016137772223863426,0.08425381116818527,0.06457918226837461,0.38875735910827086,0.03256549912379051,0.04809396790315217,0.3391137012024435,0.1052622382613658,0.03681279137599688,0.036291896834200026,0.08545342411244973,0.3194174998259263,0.061019999055244085,0.0630038274757027,0.1868962350416429,0.07554793194649385,0.09325059267029452,0.1563681993870599,0.11625767060285853,0.40557282941627437,0.1078497759557763,0.21095702757387483,0.051141409945534407,0.07720896244367571,0.2186621908474496,0.19039423461709837,0.11288499704623164,0.17600648064578514,0.36062337047888127,0.1341652501913408,0.23158276126519725,0.06485024265722507,0.2204852418369684,0.2469646889848434,0.07767748564375446,0.06136603642967155,0.12096049534283558,0.10186479796660679,0.36400503546692115,0.18978437954448157,0.18249217498805528,0.04491749837502824,0.2746187737836757,0.24094477657595723,0.252546345387661,0.06175482815656476,0.07309631450339381,0.04210500574751806,0.1367338401089776,0.108774467065854,0.24562228218208193,0.06245472633172106,0.08507553736647443,0.18666027209475722,0.3162993595987294,0.12248603223318161,0.2496359041853222,0.10851714506791006,0.08685226182184991,0.25881898426779637,0.07298990170758035,0.11837185643558287,0.06839934237827247,0.27298330321199804,0.0190519723518334,0.16556059057061148,0.061013159375091844,0.06810160351913451,0.0710315829658983,0.12361762312368559,0.023846452282117396,0.03324955615323629,0.13844044529711408,0.13079995882111786,0.015258459652880734,0.21326958176696714,0.16190114586296384,0.20476934866778262,0.014956096707606049,0.04261959859366956,0.10398192488485646,0.007194636632862728,0.11266209052558614,0.08472293367978442,0.029274926692899546,0.2091523714731809,0.01660390198358485,0.06303752745103712,0.029105527801113307,0.03084410864312551,0.021035279389131245,0.059004586079247745,0.02743976817762768,0.031089106207021117,0.022573770900477633,0.0689993063277523,0.11365898223390919,0.10236233413711866,0.13990357565144373,0.08325662503095924,0.06216262999539586,0.04276085660505043,0.07261732845551341,0.3727138994028762,0.012587335184230724,0.2496359041853222,0.02378384434336071,0.09760076578435951,0.04525431632382581,0.39546404121520046,0.06496844226399118,0.013081264351617305,0.04385903655213013,0.1843844272071021,0.024771235204193724,0.06164151164633323,0.27036948105207664,0.0527981832657547,0.017273800303183713,0.07113296854299447,0.084028416742319,0.05511425938721453,0.13886235682904702,0.1911693802116228,0.09325059267029452,0.14812399391349337,0.0594686421835955,0.02351782199413517,0.035363195774129205,0.10252991989402437,0.10639914686488107,0.0536970880051042,0.09427147148233736,0.0527981832657547,0.1357009020748816,0.11365898223390919,0.12236543073654657,0.20221099925335276,0.06134922898764997,0.15249242112043093,0.08966850965032691,0.12411607552736283,0.07482193533990962,0.252546345387661,0.026276556651016393,0.03674381607780177,0.009873194535136116,0.050749717000185206,0.078934870899722,0.05086519017247306,0.10854730204208571,0.09272063992965827,0.01988249542172972,0.07881535331481296,0.13571850953256293,0.052956487694236526,0.026932067970345412,0.07710103079442301,0.043071005021486634,0.24562228218208193,0.0399806288070988,0.02642587952391636,0.04509791694775669,0.07942359275213501,0.10056264620920957,0.4140068328953792,0.1380096912362205,0.06838553160708132
rowId86,0.04321949947062577,0.02743976817762768,0.10131679962040124,0.11294952971498579,0.08949112162957971,0.45549265311912734,0.0330249773605309,0.05578830709588376,0.0656170881376967,0.2506406475823802,0.1824389242971646,0.2578014176647156,0.03766539871962317,0.05692538241875496,0.08732456447569596,0.04185138268959872,0.04982025888411105,0.1320554396711257,0.05220606181220708,0.072099642549982,0.02584657308877199,0.15962122246056037,0.04589955972427422,0.09884639407295902,0.02385857807363168,0.020756155523585302,0.09543251971003722,0.02263917793753184,0.06810160351913451,0.11882071775636806,0.26566501185002683,0.028906179387724443,0.023826594959694768,0.033365314010788134,0.17638672838815636,0.18426750232774555,0.04222978811763968,0.03887950188492328,0.1159413949746028,0.11598418326398066,0.1297611414039591,0.03548375469695007,0.1166785550069508,0.04256926151243291,0.0421658790621041,0.1860946727606127,0.17492427915422573,0.17966692845076357,0.21804882164329722,0.05957042965684036,0.0938511877510938,0.07090457711116659,0.20939838941095246,0.10164575434174027,0.03294574279750345,0.3391137012024435,0.03612476729242831,0.04631310994474407,0.3148892573261145,0.04253325415890776,0.05260097431677552,0.015664244459787043,0.06952257454552643,0.04095910770721359,0.03315502653878524,0.0536970880051042,0.017630175192375756,0.051366119186550645,0.07215257276062831,0.032818997701746046,0.2073555137067861,0.10364937774625661,0.05334765586927046,0.21326958176696714,0.03578457377357328,0.018374990323745136,0.12228666395372358,0.0337456475259338,0.034911584713727004,0.0899400568571098,0.022901702888118634,0.04816170391689469,0.10249062815394472,0.08164072362909384,0.034210362222606545,0.0401083087727199,0.10426991559030556,0.06207113531016131,0.051770520819839676,0.04230443740330246,0.06825487503589651,0.05686893322128239,0.04521676151860069,0.26566501185002683,0.050749717000185206,0.052405226629760854,0.15544147439358993,0.0628343017848615,0.07755929807815137,0.13005508638955907,0.09669392721349093,0.33732251758153786,0.08969943217494578,0.1754565304756922,0.04253325415890776,0.06421392437529953,0.18186820160151645,0.15835562061705558,0.09388686176416415,0.14638398611707923,0.2999375541180197,0.1115905840203343,0.19261294250040287,0.05393921197358413,0.18338484295646426,0.20540485068688014,0.06460373209232116,0.05103956064333818,0.10060492240923555,0.08472293367978442,0.3027496569786528,0.15784646325867696,0.15178022389544338,0.03735839786408729,0.22840368924551568,0.2003959170726871,0.21004634554321927,0.051366119186550645,0.060795326079078026,0.03502074766405762,0.1137250587043581,0.0904686580562412,0.20428805750621565,0.0519431516812059,0.07075565832710061,0.15525086444828687,0.26307161862603196,0.10187193224047701,0.2076241358354501,0.09025769470979908,0.0722395239920576,0.2152643211484814,0.06071106900104466,0.04921266724526593,0.06316832941713058,0.0441892550832111,0.029339572424451857,0.0618648465896002,0.0016584474346639983,0.04364627000013338,0.3229171991097377,0.045795797598099486,0.18435777333481965,0.09519306227719453,0.0540927417505276,0.10738461346976483,0.08684442825395526,0.032264556125907624,0.021226796448345624,0.11426457805788533,0.14454419744297103,0.004317486260476565,0.013145015428794026,0.019457210346014938,0.03727036506772215,0.08321436088057595,0.036601858906629224,0.10902995955306398,0.16903165089690644,0.10048285662540822,0.0793443096543359,0.14190502455906753,0.006801340860506317,0.05098374705089239,0.07800111967087671,0.1357009020748816,0.012715153096983886,0.034867962672411844,0.13162212883887994,0.02535456283120991,0.01915352288157754,0.20649467464612828,0.05686233393948718,0.010343023728082419,0.11583779486055595,0.14112762206315058,0.04256926151243291,0.04385903655213013,0.05745628713186052,0.09820919447804341,0.11458761931764577,0.06844674841574178,0.10995881609813189,0.1386428392245063,0.0419386775708471,0.04595539194754334,0.2417907223928248,0.03352815115625609,0.11837185643558287,0.02774020260628076,0.02840022742037241,0.059802553182996904,0.08249538594581472,0.05037667855411855,0.061302009339381985,0.016063735838563173,0.04595539194754334,0.02611256720996245,0.30318879799301185,0.07228921937305575,0.08837334186260187,0.23672554762405443,0.05834169532601587,0.04177562316439023,0.0378669845402935,0.032264556125907624,0.2333867513310674,0.2496359041853222,0.035363195774129205,0.38875735910827086,0.0536970880051042,0.02089366322938851,0.08196324862914352,0.09361426491082366,0.07881535331481296,0.017128430737049664,0.03991607894800064,0.17600648064578514,0.1287191263258841,0.027363439804964036,0.16841652266777207,0.051141409945534407,0.24775353246930432,0.06222357521808899,0.03748970445464128,0.05848213623398934,0.14668917981254953,0.041996588786748404,0.07797456036523379,0.13990357565144373,0.05833622116877451,0.1287191263258841,0.02113556481743805,0.3229171991097377,0.05735554479919937,0.12391169721127608,0.16870580819916503,0.06123350526234784,0.11181024998578303,0.060137038670072376
rowId87,0.14146683755353875,0.19014511813092702,0.09939811435029541,0.09165802437935143,0.060137038670072376,0.025197618312624327,0.02611256720996245,0.15525234849131536,0.36062337047888127,0.09880416150985406,0.06149509908870966,0.11365898223390919,0.1562688333715234,0.03561139959328582,0.03387497164470329,0.06123350526234784,0.05880646563927412,0.05834169532601587,0.08874543296011354,0.048297437251682875,0.04251837313333597,0.011030822511195562,0.1562688333715234,0.020350234254141973,0.09769224153143184,0.04251837313333597,0.04636684804944004,0.03942154954513675,0.02351782199413517,0.03467003182642679,0.06838469631026628,0.0441892550832111,0.26881345614637076,0.03409757716207294,0.05339413863343843,0.17158028346212587,0.0597815607672343,0.11861451035848701,0.05260097431677552,0.05436874168032864,0.03849441112147166,0.2106587338270038,0.14952523046457591,0.0793443096543359,0.07058851242365444,0.11583779486055595,0.023849798036602254,0.012944281733999176,0.04071275281232493,0.07915161640724724,0.03359679780667776,0.13725806414437652,0.056700360802280095,0.1037583457617435,0.04078779991944996,0.061119482480982854,0.002316316510001745,0.040845637903666084,0.193635599882764,0.01976819149240272,0.09734795100242262,0.04910280909990828,0.0540927417505276,0.038669056209247425,0.020386609431187586,0.06924378137890005,0.06071106900104466,0.0754669708164873,0.03788775710543377,0.04463134321514318,0.014956096707606049,0.08445385072126431,0.03733659973021283,0.053990798115460266,0.11529490747573133,0.05180395422007624,0.08244247697781007,0.06356196425814355,0.03766539871962317,0.061119482480982854,0.034509813976437216,0.10738461346976483,0.06377588926060201,0.018374990323745136,0.027504269865620715,0.04791447870766466,0.051687603420260464,0.07241697745172099,0.14371991382089253,0.02555328322910774,0.22507450032489837,0.08924529259492195,0.05271634220676527,0.1879263109057972,0.035898107525405044,0.03706550616195868,0.10995881609813189,0.04444735794264896,0.05486084811073825,0.09199831259661723,0.06839934237827247,0.23861576314397512,0.06345286629684944,0.12411607552736283,0.030086858276874,0.04542468396420786,0.12865367008844464,0.11201857577179962,0.0664158250271298,0.10355086589252654,0.2121707794512331,0.078934870899722,0.13625357738901228,0.03815625801769054,0.12972031364053122,0.14529841026851467,0.04570153127571757,0.03610503296908216,0.07117167890071133,0.05992858240965832,0.21415924083222407,0.1116571166056257,0.10737095420916197,0.02642587952391636,0.1615715416251067,0.1417595897119603,0.14858535047801408,0.03633334323186749,0.04300577383145825,0.024771235204193724,0.08044347490146428,0.06399474151154907,0.1445093638682014,0.03674381607780177,0.05005063723535282,0.10981751210074983,0.1860946727606127,0.07206168782554961,0.14687038373156372,0.06384464835745123,0.05109981097667743,0.15227726780942955,0.042946920005675966,0.014716686096325607,0.03633334323186749,0.03681279137599688,0.12526723464431033,0.07734764030560726,0.2658849877817125,0.19745924543290813,0.11412182255391809,0.07278167971079125,0.1115905840203343,0.04132392199381643,0.052083190847696914,0.06107495036395189,0.12972031364053122,0.01512409783235807,0.058789740339478584,0.3391137012024435,0.1674209607725292,0.02381888579015437,0.005745803733773644,0.014716686096325607,0.06882577223500075,0.03294574279750345,0.06308101847755063,0.043145974762119024,0.12251165950289139,0.0643135158345426,0.2349367485001284,0.1615715416251067,0.20146058500594796,0.029383760512826113,0.15785882849713337,0.16638812160611435,0.11777693041468404,0.0571866857956583,0.09555741616989258,0.008136093675204323,0.09599121761833428,0.022190818518236684,0.014470794131012073,0.025355727280114457,0.07044365083545326,0.036405905071761224,0.057983344683024504,0.016980287233531125,0.10187193224047701,0.05740994371397918,0.06753860586174079,0.10575797204979392,0.10656782405670617,0.1228991753105598,0.028154251193438836,0.0571866857956583,0.07031572056692838,0.05758670702735719,0.03256549912379051,0.017072460048859595,0.07805267957088467,0.13072710424841222,0.03927340148775338,0.04916600786159446,0.040202306975338144,0.01512409783235807,0.016588984493490472,0.02966187467733761,0.07709042215528919,0.06620182671010647,0.16316697912643482,0.1357009020748816,0.13464322407379928,0.027146168235100094,0.039716931145939396,0.0595199526671757,0.11882071775636806,0.0471885983259131,0.051824934045968406,0.1040932907750545,0.048297437251682875,0.06867273616548764,0.14529841026851467,0.03486464801397875,0.23412335067903467,0.0838457233068345,0.08847280145958716,0.19039423461709837,0.04481391576928428,0.15784646325867696,0.15785882849713337,0.03735984974308029,0.04754028045988503,0.051824934045968406,0.020122083008015757,0.10426991559030556,0.015469941711065378,0.06896073906595404,0.08895253341747135,0.08569440272150812,0.08044347490146428,0.11730261187148877,0.05686995490855384,0.13021606959958118,0.14687038373156372,0.12252495912844875,0.06149509908870966,0.04579692809366499,0.11836588863489117,0.0772783426344131
rowId88,0.19690434088246628,0.15607134131012784,0.027876176803554725,0.027876176803554725,0.2506406475823802,0.2076241358354501,0.04589467591825148,0.1111333338491525,0.16842985562662227,0.0554855060325719,0.008422735088664578,0.07074065692092224,0.009482827252723503,0.0607849939934305,0.11963798953386495,0.1879263109057972,0.010343023728082419,0.06598354674678703,0.0378669845402935,0.14988539535299075,0.10667485251271967,0.033106713589935485,0.029446283759633547,0.04998130919555556,0.08685234331831665,0.0316759563735845,0.08684442825395526,0.0542228987442999,0.23543932595827535,0.1466377351705964,0.02623006659696883,0.10186479796660679,0.03489913479097014,0.018979402176076767,0.09325059267029452,0.02611256720996245,0.10187193224047701,0.07117167890071133,0.049097617730240746,0.10236233413711866,0.027531620896947936,0.04982025888411105,0.3334925090390668,0.09379182321443247,0.06750234075417384,0.03419462071077893,0.17327047237633048,0.18003070762950393,0.0268184986299694,0.013845486774718425,0.015241665720065582,0.05037667855411855,0.10394473113420492,0.20247490841399748,0.06421392437529953,0.10565873408288223,0.034867962672411844,0.04162392941264945,0.039463191802789024,0.07113296854299447,0.020386609431187586,0.052384989966095176,0.0181559662694938,0.01669423581904388,0.24009752942176518,0.07853026456257887,0.019845656749530753,0.02029622361328579,0.062303464678621655,0.12886494823050226,0.15664252575486765,0.03681645588138558,0.1414196764074397,0.06598354674678703,0.03235682904790616,0.11218261353333293,0.0984254873172523,0.01530033495826165,0.09025769470979908,0.011167719420105799,0.05086519017247306,0.02733218066286086,0.0793443096543359,0.047921103849625876,0.04759092305037301,0.05745113261848428,0.30318879799301185,0.07230439312494019,0.14958268588671825,0.057715175115986395,0.03957776695492004,0.06458494506397139,0.033290774643300255,0.16842985562662227,0.03217564722898496,0.033220339547255416,0.09855186215742719,0.03983635869480125,0.04917298652148906,0.082456895347769,0.061302009339381985,0.21386519591590655,0.05686893322128239,0.11124057942966953,0.02696601461760173,0.04071275281232493,0.11530079725414541,0.10039594338350237,0.05952281701584533,0.09280744993744025,0.19016002304180096,0.07074577782997114,0.12211806068723663,0.03419462071077893,0.11626584452197324,0.13022584200540502,0.04095910770721359,0.032359818370631226,0.063784276915804,0.05371547389741796,0.19194275096689792,0.10007624563057085,0.0962274436407269,0.023686072056975687,0.14481002004165813,0.12705315503216075,0.13316941358652512,0.03256549912379051,0.03854625184302271,0.022201433566264018,0.072099642549982,0.05735554479919937,0.1295178019926262,0.0329315213687575,0.044860885474410195,0.0984254873172523,0.16678773669465566,0.06458494506397139,0.1316345418035157,0.05722470980939253,0.04579692809366499,0.1364791135843468,0.03848727934251136,0.05460540520056117,0.015801451102450778,0.023686072056975687,0.004252289108198878,0.021580403233670803,0.03418168625114799,0.0052680624270637945,0.02264041966360618,0.04516920421558451,0.022190818518236684,0.08614679481226657,0.04669969026339511,0.3594849603243823,0.05623017099871448,0.05248745394216506,0.17172641547838768,0.02284163337380396,0.03544609355570803,0.044049624822995334,0.06420564322210497,0.20152512057686184,0.03726148697091725,0.10203295344644954,0.1228991753105598,0.0316759563735845,0.10409300769221103,0.02660472372197752,0.02562141734791899,0.10806418965376709,0.0879574190924659,0.08244247697781007,0.07926505648786575,0.03319941164403907,0.25635908080830144,0.03419462071077893,0.051853501696350786,0.06134922898764997,0.010336929883731765,0.06377588926060201,0.3469715121223475,0.0471885983259131,0.11740460218514133,0.046092288886077,0.0899923145289757,0.020621798518323027,0.0938511877510938,0.17530093677818082,0.0505517010170282,0.021595790954911927,0.046388466784095875,0.05357940536723349,0.0031098328052653304,0.06064146875180415,0.108774467065854,0.10085216866489953,0.0461850859364933,0.05370653215934189,0.034695106210996585,0.1369968788708034,0.009482827252723503,0.08321436088057595,0.06458494506397139,0.09429267373051416,0.12205572874413355,0.027892269653222723,0.03574794240080859,0.06759523942494555,0.10249062815394472,0.0772783426344131,0.0054814593349430405,0.16316697912643482,0.03467003182642679,0.09500916353817297,0.06796177011202863,0.019127231002087627,0.15217526271752516,0.03319941164403907,0.01970153680309463,0.2642019076465018,0.049024242005896064,0.09970243584113091,0.07486977280851757,0.02623006659696883,0.06759523942494555,0.06415207462311867,0.018784945065822876,0.05295063780666251,0.1250324649912175,0.07580490169761156,0.10328477219772461,0.11815629172468389,0.03351405703448733,0.07963498296649549,0.0984254873172523,0.06839934237827247,0.06584863655866877,0.11512592140157864,0.04471466947688636,0.01666493942349854,0.11293500613327476,0.0030499094301360435,0.19186399792315867,0.10060492240923555,0.014019535842511229,0.024871013115369402,0.028906179387724443,0.14971586933495437
rowId89,0.19016002304180096,0.03134987981722057,0.053866987442392295,0.09720702222508476,0.04126416055933206,0.061844400965221764,0.18896364773024418,0.08004269499961067,0.02378384434336071,0.09487925635320633,0.08472293367978442,0.142594228576919,0.03735984974308029,0.12886494823050226,0.03121060153353462,0.06926103601658354,0.03324955615323629,0.09893626269075131,0.02243896273490084,0.08321436088057595,0.06306523644878903,0.09025769470979908,0.03489886399072764,0.1246497705187889,0.04251837313333597,0.055774104685159004,0.22664699653928227,0.02352782975286913,0.057363782537312245,0.10618502505903259,0.11118440660788745,0.05354673072017464,0.108774467065854,0.03678678295654137,0.012018084666396207,0.0016584474346639983,0.03908833083751431,0.025029094172608478,0.015067319578338617,0.11630662596262815,0.09893626269075131,0.05758670702735719,0.04424430627846097,0.0359447612391452,0.23095548830597412,0.054763426404342466,0.1090167930446169,0.12411607552736283,0.07441619064437292,0.16842985562662227,0.0069603434554135245,0.14311180265807422,0.1116571166056257,0.0533719563635346,0.11443541100529811,0.1090167930446169,0.043858403215920334,0.014470794131012073,0.036187468336751134,0.2186621908474496,0.11630662596262815,0.05037667855411855,0.23672554762405443,0.06194984082576789,0.08847280145958716,0.041436914536371376,0.025031390642341268,0.06952257454552643,0.07797456036523379,0.1427773981478607,0.11625513295709856,0.037558283967565914,0.05196947250218702,0.10394473113420492,0.10737095420916197,0.10186479796660679,0.023844478287064486,0.03501514193951451,0.0014311573718241751,0.08949112162957971,0.12607267965372257,0.1860946727606127,0.03352815115625609,0.031798389482455613,0.03929745058332522,0.11458761931764577,0.0196556399038762,0.058487495737945545,0.21134613596198915,0.02278187826579537,0.04817075298797411,0.14871072430793672,0.061847437905578964,0.09970243584113091,0.019048800579276583,0.019663016356227418,0.05833622116877451,0.023580556072726674,0.029105527801113307,0.04881095883136564,0.036291896834200026,0.1265934144919582,0.03366647778344107,0.06584732067285312,0.015960476247937345,0.024098780808221292,0.06825487503589651,0.05942891483026106,0.03523405384106503,0.054938895266455595,0.1125644642390023,0.04187852298493348,0.07228921937305575,0.020242087393360333,0.06882577223500075,0.07708572147077516,0.024245729366474,0.01915352288157754,0.03775970949684174,0.031798389482455613,0.11362113880128479,0.059236462286335244,0.05696271235707727,0.014019535842511229,0.0857171521604164,0.0752064061748442,0.07882916111607614,0.01927693647622441,0.02281560115399537,0.013145015428794026,0.04267621179097056,0.03395120652051321,0.07666916063144738,0.019496038612461016,0.0265530593515837,0.058260940532916396,0.0987284859740227,0.03822996370629155,0.0779192497212779,0.03387497164470329,0.02710899991417163,0.08078607664578705,0.02278187826579537,0.05436172829632793,0.0485374725560171,0.015241665720065582,0.029326273724277544,0.010399175499135192,0.16822232470883255,0.012802176579163431,0.16556059057061148,0.2480913783478117,0.015801451102450778,0.03324955615323629,0.1295383910867325,0.05090188545054481,0.048884152836856834,0.12380179439755364,0.11907757489265196,0.03735839786408729,0.0401083087727199,0.07730301579951251,0.3197689405850322,0.08230037117986294,0.03005283459482651,0.07262101302967139,0.10737095420916197,0.14147342497775015,0.11689600783611202,0.034370664243488024,0.06551654894201865,0.12507654866951376,0.04485720077955179,0.08970485982576791,0.08657086839348747,0.24595226603168896,0.13464322407379928,0.053990798115460266,0.16316697912643482,0.036601858906629224,0.1479456936785445,0.0555072862063709,0.02765053618110973,0.0954788470012861,0.1696726005404289,0.14481002004165813,0.0627691656825544,0.049024242005896064,0.07230439312494019,0.06149509908870966,0.09279965872048816,0.0010202824078819834,0.05090188545054481,0.10426991559030556,0.1445093638682014,0.22664699653928227,0.019332043777203257,0.14716545133457043,0.13844044529711408,0.022964712006800666,0.14040186023070478,0.055251470079924085,0.042946920005675966,0.25635908080830144,0.21415924083222407,0.27926771393662286,0.019315778665033825,0.024871013115369402,0.016358000002096352,0.03292973864397497,0.17005480488327893,0.04485720077955179,0.18173888180230333,0.02555328322910774,0.038669056209247425,0.06319030421927102,0.11626584452197324,0.06129987982429951,0.04300577383145825,0.1640993206899182,0.14040186023070478,0.1825014914548815,0.054280931684650695,0.046092288886077,0.039295265544470714,0.09545180886436631,0.12886494823050226,0.030387354680054202,0.05024722004133929,0.02284163337380396,0.11218261353333293,0.18611516817269508,0.07206168782554961,0.060795326079078026,0.020756155523585302,0.028799829447790155,0.031868410667312,0.11458761931764577,0.21825403355153195,0.06828300839267314,0.07797456036523379,0.04615049880844655,0.022386710360606483,0.26879822329353653,0.1040932907750545,0.09869680188678473,0.08577860073031916,0.019194145876443882,0.031798389482455613,0.029326273724277544
rowId90,0.018639036263385752,0.13914740977622023,0.05916657597753136,0.0490597499275445,0.18283726985167884,0.03292973864397497,0.054938895266455595,0.2578014176647156,0.07075565832710061,0.04820576052431156,0.018150947067355323,0.11124057942966953,0.0467562821725928,0.08517001339279531,0.044667915145341616,0.018432099923438347,0.022573770900477633,0.032562388630048615,0.05147005307257128,0.07031572056692838,0.07058851242365444,0.11293500613327476,0.01907033912262752,0.10897046204943009,0.022573770900477633,0.3061785138368613,0.02580952453634657,0.09611385024571852,0.021423618077814347,0.016980287233531125,0.054822115843996516,0.08414673120938626,0.06250849925275137,0.04056119255652058,0.14933438258730217,0.028912686395979416,0.16870580819916503,0.20247490841399748,0.058487495737945545,0.07379161689293162,0.16841652266777207,0.24207692773610648,0.059194134118890046,0.00176492202251769,0.22664699653928227,0.11963798953386495,0.17966692845076357,0.026824400993290573,0.15525086444828687,0.05098374705089239,0.09379182321443247,0.03991607894800064,0.15227726780942955,0.1466377351705964,0.04187852298493348,0.018806418396416683,0.020247981163211536,0.1518192802005353,0.05330037918976837,0.034865189638133724,0.15258766027551868,0.02243896273490084,0.05109981097667743,0.021118410496397552,0.1266858152845967,0.06264437487725902,0.08826146903160012,0.025327660444154753,0.06113316301368413,0.09545180886436631,0.05005063723535282,0.08257032572084051,0.2003959170726871,0.1655563823290761,0.032952065867482595,0.09857740111087837,0.015960476247937345,0.04952331415873677,0.03588597300280466,0.02352782975286913,0.07929654641953629,0.08964431767445613,0.1441239985181465,0.20476934866778262,0.04892163518420947,0.1518192802005353,0.023705378825243036,0.10364937774625661,0.08482005250119078,0.08481315466306634,0.05745113261848428,0.13323027286096276,0.2765435329574788,0.3229171991097377,0.06168446572573735,0.06369774307302835,0.18894688715902186,0.07637491113170373,0.09427147148233736,0.1580817611002511,0.1175324079111423,0.4100194020764493,0.10902995955306398,0.21326958176696714,0.05170643345835024,0.07805267957088467,0.22105905987919588,0.19248095965164957,0.11412182255391809,0.1779344105324831,0.36457726444627037,0.1356380804867504,0.23412335067903467,0.06556312471448641,0.22290272665912386,0.24967309262222043,0.07853026456257887,0.06203825029697983,0.12228666395372358,0.1029843243690421,0.36799292665354805,0.19186399792315867,0.18449154832084794,0.04541251652372214,0.2776265708225612,0.24358307554122477,0.2553151597134402,0.062430280141366375,0.07389922166867542,0.04256926151243291,0.1382327865214983,0.10996811052562744,0.2483154695117704,0.06313882087780895,0.08600508125519364,0.18870426167675433,0.3197689405850322,0.123826265711517,0.2523686063220783,0.10970978460661515,0.0878045545547013,0.261655810195167,0.07379161689293162,0.061847437905578964,0.084028416742319,0.08406858724476178,0.04162392941264945,0.03005283459482651,0.03167120150154307,0.43869097846121036,0.18191540179836385,0.08018129967829611,0.06048729749479088,0.03875353309490299,0.06886356171131285,0.04253325415890776,0.049508764798018974,0.1076361019752512,0.0704920209854422,0.029105527801113307,0.00884621442655624,0.11909544926042755,0.06039117806019295,0.016358000002096352,0.07565897206750936,0.03319941164403907,0.032562388630048615,0.1445093638682014,0.07460163473835035,0.04078779991944996,0.06486139555434021,0.13990357565144373,0.26785683595267257,0.06873054017857778,0.060795326079078026,0.005588867695018397,0.02520256731126624,0.0876026134183375,0.09361426491082366,0.012095021669586549,0.03965121145683844,0.04864227679937645,0.02765053618110973,0.08600653786498069,0.28033217266827043,0.08060394579563751,0.2521000479886916,0.11402291709174132,0.09761890088074457,0.3715749938643185,0.02857897095131983,0.08044347490146428,0.1250324649912175,0.09611385024571852,0.0779192497212779,0.03839846356265713,0.18173888180230333,0.09555741616989258,0.08635270049928916,0.191928510251779,0.11512592140157864,0.05940037972146779,0.04370905553095802,0.09330931421783428,0.11144192143260966,0.0955187759967584,0.18719690702186523,0.051853501696350786,0.028154251193438836,0.08060394579563751,0.09543251971003722,0.06203825029697983,0.04070808234821544,0.03735984974308029,0.1228991753105598,0.04058050711022771,0.18758162931895178,0.26279658803543204,0.08481315466306634,0.08685226182184991,0.05880646563927412,0.08732456447569596,0.03157549614693655,0.12912460435442497,0.006885013636356038,0.0208339993927098,0.04506801982299781,0.03737447382194406,0.04910280909990828,0.03794816822754598,0.23672554762405443,0.11072836442583536,0.022386710360606483,0.14113352939866172,0.15530946107413995,0.005588867695018397,0.04491749837502824,0.04346231377022084,0.10444233613991619,0.11837185643558287,0.04647464526117058,0.017998176002266903,0.03349720982818285,0.07262101302967139,0.03735839786408729,0.2521000479886916,0.10112773277521184,0.0052680624270637945,0.1711454650785608,0.22105905987919588
rowId91,0.03240034146396136,0.12425308649778367,0.0329046009050689,0.13022584200540502,0.0201585408420951,0.06092904102196162,0.07621505512326755,0.07215257276062831,0.082456895347769,0.04230443740330246,0.06675030899708037,0.10806418965376709,0.10325348019017183,0.04641012420267559,0.04321949947062577,0.057715175115986395,0.01238592740711079,0.14939398150028746,0.06053130067514153,0.027980646120439018,0.04455737455271466,0.2670740704633735,0.06321851305053366,0.17849674179298197,0.06693039258088294,0.0656152538296495,0.17042579593926416,0.020621798518323027,0.09025769470979908,0.16822232470883255,0.08569440272150812,0.018374990323745136,0.03007671168660523,0.04177562316439023,0.005588867695018397,0.005745803733773644,0.025160760491888617,0.058487495737945545,0.03808331619262089,0.3028211805111555,0.23861576314397512,0.016980287233531125,0.06620182671010647,0.06715056668121039,0.05608147292049057,0.06759523942494555,0.0522210458533132,0.12886494823050226,0.20540485068688014,0.26307161862603196,0.039295265544470714,0.09868190931741555,0.08263987967781321,0.1611631355227145,0.03417634251930709,0.039716931145939396,0.030996936519047814,0.025197618312624327,0.034958360764687876,0.04036084414354057,0.018844236993921484,0.03248835396083318,0.06896073906595404,0.03759004280874613,0.07417031644006374,0.24775353246930432,0.04187852298493348,0.04509791694775669,0.014399625229580902,0.019457210346014938,0.18611516817269508,0.023846452282117396,0.03727036506772215,0.054763426404342466,0.15868440580585322,0.04253325415890776,0.0699128580206811,0.18619259208399594,0.07044365083545326,0.07381480878488941,0.02840022742037241,0.08712547088757225,0.026483930919803868,0.04669969026339511,0.1412294811690744,0.010336929883731765,0.02273898861418235,0.16190114586296384,0.047691580699675384,0.1640993206899182,0.045795797598099486,0.11144192143260966,0.20579014505034474,0.43869097846121036,0.08380283722038466,0.08653034708937724,0.25668347936274627,0.1037583457617435,0.12807209650745013,0.21476115788320732,0.15967368453543784,0.5570239156008115,0.14812399391349337,0.28973263368498414,0.07023972692722037,0.10603764313892584,0.3003177616492855,0.26149081198054147,0.1550396469231862,0.24172811512025913,0.49528609136595186,0.18426750232774555,0.3180651754385313,0.08907090607325127,0.3028211805111555,0.33918533192477185,0.10668520722708796,0.0842820761735914,0.16613313457885215,0.13990357565144373,0.4999321195827659,0.2606536427728311,0.2506406475823802,0.06169254292998417,0.3771672212472896,0.33091766808774714,0.3468516279701624,0.08481315466306634,0.10039258696788503,0.05783041423428113,0.18779475819152228,0.14939398150028746,0.33734359445085255,0.08577860073031916,0.11684276578331389,0.25635908080830144,0.43441487236169335,0.16822232470883255,0.3428503142213519,0.1490411053187102,0.11928874304104242,0.35546825740553917,0.10024902971260209,0.061844400965221764,0.03418168625114799,0.09669392721349093,0.02243896273490084,0.018844236993921484,0.005005215016144767,0.193635599882764,0.3727138994028762,0.27298330321199804,0.07074577782997114,0.09763967183037908,0.06220922433133476,0.15346551334662537,0.05992858240965832,0.010673337756590316,0.08226846302831745,0.07482193533990962,0.03530730558576696,0.026824400993290573,0.12219537683003356,0.03193248632198632,0.19822721863685178,0.07637491113170373,0.12860464508678013,0.2349367485001284,0.04509791694775669,0.10349991225940729,0.03395120652051321,0.020756155523585302,0.08078607664578705,0.040486436781981466,0.07913518569135433,0.14454419744297103,0.001160583601150869,0.11755973381021978,0.03942154954513675,0.14343504384091949,0.020756155523585302,0.06114028361909431,0.0068412080772048455,0.020498449919657748,0.04276085660505043,0.10187193224047701,0.035617739209091205,0.10751684760680322,0.17638672838815636,0.026276556651016393,0.1330630091351828,0.026059042153095482,0.18249217498805528,0.023682065233235416,0.022546309686991825,0.2364121131322201,0.0208339993927098,0.11337772438500815,0.1789225102535176,0.043145974762119024,0.04379595926580875,0.09429267373051416,0.0027510090008349614,0.11294952971498579,0.03256549912379051,0.1042569366773471,0.03561139959328582,0.02313053330121862,0.05147005307257128,0.03929745058332522,0.16364977061611355,0.03080378095493439,0.025014108046232233,0.09720702222508476,0.02313783907768579,0.0657465267103825,0.045616126317840226,0.057350477925272175,0.06168446572573735,0.07400648649450245,0.0397050772708996,0.2999375541180197,0.06952257454552643,0.0905182719978466,0.014956096707606049,0.021035279389131245,0.032210831267687964,0.009230952109465151,0.11179989357123193,0.10252991989402437,0.34891311677638054,0.08481315466306634,0.08865993303919399,0.14958268588671825,0.13725806414437652,0.2364121131322201,0.10786140375021272,0.07220956990215752,0.0630038274757027,0.0904686580562412,0.023826594959694768,0.07020954388857871,0.22664699653928227,0.011167719420105799,0.07762287103978621,0.07995188821965497,0.019916581577746697,0.09222861443600389,0.18057994137607258,0.01817424356802463
rowId92,0.06750234075417384,0.01986848339245085,0.09699257399247305,0.025392678101793305,0.02317179731502134,0.1078497759557763,0.0632434822655344,0.10241594063559417,0.0533719563635346,0.06297106234016792,0.34567410193402004,0.12121331241289607,0.04647464526117058,0.06750050498598165,0.04506801982299781,0.048464710066720464,0.13421121227743957,0.34891311677638054,0.15883501452833554,0.09704550650974093,0.05692538241875496,0.04210500574751806,0.06926103601658354,0.08938470287517632,0.3197689405850322,0.11445004906312639,0.041880081706703216,0.016588984493490472,0.16316697912643482,0.06222357521808899,0.0316759563735845,0.03395120652051321,0.10334672978344611,0.02012066757282389,0.06302210618487246,0.026276556651016393,0.11867710015527264,0.252546345387661,0.0628343017848615,0.2999375541180197,0.30435797541633286,0.10131679962040124,0.022198968675706938,0.30435797541633286,0.0695040546611142,0.007615392198972024,0.1677536341409256,0.1427773981478607,0.18057994137607258,0.07762287103978621,0.15784646325867696,0.1334709007063108,0.00588991757559099,0.06926103601658354,0.03822996370629155,0.08226846302831745,0.13277468211871718,0.04734445323783841,0.02629983587546414,0.04774617208099574,0.03590586360127347,0.04917032852208639,0.07400648649450245,0.3027496569786528,0.05686995490855384,0.02815537823506851,0.06551654894201865,0.02243896273490084,0.057346481122152716,0.10203295344644954,0.05103956064333818,0.2091523714731809,0.10737095420916197,0.0406149742766575,0.21326958176696714,0.13844044529711408,0.047856065533528384,0.08949112162957971,0.0013854556807550518,0.024365487239746613,0.06503226309649579,0.0069603434554135245,0.142594228576919,0.012382517878824474,0.04916600786159446,0.03839846356265713,0.06220922433133476,0.05429242909402791,0.02243896273490084,0.1175324079111423,0.01678977509604229,0.0754669708164873,0.08814272218469847,0.07942359275213501,0.015170411416985165,0.015664244459787043,0.04647464526117058,0.018784945065822876,0.02318646687325158,0.03887950188492328,0.028906179387724443,0.10085216866489953,0.0268184986299694,0.05245383369473509,0.012715153096983886,0.019194145876443882,0.05436874168032864,0.04734445323783841,0.028067500025218257,0.043763658440362514,0.08966850965032691,0.033358740680036456,0.05758175040859915,0.01612460411241117,0.054822115843996516,0.06140680518445316,0.019315778665033825,0.015258459652880734,0.0300759063062323,0.025327660444154753,0.09051342413235951,0.0471885983259131,0.045376733613794906,0.011167719420105799,0.06828300839267314,0.05991102424496552,0.06279852860220687,0.015352563380492361,0.01817424356802463,0.010467376051495317,0.034000464186655505,0.027046187939357282,0.06107495036395189,0.015529893083447616,0.021151515504727717,0.04641012420267559,0.07864944924210476,0.03045556880439479,0.06207113531016131,0.026980568448242415,0.021595790954911927,0.06435750665381641,0.018150947067355323,0.07800111967087671,0.016137772223863426,0.015165196934626564,0.03418437605602435,0.043406971336301,0.03160906145105333,0.10402096773709571,0.04837986921081425,0.06601684212396985,0.057363782537312245,0.015960476247937345,0.014375380660155637,0.041996588786748404,0.123826265711517,0.014470794131012073,0.2548275354194706,0.0630038274757027,0.11538145086578852,0.06944514977390738,0.034000464186655505,0.05852680247216348,0.01869525894530098,0.07206168782554961,0.04222978811763968,0.029326273724277544,0.038176370151236406,0.13072710424841222,0.013653968348247239,0.08326537255041222,0.004799042885886919,0.0899923145289757,0.15664252575486765,0.04754028045988503,0.2632336066482097,0.020386609431187586,0.047691580699675384,0.034958360764687876,0.11077466046246393,0.06107495036395189,0.04541251652372214,0.07241697745172099,0.06753860586174079,0.051853501696350786,0.0277221587397961,0.023846452282117396,0.07020954388857871,0.14129435327272127,0.13070215436176996,0.025174039322353518,0.11179989357123193,0.23861576314397512,0.033309323892934846,0.0845594630992321,0.044667915145341616,0.03134987981722057,0.08338120696561022,0.08472293367978442,0.02049398507016983,0.0533719563635346,0.14718307939982944,0.16340254510766541,0.034865189638133724,0.0201585408420951,0.0399806288070988,0.08078607664578705,0.1868962350416429,0.012558098626810878,0.0439131798692914,0.043406971336301,0.04379595926580875,0.14858535047801408,0.1228991753105598,0.0954788470012861,0.2038753946093372,0.06435750665381641,0.3681248789730256,0.07709042215528919,0.17638672838815636,0.1228991753105598,0.051824934045968406,0.10316854057431916,0.03395120652051321,0.02953407343919929,0.12211068626932499,0.10164575434174027,0.07400648649450245,0.1968180510868663,0.1029843243690421,0.06896073906595404,0.01374440018485426,0.062303464678621655,0.0507553338290804,0.059443151246513115,0.06485024265722507,0.22321178026943483,0.08448792858324237,0.13962037808819094,0.023849798036602254,0.18978437954448157,0.04573619491427452,0.033365314010788134,0.02629983587546414,0.12121331241289607,0.3260595187431702,0.0314607697635493,0.017128430737049664,0.14141812516099347
rowId93,0.06250205948427942,0.1357009020748816,0.05661462709928093,0.07020954388857871,0.014375380660155637,0.12481848783605332,0.07658065332977336,0.02710899991417163,0.21825403355153195,0.0824477990648991,0.3093554490731001,0.05305495148621203,0.21215248245116475,0.04276085660505043,0.06201881903401059,0.0360755870758148,0.07209222732767491,0.021067898405439718,0.06460373209232116,0.1364655702278823,0.054280931684650695,0.0394077465670282,0.11529490747573133,0.06090742961770446,0.05196947250218702,0.1342836024757118,0.03666282831631107,0.04631310994474407,0.014635708471241923,0.05334765586927046,0.18628808680826586,0.04213882884517572,0.07379161689293162,0.13070215436176996,0.04982025888411105,0.05850393617212031,0.027381273594172674,0.08657764061190118,0.03905296466375901,0.020064425577496253,0.033358740680036456,0.12211806068723663,0.06159513328574669,0.09811087086971863,0.09899324295735384,0.062303464678621655,0.06644712560729071,0.05379965376413866,0.04132392199381643,0.06860051948882322,0.13886235682904702,0.03007671168660523,0.04585573014994079,0.15326340587523377,0.033290774643300255,0.08244247697781007,0.10565873408288223,0.07445848668361738,0.12626963953472042,0.09379182321443247,0.04583884293867521,0.028506084278041223,0.09959952523575737,0.12096049534283558,0.015927063990360178,0.23543932595827535,0.1381458096349222,0.06129987982429951,0.061844400965221764,0.1364655702278823,0.0699667824915573,0.2038753946093372,0.15868440580585322,0.10670357252879333,0.09272063992965827,0.1655563823290761,0.07915161640724724,0.036649896912632624,0.014772500230663017,0.05696271235707727,0.018806418396416683,0.06693039258088294,0.15249242112043093,0.11588311427078586,0.08481315466306634,0.0664158250271298,0.011030822511195562,0.04589467591825148,0.10552438389889687,0.012802176579163431,0.04471466947688636,0.20146058500594796,0.04952331415873677,0.09206805513314008,0.017588295025992687,0.0181559662694938,0.053866987442392295,0.021772511529288482,0.026876565589276938,0.04506801982299781,0.03350840518769029,0.11689600783611202,0.031089106207021117,0.06080458903783766,0.01473791567634694,0.02225068215494732,0.06302210618487246,0.05487583547021357,0.03253960227038006,0.0507314920588211,0.10394473113420492,0.038669056209247425,0.06675030899708037,0.01869083213487588,0.0635494061796558,0.07117919171599127,0.022386710360606483,0.017686954574394967,0.034865189638133724,0.029356870216574262,0.10491625862270752,0.05469840484931965,0.05259667703816095,0.012944281733999176,0.07915161640724724,0.06944514977390738,0.07279057382105315,0.017800098837098807,0.021067898405439718,0.012134930745230818,0.0394077465670282,0.03134987981722057,0.07079673407993524,0.017998176002266903,0.02452123900545794,0.05379965376413866,0.09116752982577415,0.03530475507284041,0.07194821538076857,0.03127487733751449,0.025031390642341268,0.07460163473835035,0.021035279389131245,0.2349367485001284,0.1369968788708034,0.07079673407993524,0.05393921197358413,0.08352530227143147,0.06485024265722507,0.04379595926580875,0.10294895835231888,0.049131978517202565,0.10934531532203123,0.021595790954911927,0.01374440018485426,0.0722395239920576,0.07700547832610954,0.001393729645481836,0.23861576314397512,0.08555483590857797,0.022901702888118634,0.03449769517907935,0.13162212883887994,0.017686954574394967,0.045581527511999786,0.027739673843593833,0.03727036506772215,0.1134198647261424,0.017630175192375756,0.1111333338491525,0.09510173084686854,0.04645193071360075,0.13962037808819094,0.09051342413235951,0.1631943737956888,0.10897046204943009,0.0363676403973819,0.004975004103988152,0.27926771393662286,0.004004509703717296,0.11124057942966953,0.032562388630048615,0.04267621179097056,0.03305393741437245,0.0632434822655344,0.2746187737836757,0.0779192497212779,0.013725977296703391,0.06620182671010647,0.0014195172520296124,0.21386519591590655,0.06819333741960472,0.2078788065117053,0.05940037972146779,0.034192443862057706,0.03080378095493439,0.010394252366224313,0.10039258696788503,0.06169254292998417,0.0627691656825544,0.5193187597312484,0.08970041153957714,0.013570794622076622,0.06791251188713673,0.19435376875942542,0.13074656879043367,0.05379965376413866,0.3469715121223475,0.027146168235100094,0.0792544397720208,0.14858535047801408,0.07730301579951251,0.02452123900545794,0.045616126317840226,0.23928241693201163,0.02089366322938851,0.10552438389889687,0.12319189475464339,0.10820335962123553,0.11625767060285853,0.04734445323783841,0.23928241693201163,0.020756155523585302,0.04952331415873677,0.06485024265722507,0.06629030525291289,0.021328364187053844,0.03359679780667776,0.1911796698425654,0.024377994979228636,0.03983635869480125,0.2333867513310674,0.031559092364981736,0.11273450456651479,0.14958268588671825,0.04744942273940095,0.10360607847073296,0.584049185076163,0.28973263368498414,0.018784945065822876,0.05850393617212031,0.0979135366345343,0.1321701883802027,0.00723332362833648,0.09116752982577415,0.08496200088294405,0.12380179439755364,0.08010368087486869,0.2111621141291003,0.012126675197217269
rowId94,0.15346551334662537,0.04070700659105985,0.013484203769131214,0.1823869310687453,0.08583343789693548,0.07278167971079125,0.273296513704592,0.06451092060994358,0.19629602978222907,0.03899315372958534,0.021922161283611755,0.09899324295735384,0.11882319584165722,0.07963498296649549,0.2258985049700433,0.026426546782911408,0.062045093156662276,0.08414673120938626,0.04837986921081425,0.007615392198972024,0.09545180886436631,0.002786736453702084,0.03736430133007787,0.06203184337028378,0.006885013636356038,0.04806025016521924,0.0554855060325719,0.07956170583697932,0.1798948556160159,0.08657086839348747,0.0026465754916795395,0.10056264620920957,0.25635908080830144,0.10349991225940729,0.00866723760616279,0.00866723760616279,0.03681279137599688,0.18186820160151645,0.02381888579015437,0.16552069044415763,0.27417998480996597,0.013409590494440833,0.15863599133732575,0.014635708471241923,0.03735839786408729,0.13070215436176996,0.09487925635320633,0.07720896244367571,0.11620181949525443,0.0878045545547013,0.022546309686991825,0.07621505512326755,0.02263917793753184,0.04462283994352437,0.26879822329353653,0.08425381116818527,0.04521676151860069,0.07152735509648726,0.03947508985661001,0.30152961729774447,0.0695040546611142,0.10114236738919029,0.02239055797752867,0.10167435577256531,0.07023972692722037,0.1868962350416429,0.14371991382089253,0.02710899991417163,0.10724947234195165,0.012944281733999176,0.08545342411244973,0.027768061154365427,0.026585059228289947,0.0979135366345343,0.14463515329590595,0.34567410193402004,0.07797456036523379,0.05460540520056117,0.03633334323186749,0.042797119164057644,0.06321851305053366,0.05245383369473509,0.11836588863489117,0.051853501696350786,0.07220956990215752,0.08257032572084051,0.027407112804122807,0.24595226603168896,0.05834169532601587,0.024377994979228636,0.017072460048859595,0.09835796675412416,0.04795333646108831,0.10290633734405875,0.0196556399038762,0.02029622361328579,0.06021094519756196,0.024338964763538914,0.03004152838787338,0.05037667855411855,0.037452485883362904,0.13066122595384033,0.034746682318480944,0.06796177011202863,0.01647513823739269,0.024871013115369402,0.07044365083545326,0.06134163395735278,0.0363676403973819,0.056700360802280095,0.11618044237816691,0.04322238139507759,0.07461071930135524,0.020889833352379115,0.07103377565029463,0.07956170583697932,0.025024671166916177,0.01976819149240272,0.038971085005950805,0.032818997701746046,0.11726927412993757,0.06114028361909431,0.058789740339478584,0.014470794131012073,0.08847280145958716,0.07762287103978621,0.08136133338035202,0.019892428173312823,0.023550772814327676,0.013563499102358852,0.044049624822995334,0.03503989682772746,0.07913518569135433,0.02012066757282389,0.027407112804122807,0.060137038670072376,0.10190263505242705,0.039463191802789024,0.08042163712152642,0.034958360764687876,0.027980646120439018,0.08338120696561022,0.02351227273072225,0.028154251193438836,0.022190818518236684,0.10854730204208571,0.09500916353817297,0.06069020644170173,0.08425381116818527,0.1414196764074397,0.033555591874811025,0.10921701078819221,0.07397354572993337,0.1386428392245063,0.019845656749530753,0.06675030899708037,0.18694592172753058,0.06896073906595404,0.1868962350416429,0.11061162161675382,0.3180651754385313,0.14011744072666557,0.15607134131012784,0.016063735838563173,0.006801340860506317,0.06874798169201987,0.09761890088074457,0.05460540520056117,0.4100194020764493,0.019332043777203257,0.26279658803543204,0.13396855290030701,0.043430434770496025,0.06867273616548764,0.14668917981254953,0.13990357565144373,0.062123878833392175,0.08196324862914352,0.1090167930446169,0.07658065332977336,0.015067319578338617,0.12121331241289607,0.058789740339478584,0.15525234849131536,0.11458761931764577,0.10241020114291999,0.18619259208399594,0.065728013099982,0.11218261353333293,0.04455737455271466,0.02562141734791899,0.0014042345243768168,0.008281152186413676,0.07700547832610954,0.038486313482753644,0.05088840639974515,0.07593919617160745,0.06375824879173388,0.10279955933541127,0.03561139959328582,0.18694592172753058,0.04070808234821544,0.13962037808819094,0.11242857206816594,0.025355727280114457,0.043071005021486634,0.0755963524074938,0.024098780808221292,0.22840368924551568,0.03590586360127347,0.16689987759202496,0.006801340860506317,0.13829512470271474,0.13962037808819094,0.03386979239732146,0.0541445986603901,0.20428805750621565,0.06557286050496769,0.09841710633466864,0.21476115788320732,0.15795199457320505,0.1518192802005353,0.025014108046232233,0.1427773981478607,0.011447945396967713,0.10667485251271967,0.016063735838563173,0.03520400737034127,0.10409300769221103,0.08938470287517632,0.0533719563635346,0.1968180510868663,0.04820576052431156,0.010394252366224313,0.18338484295646426,0.05460540520056117,0.1134198647261424,0.043430434770496025,0.1479456936785445,0.05916657597753136,0.21640617987221014,0.27926771393662286,0.11124057942966953,0.04346231377022084,0.13323971897869835,0.07113296854299447,0.06115579624633521,0.00884621442655624,0.16677513400863042,0.07482193533990962
rowId95,0.06841565862114168,0.08786929151668124,0.02263917793753184,0.04401643776890336,0.03419462071077893,0.1334709007063108,0.1367338401089776,0.15968786781821426,0.11909544926042755,0.06111234514641131,0.023550772814327676,0.03217564722898496,0.049024242005896064,0.029383760512826113,0.07913518569135433,0.24967309262222043,0.10349991225940729,0.05722470980939253,0.14399552386602338,0.10639914686488107,0.25668347936274627,0.11242857206816594,0.021151515504727717,0.1265934144919582,0.09763967183037908,0.041436914536371376,0.06584863655866877,0.21463072383043022,0.032562388630048615,0.05995406151271267,0.05580781562436631,0.062888714605575,0.07886327830220485,0.13962037808819094,0.05533035481700348,0.10939680651715215,0.03502074766405762,0.06825487503589651,0.0485374725560171,0.05783041423428113,0.0899923145289757,0.10039594338350237,0.02378384434336071,0.04251764915435123,0.1134198647261424,0.15785882849713337,0.06103237777299579,0.07185214553071906,0.06715056668121039,0.04435980035507822,0.03349720982818285,0.014470794131012073,0.093388886946188,0.02318646687325158,0.0962274436407269,0.042261196458572674,0.03705585238141802,0.14343504384091949,0.16316697912643482,0.025100142065157392,0.0009565827979865296,0.008149511298223012,0.0190519723518334,0.018374990323745136,0.0024663782729773404,0.016973271370151134,0.0785721462772907,0.04471466947688636,0.1078497759557763,0.20857655664498323,0.012715153096983886,0.09116752982577415,0.08840250238522263,0.026824400993290573,0.05880646563927412,0.04440583666255198,0.11882319584165722,0.2038753946093372,0.05061685740582469,0.11700851988804442,0.024618591499328494,0.014951362342960125,0.11625513295709856,0.033301821495489534,0.034958360764687876,0.02012066757282389,0.045922997763917076,0.11072836442583536,0.11862327645103342,0.08657086839348747,0.1447976279773046,0.047691580699675384,0.1051118587615843,0.14399552386602338,0.027504269865620715,0.02840389634552638,0.08425381116818527,0.034058891602593,0.04203818600440162,0.0704920209854422,0.05240819850123343,0.18283726985167884,0.048619139107471364,0.09510173084686854,0.023054019550028122,0.0348058819147593,0.09857740111087837,0.08583343789693548,0.05088840639974515,0.0793443096543359,0.1625737309454052,0.06048729749479088,0.10440381610333906,0.029237766048682105,0.09939811435029541,0.11133391901952686,0.03501514193951451,0.027663159557689426,0.05453101905055259,0.045922997763917076,0.1640993206899182,0.08555483590857797,0.08226846302831745,0.020247981163211536,0.12380179439755364,0.1086200947835858,0.11385499890938716,0.027839708058538748,0.032952065867482595,0.018979402176076767,0.06164151164633323,0.0490379695395885,0.11072836442583536,0.028154251193438836,0.03835395733374427,0.08414673120938626,0.142594228576919,0.055217181988922066,0.1125391657576237,0.04892163518420947,0.03915384690431336,0.1166785550069508,0.0329046009050689,0.03983059066932128,0.004252289108198878,0.049744736908177364,0.036230841073632856,0.14952523046457591,0.004317486260476565,0.08377775022095811,0.3027496569786528,0.050749717000185206,0.04516920421558451,0.05533035481700348,0.10249062815394472,0.03386979239732146,0.026059042153095482,0.09703680934456076,0.10334672978344611,0.15919559162073024,0.1414196764074397,0.04298511575898325,0.030693479075619284,0.03544353092451041,0.045319880274969276,0.024098780808221292,0.028943925314967582,0.06245472633172106,0.062045093156662276,0.03782898930479036,0.09684750332021232,0.0630038274757027,0.11138415490383903,0.002450277267931671,0.06168603994923707,0.18186820160151645,0.012095021669586549,0.19562540965975656,0.018639036263385752,0.08325662503095924,0.11529490747573133,0.025031390642341268,0.01915352288157754,0.04774728846850738,0.12886494823050226,0.03121060153353462,0.013003491916629327,0.1316345418035157,0.09487925635320633,0.1316345418035157,0.05460540520056117,0.06053130067514153,0.13091803247248263,0.07114096024572565,0.047635917976653605,0.025327660444154753,0.04070808234821544,0.06944514977390738,0.03550697569405258,0.0030499094301360435,0.04070700659105985,0.2483154695117704,0.03544353092451041,0.02840022742037241,0.1518192802005353,0.02278187826579537,0.05486084811073825,0.09409381491828588,0.11538145086578852,0.04586860269306368,0.015335599796271132,0.036405905071761224,0.0845594630992321,0.016358000002096352,0.16552069044415763,0.10491625862270752,0.09236449954720602,0.001393729645481836,0.08079535123336722,0.014375380660155637,0.08148668066719446,0.026876565589276938,0.04727763522576811,0.08060394579563751,0.20341448967898124,0.034867962672411844,0.01907473378512423,0.03359679780667776,0.02347907098441795,0.03798354132414837,0.019845656749530753,0.10007624563057085,0.08061541586142089,0.07220956990215752,0.06164151164633323,0.12219537683003356,0.15427323840338192,0.06382012832209755,0.30435797541633286,0.018639036263385752,0.061847437905578964,0.06279852860220687,0.029274926692899546,0.03887950188492328,0.02264041966360618,0.08154620190035185,0.038971085005950805,0.033097731182593564,0.07461071930135524,0.0471885983259131
rowId96,0.08657086839348747,0.03948408970897994,0.07659175563472435,0.03253960227038006,0.1452086934270091,0.07762287103978621,0.0571866857956583,0.015258459652880734,0.12558596605576303,0.039295265544470714,0.3027496569786528,0.1754565304756922,0.022190818518236684,0.03706550616195868,0.08963884549822916,0.19562540965975656,0.08078607664578705,0.05952281701584533,0.055466322071612284,0.15258766027551868,0.19512175973379914,0.05552993223624501,0.11926490911450775,0.10426991559030556,0.03815638308977166,0.1367338401089776,0.13310438824799042,0.10806418965376709,0.017998176002266903,0.03561139959328582,0.03467003182642679,0.0541445986603901,0.06201881903401059,0.06377588926060201,0.08586955293230615,0.16102481895057755,0.06744074606654175,0.1792834397466763,0.04071275281232493,0.031756706272599924,0.18057994137607258,0.09462622765743829,0.28973263368498414,0.017128430737049664,0.03735984974308029,0.052153667803229845,0.03681279137599688,0.09939811435029541,0.2523686063220783,0.025333958859089768,0.03387497164470329,0.022901222912728655,0.06245472633172106,0.04056119255652058,0.08895253341747135,0.055466322071612284,0.2480913783478117,0.2765435329574788,0.05745628713186052,0.04910280909990828,0.062123878833392175,0.10048285662540822,0.05916657597753136,0.005005215016144767,0.10724947234195165,0.1134198647261424,0.0664158250271298,0.060446261739116706,0.09939811435029541,0.06220922433133476,0.03924490953398031,0.056891079170697266,0.19039423461709837,0.18350589336633658,0.06399474151154907,0.19248095965164957,0.2386319475261509,0.17158028346212587,0.02347907098441795,0.014257324378410534,0.02002957821666919,0.08018129967829611,0.12096049534283558,0.043763658440362514,0.04570153127571757,0.018291443294187214,0.0441892550832111,0.21134613596198915,0.07461071930135524,0.04608240081918501,0.08448792858324237,0.06828300839267314,0.01316133287268846,0.10409300769221103,0.01988249542172972,0.020529509358829346,0.06090742961770446,0.024618591499328494,0.030387354680054202,0.05095963412617053,0.03788775710543377,0.1321701883802027,0.03514363435872044,0.06874798169201987,0.01666493942349854,0.025160760491888617,0.07125929557042193,0.062045093156662276,0.03678678295654137,0.05735692628781611,0.11752161948341273,0.04372229617401926,0.0754669708164873,0.02113556481743805,0.07185214553071906,0.08048125822188523,0.025311766711087064,0.019996810121400154,0.03942154954513675,0.03319675917204851,0.11862327645103342,0.061844400965221764,0.0594686421835955,0.014635708471241923,0.08949112162957971,0.07851951477554499,0.08230037117986294,0.020122083008015757,0.02381888579015437,0.013719858586891658,0.04455737455271466,0.03544609355570803,0.08004269499961067,0.020350234254141973,0.027722067837179065,0.06082818198831625,0.10307852310271426,0.03991607894800064,0.08135120198795744,0.035363195774129205,0.028303357240390212,0.08434440432053056,0.02378384434336071,0.025174039322353518,0.027663159557689426,0.017672990361177764,0.1911693802116228,0.0270145524300177,0.033290774643300255,0.0360755870758148,0.2386319475261509,0.07389922166867542,0.05992858240965832,0.03086444059220104,0.041996588786748404,0.03052038560590705,0.0792544397720208,0.013725977296703391,0.006801340860506317,0.2644690882345289,0.0954788470012861,0.021030671122743688,0.13468626386236254,0.04589467591825148,0.09500916353817297,0.43441487236169335,0.09772256989304996,0.012366508001763019,0.08600508125519364,0.00176492202251769,0.11512592140157864,0.03678678295654137,0.027046187939357282,0.3469715121223475,0.17638607500940456,0.13464322407379928,0.024365487239746613,0.02611256720996245,0.06140680518445316,0.04521676151860069,0.34468304846797815,0.028854506441448317,0.1447976279773046,0.06556312471448641,0.10398192488485646,0.046388466784095875,0.099652762165392,0.01869525894530098,0.06316832941713058,0.08263987967781321,0.02574444028713122,0.0842820761735914,0.19014511813092702,0.06584863655866877,0.032359818370631226,0.0704920209854422,0.08654471896219404,0.08685234331831665,0.019663016356227418,0.06650081836383148,0.031868410667312,0.05220606181220708,0.0584438991170054,0.01513130881026172,0.15360233910270657,0.02635623173074948,0.05772318999452151,0.0348058819147593,0.19223830649177262,0.05986381853936585,0.07309631450339381,0.033358740680036456,0.04806025016521924,0.06390620491701236,0.04509791694775669,0.054280931684650695,0.04795333646108831,0.04589955972427422,0.033301821495489534,0.030328569389991258,0.017672990361177764,0.0899923145289757,0.018364172732089117,0.02361421532171209,0.07730301579951251,0.038176370151236406,0.30435797541633286,0.3162993595987294,0.3180651754385313,0.0329046009050689,0.03248835396083318,0.16102481895057755,0.02710899991417163,0.06053130067514153,0.2483154695117704,0.03351405703448733,0.11726927412993757,0.010987912659858455,0.13005508638955907,0.05694070031043384,0.07762287103978621,0.059480149237931254,0.038627933456537346,0.05511425938721453,0.0024663782729773404,0.07627885643610594,0.20221099925335276,0.007615392198972024,0.034746682318480944,0.08406858724476178
rowId97,0.01513130881026172,0.020350234254141973,0.08226846302831745,0.16678773669465566,0.11276069009873572,0.056700360802280095,0.06631257114977637,0.028506084278041223,0.10575797204979392,0.05783041423428113,0.05092201320945591,0.042261196458572674,0.04251837313333597,0.023806578256957357,0.057346481122152716,0.023846452282117396,0.13316941358652512,0.030927021957536882,0.07438060590537096,0.0584438991170054,0.033220339547255416,0.15673013638471428,0.10290633734405875,0.019916581577746697,0.041846755170547624,0.0361999467180642,0.072099642549982,0.09018835436075119,0.03418437605602435,0.06644712560729071,0.02733218066286086,0.13683359295655975,0.022234943294891715,0.05745113261848428,0.029943120478630375,0.023099802747534592,0.14718307939982944,0.09769224153143184,0.0068412080772048455,0.018275824150812713,0.021067898405439718,0.04506801982299781,0.02419396447389655,0.1042569366773471,0.013145015428794026,0.13310438824799042,0.06874798169201987,0.1341652501913408,0.25169580570047323,0.01512409783235807,0.02760353810210546,0.0721305894263954,0.09897951380933881,0.012409812198573015,0.0785721462772907,0.07309631450339381,0.04305512182419307,0.23303426545035244,0.03808331619262089,0.004799042885886919,0.06031646013147246,0.07864944924210476,0.0710315829658983,0.051633899716894936,0.03215927506634591,0.04322238139507759,0.06557286050496769,0.2483154695117704,0.09593659412577094,0.1297611414039591,0.010467376051495317,0.02966187467733761,0.2523686063220783,0.14871072430793672,0.021922161283611755,0.2483154695117704,0.04222067134673445,0.05092201320945591,0.23412335067903467,0.07856483488912339,0.09361426491082366,0.029237766048682105,0.12411607552736283,0.0699128580206811,0.5193187597312484,0.03211573957942239,0.14510798968466007,0.027363439804964036,0.11426457805788533,0.07865097944924848,0.023806578256957357,0.1611631355227145,0.0527981832657547,0.18353317167795255,0.035056425684755754,0.0361999467180642,0.10738461346976483,0.043406971336301,0.05357940536723349,0.08984605018464675,0.06679846799465182,0.23303426545035244,0.06196559736719907,0.12121331241289607,0.029383760512826113,0.04435980035507822,0.12563750103973415,0.10939680651715215,0.06486139555434021,0.10112773277521184,0.20720819671893126,0.07709042215528919,0.1330630091351828,0.03726148697091725,0.1266858152845967,0.14190502455906753,0.04463134321514318,0.035260075015522224,0.0695040546611142,0.05852680247216348,0.2091523714731809,0.10904500645234083,0.10485570365903252,0.02580952453634657,0.15778891138703702,0.13844044529711408,0.14510798968466007,0.03548375469695007,0.041996588786748404,0.02419396447389655,0.07856483488912339,0.06250205948427942,0.14113352939866172,0.03588597300280466,0.048884152836856834,0.10724947234195165,0.18173888180230333,0.07037567900853456,0.14343504384091949,0.062350729694423915,0.04990213832453254,0.14871072430793672,0.0419386775708471,0.1116571166056257,0.04998130919555556,0.10167435577256531,0.04178727469312611,0.05513978848235159,0.2121707794512331,0.2523686063220783,0.04276085660505043,0.06556312471448641,0.03994451649516368,0.09970243584113091,0.047921103849625876,0.12987758190099027,0.11072836442583536,0.1412294811690744,0.010874952074147064,0.04178727469312611,0.0429850759827676,0.052153667803229845,0.04645193071360075,0.10325348019017183,0.02447860325380291,0.3469715121223475,0.08321436088057595,0.015067319578338617,0.0421658790621041,0.17822411405818522,0.08434440432053056,0.06313882087780895,0.20044102279815545,0.11954656336370266,0.584049185076163,0.09409381491828588,0.12425308649778367,0.04379595926580875,0.0785721462772907,0.11523398534945531,0.01970153680309463,0.05034077198458959,0.3003177616492855,0.04267621179097056,0.10364937774625661,0.07593919617160745,0.1279124781470182,0.04253325415890776,0.021151515504727717,0.12450729421284275,0.10337740311861805,0.172012297833012,0.07467052724840187,0.13886235682904702,0.08892913104888106,0.24207692773610648,0.046092288886077,0.11689600783611202,0.026336588642208864,0.1957036499749003,0.036230841073632856,0.06750234075417384,0.1141660897894949,0.16331513308486978,0.024365487239746613,0.10138195455992095,0.09438867908508199,0.030328569389991258,0.055084569082919255,0.061847437905578964,0.1295841708513099,0.06584863655866877,0.13106381999870861,0.03578457377357328,0.10904500645234083,0.04586860269306368,0.036601858906629224,0.1380096912362205,0.09206805513314008,0.04471466947688636,0.15883501452833554,0.06313882087780895,0.11147700396371757,0.044860885474410195,0.025031390642341268,0.044521419544169445,0.0069603434554135245,0.0016584474346639983,0.11402459448067369,0.08855830640387612,0.0673440682358704,0.0208339993927098,0.3681248789730256,0.06753860586174079,0.0363676403973819,0.06675030899708037,0.09959952523575737,0.3194174998259263,0.13844044529711408,0.11740460218514133,0.36799292665354805,0.026709505515855436,0.07241697745172099,0.099652762165392,0.005745803733773644,0.06267275232069118,0.08008595999373899,0.03965121145683844,0.019092016924790765,0.04806025016521924
rowId98,0.054763426404342466,0.14812399391349337,0.13310438824799042,0.0201585408420951,0.12807209650745013,0.03786621570464605,0.0265530593515837,0.019996810121400154,0.059194134118890046,0.08566758211999098,0.09959952523575737,0.06439905526673266,0.055774104685159004,0.027167382687697555,0.05393921197358413,0.0030499094301360435,0.03056710604675929,0.03248835396083318,0.03705585238141802,0.06435750665381641,0.14365904546732117,0.08732456447569596,0.020386609431187586,0.08195793823383195,0.05196947250218702,0.20579014505034474,0.008136093675204323,0.108774467065854,0.028854506441448317,0.04322238139507759,0.11960470280766451,0.040202306975338144,0.07767748564375446,0.14988539535299075,0.06886356171131285,0.07400884668123524,0.02555328322910774,0.2038753946093372,0.1412294811690744,0.3070058519568064,0.055217181988922066,0.04177562316439023,0.01520413806018166,0.11009175703346592,0.14335025920532107,0.07220956990215752,0.07178921113168528,0.15664252575486765,0.17158028346212587,0.13079995882111786,0.015258459652880734,0.13468626386236254,0.09510212707801179,0.08800441714809738,0.10364937774625661,0.018700198478567746,0.10060492240923555,0.0397050772708996,0.09361426491082366,0.33734359445085255,0.1381458096349222,0.04589955972427422,0.13277468211871718,0.13396855290030701,0.10112773277521184,0.029356870216574262,0.012126675197217269,0.027892269653222723,0.06216262999539586,0.06515893991520305,0.07381480878488941,0.013145015428794026,0.029488681130087475,0.09855186215742719,0.01046299191267717,0.04669969026339511,0.13957516578622461,0.017264477451250176,0.07658065332977336,0.06071106900104466,0.04791447870766466,0.11122896499749457,0.1369571476989645,0.06677823908643249,0.04669969026339511,0.0584438991170054,0.02691960586289213,0.1310381700263656,0.14011744072666557,0.10337740311861805,0.08482005250119078,0.028358287807441887,0.019048800579276583,0.16331513308486978,0.031193985106960725,0.032210831267687964,0.09555741616989258,0.038627933456537346,0.04768002594368225,0.07995188821965497,0.059443151246513115,0.20736683539202264,0.05513978848235159,0.10786140375021272,0.026146505080541723,0.03947508985661001,0.11179989357123193,0.09734795100242262,0.057715175115986395,0.0899923145289757,0.1843844272071021,0.06860051948882322,0.11840644712166468,0.03315502653878524,0.11273450456651479,0.12626963953472042,0.039716931145939396,0.0313772043267731,0.061847437905578964,0.052083190847696914,0.18611516817269508,0.09703680934456076,0.09330931421783428,0.022964712006800666,0.1404080633955328,0.12319189475464339,0.12912460435442497,0.03157549614693655,0.03737447382194406,0.021527467005206555,0.0699128580206811,0.055615668272831646,0.12558596605576303,0.03193248632198632,0.04349725231215473,0.09543761332904574,0.16172161237277496,0.06262632535208257,0.1276348184276337,0.0554855060325719,0.04440583666255198,0.1323334003157555,0.037320078735145645,0.05354673072017464,0.1562688333715234,0.03489913479097014,0.03550697569405258,0.21463072383043022,0.16678773669465566,0.01678977509604229,0.05940037972146779,0.03489886399072764,0.03113679629243459,0.04213882884517572,0.04795333646108831,0.08018129967829611,0.08263987967781321,0.09017447478088754,0.2333867513310674,0.039716931145939396,0.17638672838815636,0.026824400993290573,0.06303752745103712,0.02957582199534259,0.03319941164403907,0.16689987759202496,0.05513978848235159,0.015469941711065378,0.05360222657306117,0.06584732067285312,0.21215248245116475,0.057346481122152716,0.02733218066286086,0.05552993223624501,0.024124754485251945,0.0955187759967584,0.10565873408288223,0.06515893991520305,0.06203184337028378,0.048619139107471364,0.09593659412577094,0.14687038373156372,0.0415504732210638,0.0052680624270637945,0.017998176002266903,0.02243896273490084,0.1037583457617435,0.04585573014994079,0.09073026914828385,0.1357760968140226,0.05578830709588376,0.13072710424841222,0.010394252366224313,0.06316832941713058,0.06264437487725902,0.03794816822754598,0.020529509358829346,0.01046299191267717,0.04768002594368225,0.0793443096543359,0.01839084429740458,0.03839846356265713,0.03924490953398031,0.02613129831130594,0.11174286545708143,0.20736683539202264,0.07593919617160745,0.3469715121223475,0.0270145524300177,0.11179989357123193,0.18619259208399594,0.05957042965684036,0.10114236738919029,0.08840250238522263,0.22290272665912386,0.018784945065822876,0.12450729421284275,0.11362113880128479,0.019332043777203257,0.12248603223318161,0.062888714605575,0.012126675197217269,0.13949900142465416,0.022573770900477633,0.025100142065157392,0.03530730558576696,0.11954656336370266,0.016063735838563173,0.11338932753021252,0.14371991382089253,0.10006566146445842,0.11740460218514133,0.25668347936274627,0.16646448339576006,0.0735112610680996,0.031740260267190276,0.0904686580562412,0.01666493942349854,0.02012066757282389,0.03217564722898496,0.07805267957088467,0.039876557026929625,0.3556424361647484,0.07400884668123524,0.062888714605575,0.01530033495826165,0.11926490911450775,0.033301821495489534,0.033555591874811025,0.1295841708513099
rowId99,0.07734764030560726,0.072099642549982,0.28973263368498414,0.049097617730240746,0.0270145524300177,0.07593919617160745,0.11575658288256026,0.16677513400863042,0.03871069082009698,0.23158276126519725,0.034746682318480944,0.14896969453060246,0.2223604653132783,0.06420564322210497,0.0394077465670282,0.03489913479097014,0.23725070138533247,0.12865367008844464,0.018979402176076767,0.009681513657680633,0.02580952453634657,0.054763426404342466,0.032359818370631226,0.23303426545035244,0.0069603434554135245,0.03961435402692669,0.08472293367978442,0.06675030899708037,0.040486436781981466,0.10138195455992095,0.04816170391689469,0.021328364187053844,0.18173888180230333,0.057693300840760825,0.11365898223390919,0.0554855060325719,0.09500916353817297,0.10186479796660679,0.06306523644878903,0.028067500025218257,0.21475093122862896,0.07426990010622855,0.2507306932863154,0.020991286417138856,0.018275824150812713,0.1086200947835858,0.16340254510766541,0.05735554479919937,0.03705585238141802,0.04176343650280099,0.07241697745172099,0.273296513704592,0.06515893991520305,0.36062337047888127,0.03815638308977166,0.10060492240923555,0.1873828912940007,0.10603764313892584,0.21215248245116475,0.45549265311912734,0.04440583666255198,0.2159207442663503,0.0196556399038762,0.057693300840760825,0.049097617730240746,0.2776265708225612,0.013570794622076622,0.11630662596262815,0.05735692628781611,0.05330037918976837,0.04727763522576811,0.0265530593515837,0.055256227649755706,0.30435797541633286,0.15664252575486765,0.16172161237277496,0.057214840644141694,0.032359818370631226,0.07554793194649385,0.05061685740582469,0.03854625184302271,0.04187852298493348,0.20874618180906124,0.023969313841829896,0.025014108046232233,0.04465075375308366,0.011239942713006513,0.15627345005088242,0.023550772814327676,0.21640617987221014,0.029352972462383407,0.026276556651016393,0.03733659973021283,0.07020954388857871,0.013409590494440833,0.013845486774718425,0.04107797825956584,0.01660390198358485,0.02049398507016983,0.034370664243488024,0.02555328322910774,0.08914338531565498,0.023702634221545157,0.04636684804944004,0.011239942713006513,0.016973271370151134,0.04806025016521924,0.041846755170547624,0.02481288025966938,0.03868360349542509,0.07926505648786575,0.029488681130087475,0.05090188545054481,0.014257324378410534,0.048464710066720464,0.054280931684650695,0.017072460048859595,0.01348667430785373,0.026585059228289947,0.02239055797752867,0.08000910597483264,0.041712302511136355,0.0401083087727199,0.009873194535136116,0.06035921583087826,0.052956487694236526,0.0555072862063709,0.013570794622076622,0.016063735838563173,0.009256460734643968,0.03005283459482651,0.023908994145860896,0.053990798115460266,0.013725977296703391,0.018700198478567746,0.04102533692048867,0.06952257454552643,0.02691960586289213,0.05486872498828684,0.023849798036602254,0.019092016924790765,0.056891079170697266,0.016040533338174266,0.05916657597753136,0.03999860299970289,0.1792834397466763,0.0779192497212779,0.07114096024572565,0.04636684804944004,0.1283805700797791,0.2159207442663503,0.03205144736031224,0.06867273616548764,0.0461850859364933,0.0208339993927098,0.06207113531016131,0.019048800579276583,0.03305393741437245,0.13949900142465416,0.06134163395735278,0.08654471896219404,0.022573770900477633,0.03501514193951451,0.5193187597312484,0.12411607552736283,0.11523398534945531,0.123826265711517,0.10138195455992095,0.03915384690431336,0.022386710360606483,0.1788227873389219,0.05130884486760263,0.0421658790621041,0.015352563380492361,0.12972031364053122,0.037378649224921054,0.1441239985181465,0.019496038612461016,0.14454419744297103,0.16842985562662227,0.09772256989304996,0.048619139107471364,0.1042569366773471,0.013409590494440833,0.025327660444154753,0.11325291449263311,0.020621798518323027,0.08964431767445613,0.14003920305160011,0.14971586933495437,0.14668917981254953,0.027694535126016932,0.05180395422007624,0.2386319475261509,0.07329327435539988,0.019892428173312823,0.00469153133525907,0.05669748161081187,0.03501514193951451,0.015664244459787043,0.07228921937305575,0.05390023838106589,0.03409757716207294,0.09811087086971863,0.10334672978344611,0.10565873408288223,0.09835796675412416,0.03121060153353462,0.06035921583087826,0.21640617987221014,0.02765053618110973,0.19629602978222907,0.10426384688641321,0.06810160351913451,0.09094831663440615,0.029446283759633547,0.027407112804122807,0.012018084666396207,0.22961718615419324,0.028358287807441887,0.12248603223318161,0.1380096912362205,0.0270145524300177,0.07856483488912339,0.179143948589297,0.039097178403433,0.07451204275514442,0.08154620190035185,0.1441239985181465,0.1612891967285631,0.12347727137335505,0.07755929807815137,0.019092016924790765,0.05952281701584533,0.13357245140683496,0.12252495912844875,0.1968180510868663,0.054280931684650695,0.06130051184028606,0.017072460048859595,0.17158028346212587,0.10729126503837018,0.15967368453543784,0.1611631355227145,0.05735692628781611,0.19822721863685178,0.01895455216864403,0.15868440580585322,0.04892163518420947,0.10060492240923555
rowId100,0.2776265708225612,0.051824934045968406,0.01973453494446283,0.13310438824799042,0.02281560115399537,0.11288499704623164,0.3027496569786528,0.07730301579951251,0.059236462286335244,0.053126077928174774,0.18057994137607258,0.0313772043267731,0.10786140375021272,0.0576500574178649,0.08010368087486869,0.17956653351301535,0.1265934144919582,0.1696726005404289,0.07922861220116825,0.03788775710543377,0.13914740977622023,0.04615049880844655,0.30435797541633286,0.10485570365903252,0.12526723464431033,0.11684276578331389,0.06677823908643249,0.1295841708513099,0.06115579624633521,0.051770520819839676,0.05305495148621203,0.26307161862603196,0.2553151597134402,0.03216971260422346,0.0628343017848615,0.11583779486055595,0.08837334186260187,0.030396685805813638,0.03127487733751449,0.0541445986603901,0.12131608126838168,0.01669423581904388,0.10125690672229279,0.11052145071876468,0.09244417169740099,0.21384661491077844,0.23543932595827535,0.023702634221545157,0.018639036263385752,0.025392678101793305,0.31529600635664984,0.11362113880128479,0.07058851242365444,0.18003070762950393,0.05390023838106589,0.047113868993233096,0.13829512470271474,0.03216971260422346,0.5193187597312484,0.01238592740711079,0.16256286021822472,0.021423618077814347,0.005588867695018397,0.05578830709588376,0.09760076578435951,0.04595539194754334,0.1868962350416429,0.11926490911450775,0.2364121131322201,0.0190519723518334,0.04280986253284726,0.08555483590857797,0.060266059686105294,0.1860946727606127,0.07114096024572565,0.17638672838815636,0.19690434088246628,0.028854506441448317,0.031876346560642095,0.022201433566264018,0.45549265311912734,0.02760353810210546,0.1490411053187102,0.015960476247937345,0.03544353092451041,0.08445385072126431,0.15664252575486765,0.03726148697091725,0.03905296466375901,0.010399175499135192,0.02056781267910599,0.10038473659025345,0.062303464678621655,0.1500421363925138,0.08135120198795744,0.11218261353333293,0.09304335223163059,0.03839846356265713,0.03425876494478175,0.06319030421927102,0.09854469621923163,0.06874798169201987,0.17172641547838768,0.06796177011202863,0.052153667803229845,0.01277488990260344,0.3545963317289478,0.05081679252632302,0.0399806288070988,0.0699128580206811,0.18611516817269508,0.027606168990960488,0.12807209650745013,0.037558283967565914,0.062888714605575,0.01612460411241117,0.09304335223163059,0.04608240081918501,0.3428503142213519,0.09684750332021232,0.1029843243690421,0.020529509358829346,0.13289247623394812,0.03056710604675929,0.06787691772128103,0.052384989966095176,0.2223604653132783,0.11118440660788745,0.1843844272071021,0.16256286021822472,0.18758162931895178,0.11061162161675382,0.17966692845076357,0.0643135158345426,0.057350477925272175,0.09045302062979264,0.07785515459993708,0.4140068328953792,0.014470794131012073,0.03387497164470329,0.09051342413235951,0.02953407343919929,0.058789740339478584,0.0749770436991232,0.06070335427422454,0.03808331619262089,0.04178727469312611,0.03350840518769029,0.16870580819916503,0.031559092364981736,0.28973263368498414,0.021328364187053844,0.3468516279701624,0.08545342411244973,0.20397206245230323,0.031193985106960725,0.027910207489554757,0.07152735509648726,0.15227726780942955,0.1354156656773594,0.099652762165392,0.09244417169740099,0.23095548830597412,0.029237766048682105,0.03004152838787338,0.05957042965684036,0.09893626269075131,0.05088840639974515,0.24009752942176518,0.10190263505242705,0.045376733613794906,0.010467376051495317,0.07853026456257887,0.06839934237827247,0.03727036506772215,0.029291059936358436,0.03357781202869811,0.001160583601150869,0.43869097846121036,0.13106381999870861,0.15962122246056037,0.3469715121223475,0.16061958142217606,0.05623017099871448,0.16364977061611355,0.09074726331961366,0.07079673407993524,0.22929229968146284,0.08963884549822916,0.05783041423428113,0.11752161948341273,0.06860051948882322,0.009681513657680633,0.1356380804867504,0.11072836442583536,0.1276348184276337,0.020991286417138856,0.04768002594368225,0.0019743672866612385,0.193635599882764,0.08577860073031916,0.11593151931672963,0.06159513328574669,0.14481002004165813,0.05991102424496552,0.06140680518445316,0.22105905987919588,0.1580817611002511,0.03005283459482651,0.108774467065854,0.10402096773709571,0.16689987759202496,0.03727036506772215,0.10970978460661515,0.08425381116818527,0.08445385072126431,0.06584863655866877,0.007194636632862728,0.02760353810210546,0.05291159731953287,0.019916581577746697,0.14764441014550456,0.07710103079442301,0.06455453056223481,0.06757375974048797,0.08569440272150812,0.02447860325380291,0.13315991708683086,0.19690434088246628,0.11529490747573133,0.03167120150154307,0.26279658803543204,0.01612460411241117,0.0014734937643591185,0.0628343017848615,0.04952331415873677,0.03887950188492328,0.054822115843996516,0.35546825740553917,0.18057994137607258,0.05436874168032864,0.035898107525405044,0.02054140468873364,0.007194636632862728,0.17419125449951103,0.03588597300280466,0.009873194535136116,0.04791447870766466,0.024618591499328494,0.07209222732767491
rowId101,0.20540485068688014,0.056891079170697266,0.038176370151236406,0.18611516817269508,0.012961469731987266,0.10534266627030402,0.11338932753021252,0.015701948111027837,0.0905182719978466,0.0823375638533397,0.12319189475464339,0.025333958859089768,0.07228921937305575,0.16172161237277496,0.07882916111607614,0.09611385024571852,0.1563213946479865,0.21825403355153195,0.07381480878488941,0.023992342584586136,0.34468304846797815,0.06819333741960472,0.033506658653691006,0.049097617730240746,0.08600653786498069,0.10849236044690688,0.0879574190924659,0.055422642859247175,0.11445004906312639,0.10038473659025345,0.34567410193402004,0.09330931421783428,0.10056264620920957,0.0030499094301360435,0.08010368087486869,0.1563213946479865,0.07373625391171952,0.19223830649177262,0.11614626967264054,0.07856483488912339,0.03045556880439479,0.33734359445085255,0.10922571722489388,0.2091523714731809,0.024124754485251945,0.17172641547838768,0.004799042885886919,0.22290272665912386,0.08840250238522263,0.27554240885943343,0.072099642549982,0.1596607802709601,0.014956096707606049,0.14365904546732117,0.08938470287517632,0.2121707794512331,0.15669038074703903,0.0606517689478234,0.1518192802005353,0.15968786781821426,0.04465075375308366,0.023330181294667924,0.1412294811690744,0.017766762353292203,0.2394309350208083,0.01869525894530098,0.11174286545708143,0.06250205948427942,0.16677513400863042,0.09074726331961366,0.03160906145105333,0.04608240081918501,0.08230037117986294,0.03299054287185349,0.1166785550069508,0.033358740680036456,0.13468626386236254,0.22840368924551568,0.2548275354194706,0.005588867695018397,0.20939838941095246,0.11954656336370266,0.019092016924790765,0.062430280141366375,0.029105527801113307,0.0584438991170054,0.028348923763038197,0.16678773669465566,0.05696271235707727,0.040202306975338144,0.1357760968140226,0.02857897095131983,0.03766539871962317,0.005005215016144767,0.11426457805788533,0.03736430133007787,0.06069020644170173,0.025333958859089768,0.02351227273072225,0.0838457233068345,0.17492427915422573,0.06053130067514153,0.027531620896947936,0.059194134118890046,0.03319675917204851,0.031740260267190276,0.11118440660788745,0.3334925090390668,0.09272063992965827,0.013081264351617305,0.06345286629684944,0.056891079170697266,0.20649467464612828,0.15784646325867696,0.07506896499436568,0.16592845940929335,0.36062337047888127,0.1380096912362205,0.06071106900104466,0.05379965376413866,0.04346231377022084,0.04631310994474407,0.01927693647622441,0.04463134321514318,0.15627345005088242,0.12972031364053122,0.1625737309454052,0.10241594063559417,0.10491625862270752,0.04727763522576811,0.05058439109993849,0.0722395239920576,0.04676237280688779,0.02814962589004989,0.08964431767445613,0.07209222732767491,0.06838469631026628,0.03848544513246123,0.3027496569786528,0.08257032572084051,0.05686893322128239,0.17158028346212587,0.1860946727606127,0.04346462473617179,0.10603764313892584,0.03167120150154307,0.3391137012024435,0.02635623173074948,0.03216971260422346,0.17419125449951103,0.04962240834602832,0.2507306932863154,0.042797119164057644,0.036601858906629224,0.03366647778344107,0.0722395239920576,0.08712547088757225,0.05740994371397918,0.3037920355828678,0.025897385529207652,0.123826265711517,0.013081264351617305,0.11583779486055595,0.03766539871962317,0.05212729291658361,0.025720319365882233,0.06115579624633521,0.3093554490731001,0.2644690882345289,0.04647464526117058,0.12321405941938406,0.3229171991097377,0.017430691886933358,0.10738461346976483,0.05095963412617053,0.031876346560642095,0.013003491916629327,0.0314607697635493,0.07922861220116825,0.020807297962228015,0.03137587953540144,0.1166785550069508,0.05623017099871448,0.2632336066482097,0.05436874168032864,0.045319880274969276,0.19054168358611942,0.02710899991417163,0.08079510604588554,0.14112762206315058,0.10007624563057085,0.06679846799465182,0.20649467464612828,0.27554240885943343,0.038971085005950805,0.02733218066286086,0.04589467591825148,0.07309631450339381,0.10006566146445842,0.03961435402692669,0.023303430075389122,0.030086858276874,0.08545342411244973,0.034210362222606545,0.030693479075619284,0.10402096773709571,0.19194275096689792,0.015664244459787043,0.11103531492787581,0.0467562821725928,0.084028416742319,0.016040533338174266,0.1295841708513099,0.2506406475823802,0.07993950078430732,0.12987758190099027,0.03548375469695007,0.028174092892130336,0.019457210346014938,0.08425381116818527,0.04998130919555556,0.04809396790315217,0.06262632535208257,0.0395962715405713,0.07194821538076857,0.03349720982818285,0.08600508125519364,0.18545904204552274,0.25668347936274627,0.09379182321443247,0.0968109961971932,0.05061685740582469,0.20579014505034474,0.03520400737034127,0.05609276012837682,0.015960476247937345,0.15326340587523377,0.14147342497775015,0.023550772814327676,0.04774617208099574,0.14988539535299075,0.07329327435539988,0.1445201601817003,0.09045302062979264,0.099652762165392,0.03927340148775338,0.11625767060285853,0.1550911996168274,0.0330249773605309,0.06420564322210497
rowId102,0.05037667855411855,0.0905182719978466,0.04509791694775669,0.07074922075822708,0.13066122595384033,0.05533035481700348,0.05472964640721986,0.09899324295735384,0.1178912662492186,0.08654471896219404,0.34468304846797815,0.1003528810059929,0.05088840639974515,0.025392678101793305,0.09074726331961366,0.2200078992959789,0.013145015428794026,0.16638812160611435,0.13289247623394812,0.023686072056975687,0.002121882473025589,0.05130884486760263,0.2333867513310674,0.15795199457320505,0.05095963412617053,0.025327660444154753,0.02347907098441795,0.04608240081918501,0.08079535123336722,0.13106381999870861,0.07922861220116825,0.140959726596463,0.04126416055933206,0.05735692628781611,0.022901222912728655,0.03520400737034127,0.015352563380492361,0.06308101847755063,0.13074656879043367,0.05995406151271267,0.0208339993927098,0.06377588926060201,0.05399159008563422,0.10360607847073296,0.0793443096543359,0.09622246946358516,0.06796177011202863,0.03121060153353462,0.18894688715902186,0.06750234075417384,0.18283726985167884,0.07220956990215752,0.03160906145105333,0.03814931609514115,0.027363439804964036,0.028358287807441887,0.03994451649516368,0.07506896499436568,0.023303430075389122,0.025327660444154753,0.27298330321199804,0.1550911996168274,0.0979135366345343,0.11529490747573133,0.027492306065426773,0.06297106234016792,0.04816170391689469,0.10737095420916197,0.013409590494440833,0.03681279137599688,0.11882319584165722,0.032952065867482595,0.035363195774129205,0.0904686580562412,0.20857655664498323,0.07438060590537096,0.026861697918467726,0.04070700659105985,0.18283152742229947,0.23928241693201163,0.11575658288256026,0.045376733613794906,0.04375041821232045,0.05081679252632302,0.031559092364981736,0.04610325480715077,0.09500916353817297,0.05453101905055259,0.03319675917204851,0.10970978460661515,0.05170643345835024,0.028854506441448317,0.0337456475259338,0.0540927417505276,0.10409300769221103,0.10316854057431916,0.023550772814327676,0.06092904102196162,0.060795326079078026,0.07074577782997114,0.0704920209854422,0.060636570386870495,0.022198968675706938,0.14668917981254953,0.027739673843593833,0.3028211805111555,0.10421310024034515,0.16689987759202496,0.045616126317840226,0.034000464186655505,0.10164575434174027,0.039876557026929625,0.0968109961971932,0.060446261739116706,0.021922161283611755,0.020386609431187586,0.03514465642276618,0.05271634220676527,0.03395120652051321,0.033301821495489534,0.1295082634805193,0.08553715656480743,0.0181559662694938,0.03905296466375901,0.19690434088246628,0.13990357565144373,0.018432099923438347,0.0507553338290804,0.028943925314967582,0.12865367008844464,0.01915352288157754,0.16903165089690644,0.09340039086107733,0.018374990323745136,0.008149511298223012,0.0330249773605309,0.06035921583087826,0.0505517010170282,0.08434440432053056,0.19261294250040287,0.17419125449951103,0.11909544926042755,0.13079995882111786,0.008660115293498229,0.03735984974308029,0.14335025920532107,0.016973271370151134,0.07044365083545326,0.0348058819147593,0.33918533192477185,0.024098780808221292,0.11625513295709856,0.036405905071761224,0.05365236410491182,0.14718307939982944,0.1283805700797791,0.05095963412617053,0.04424430627846097,0.00723332362833648,0.057363782537312245,0.11626584452197324,0.03563154151704626,0.034509813976437216,0.005617077720564275,0.15544147439358993,0.06039117806019295,0.011030822511195562,0.017273800303183713,0.11963798953386495,0.10294895835231888,0.10820335962123553,0.1037583457617435,0.11242857206816594,0.10565873408288223,0.16102481895057755,0.02452123900545794,0.008136093675204323,0.029237766048682105,0.0265530593515837,0.04583884293867521,0.055615668272831646,0.16190114586296384,0.022197490518024013,0.02081028375652667,0.06750234075417384,0.06097390686036244,0.1078497759557763,0.01513130881026172,0.1381458096349222,0.12441356900095034,0.03253960227038006,0.2078788065117053,0.08600508125519364,0.11362113880128479,0.11907757489265196,0.04346462473617179,0.3093554490731001,0.2999375541180197,0.07785515459993708,0.0955187759967584,0.18426750232774555,0.012558098626810878,0.03052038560590705,0.014951362342960125,0.03315502653878524,0.24009752942176518,0.02352782975286913,0.2223604653132783,0.034867962672411844,0.017264477451250176,0.11445004906312639,0.06791251188713673,0.20872635028747744,0.05694070031043384,0.0772783426344131,0.08698319649927172,0.06926103601658354,0.08545342411244973,0.07185214553071906,0.078934870899722,0.14371991382089253,0.07279057382105315,0.014019535842511229,0.10355086589252654,0.14958268588671825,0.23861576314397512,0.0270145524300177,0.08414673120938626,0.12860464508678013,0.1779344105324831,0.03523405384106503,0.08257032572084051,0.0899400568571098,0.0441892550832111,0.142594228576919,0.012023196246579756,0.03215927506634591,0.05180395422007624,0.011447945396967713,0.1263156157929624,0.04917032852208639,0.09280744993744025,0.0017571564343280834,0.17419125449951103,0.08553715656480743,0.04251837313333597,0.013563499102358852,0.03493008876530704,0.017672990361177764,0.11027956864797933
rowId103,0.13478958388347761,0.18593018660940214,0.1518192802005353,0.08044347490146428,0.06421392437529953,0.01970153680309463,0.2548275354194706,0.11926490911450775,0.04541251652372214,0.10112773277521184,0.045360789929056525,0.0527981832657547,0.09555741616989258,0.08004269499961067,0.09888230924825035,0.038669056209247425,0.18173888180230333,0.03409757716207294,0.10394473113420492,0.18779475819152228,0.061013159375091844,0.05090188545054481,0.21415924083222407,0.06620182671010647,0.1364655702278823,0.021595790954911927,0.08586955293230615,0.07637491113170373,0.01387351467132388,0.04491749837502824,0.10565873408288223,0.12705315503216075,0.014635708471241923,0.3334925090390668,0.172012297833012,0.082456895347769,0.2038753946093372,0.013409590494440833,0.12251165950289139,0.019496038612461016,0.03727036506772215,0.07734764030560726,0.05772318999452151,0.05058439109993849,0.047691580699675384,0.03084410864312551,0.08566758211999098,0.043406679589960986,0.03726148697091725,0.11138415490383903,0.14129435327272127,0.011447945396967713,0.027504269865620715,0.26279658803543204,0.025029094172608478,0.019457210346014938,0.05061685740582469,0.3070058519568064,0.07262101302967139,0.1090167930446169,0.08855830640387612,0.06715841591553207,0.11740460218514133,0.06952257454552643,0.09812427323413456,0.051824934045968406,0.04204329395914663,0.09409381491828588,0.023702634221545157,0.020991286417138856,0.1615715416251067,0.11362113880128479,0.05339413863343843,0.03530730558576696,0.005617077720564275,0.055938634554263025,0.26913692879840234,0.45549265311912734,0.08555483590857797,0.016588984493490472,0.06203184337028378,0.049097617730240746,0.025100142065157392,0.04809396790315217,0.010874952074147064,0.048884152836856834,0.08263987967781321,0.15607134131012784,0.04213882884517572,0.05034077198458959,0.06168603994923707,0.045791771541429424,0.021157916276166023,0.18666027209475722,0.015165196934626564,0.0984254873172523,0.07006921752847214,0.03924510396556578,0.07364483211004082,0.025174039322353518,0.1086200947835858,0.07929654641953629,0.0541445986603901,0.13554704684960045,0.18449154832084794,0.06620182671010647,0.10897046204943009,0.10402096773709571,0.15795199457320505,0.28033217266827043,0.09222861443600389,0.04541251652372214,0.01817424356802463,0.13079995882111786,0.007194636632862728,0.3771672212472896,0.06744074606654175,0.03418168625114799,0.065728013099982,0.09462622765743829,0.12252495912844875,0.014399625229580902,0.10164575434174027,0.028174092892130336,0.03875353309490299,0.027363439804964036,0.1369968788708034,0.06435750665381641,0.02957582199534259,0.062303464678621655,0.020991286417138856,0.04463339559281491,0.07627885643610594,0.05460540520056117,0.05334765586927046,0.3771672212472896,0.08010368087486869,0.14129435327272127,0.01839084429740458,0.07856483488912339,0.15919559162073024,0.13881479140370268,0.04837986921081425,0.0025689959322691643,0.03839846356265713,0.193635599882764,0.027768061154365427,0.009873194535136116,0.07170174788096212,0.24358307554122477,0.017800098837098807,0.03240034146396136,0.059004586079247745,0.05330037918976837,0.09599121761833428,0.06264437487725902,0.08507553736647443,0.20247490841399748,0.08034193349068149,0.06308101847755063,0.01647513823739269,0.03514465642276618,0.05609276012837682,0.08230037117986294,0.061302009339381985,0.002786736453702084,0.08840250238522263,0.021151515504727717,0.06115579624633521,0.06451092060994358,0.09280744993744025,0.16842985562662227,0.03871069082009698,0.03160906145105333,0.3468516279701624,0.039463191802789024,0.03845064532152613,0.0540927417505276,0.046747789712766004,0.17638672838815636,0.04727763522576811,0.06082818198831625,0.007194636632862728,0.0069603434554135245,0.30318879799301185,0.20152512057686184,0.06825487503589651,0.01987491124064308,0.18583451268168535,0.06201881903401059,0.036230841073632856,0.07228921937305575,0.023686072056975687,0.041712302511136355,0.014019535842511229,0.1263156157929624,0.031876346560642095,0.06123350526234784,0.007194636632862728,0.07865097944924848,0.028067500025218257,0.5241880850131344,0.010394252366224313,0.026274800215107787,0.036763862238349515,0.062045093156662276,0.1228991753105598,0.07206168782554961,0.18870426167675433,0.15530946107413995,0.03240034146396136,0.047856065533528384,0.07400884668123524,0.04253325415890776,0.2251822106904705,0.12700540400463725,0.2578014176647156,0.06129987982429951,0.1178912662492186,0.4140068328953792,0.10325348019017183,0.1215872123146998,0.22840368924551568,0.025029094172608478,0.0657465267103825,0.06262632535208257,0.03387497164470329,0.00193613108216705,0.01512409783235807,0.04541251652372214,0.016358000002096352,0.20989097606091836,0.07397354572993337,0.02137279835562717,0.14764441014550456,0.10076413849603529,0.059194134118890046,0.020064425577496253,0.02650003550771703,0.1789225102535176,0.0656152538296495,0.03248835396083318,0.1580817611002511,0.06485024265722507,0.08148668066719446,0.05248745394216506,0.03123999571671486,0.15968786781821426,0.034865189638133724,0.09074726331961366
rowId104,0.05104574543442532,0.05422935740651338,0.02815537823506851,0.0025689959322691643,0.025897385529207652,0.03319675917204851,0.0954788470012861,0.07580490169761156,0.03908833083751431,0.1711454650785608,0.07767748564375446,0.1563681993870599,0.12807209650745013,0.07580490169761156,0.13074656879043367,0.14718307939982944,0.037452485883362904,0.048297437251682875,0.03004152838787338,0.025014108046232233,0.06114028361909431,0.018955262996848417,0.21215248245116475,0.007194636632862728,0.0485374725560171,0.1283805700797791,0.0277221587397961,0.12319189475464339,0.15627345005088242,0.12526723464431033,0.1631943737956888,0.04541251652372214,0.17849674179298197,0.08445385072126431,0.06707224149513806,0.03514363435872044,0.04595539194754334,0.062045093156662276,0.19822721863685178,0.15968786781821426,0.0419386775708471,0.017128430737049664,0.1042569366773471,0.07929262048894575,0.0527981832657547,0.040845637903666084,0.036763862238349515,0.022386710360606483,0.027504269865620715,0.0402292473641634,0.10056264620920957,0.1911796698425654,0.1090167930446169,0.039463191802789024,0.11598418326398066,0.025333958859089768,0.062303464678621655,0.023844478287064486,0.04676237280688779,0.05291159731953287,0.03798354132414837,0.053126077928174774,0.051633899716894936,0.045360789929056525,0.33091766808774714,0.10904500645234083,0.021157916276166023,0.18628808680826586,0.10203295344644954,0.06753860586174079,0.06828300839267314,0.0754669708164873,0.03167120150154307,0.04370905553095802,0.04364627000013338,0.06922884638999138,0.013145015428794026,0.140959726596463,0.022901702888118634,0.14365904546732117,0.05453101905055259,0.14958268588671825,0.195916188529966,0.08964431767445613,0.12972031364053122,0.24967309262222043,0.14971586933495437,0.05101712555052155,0.24094477657595723,0.07381480878488941,0.0673440682358704,0.18449154832084794,0.22840368924551568,0.11710710220545238,0.025160760491888617,0.0571866857956583,0.09045302062979264,0.01986848339245085,0.13421121227743957,0.08614679481226657,0.06053595980176759,0.03467003182642679,0.11061162161675382,0.028912686395979416,0.0467562821725928,0.03727036506772215,0.03674381607780177,0.03240034146396136,0.0772783426344131,0.010987912659858455,0.08657086839348747,0.04095910770721359,0.06069020644170173,0.01530033495826165,0.0014195172520296124,0.14040186023070478,0.02012066757282389,0.19248095965164957,0.08244247697781007,0.19248095965164957,0.3715749938643185,0.039716931145939396,0.1042569366773471,0.002121882473025589,0.04346231377022084,0.14958268588671825,0.03235926346470298,0.03727036506772215,0.10618502505903259,0.045581527511999786,0.11337772438500815,0.07554793194649385,0.028348923763038197,0.0667889379457594,0.05511425938721453,0.09855186215742719,0.02794422929916819,0.3037920355828678,0.06796177011202863,0.14971586933495437,0.027892269653222723,0.026336588642208864,0.03319675917204851,0.021772511529288482,0.04647464526117058,0.11338932753021252,0.021055835138022262,0.03350840518769029,0.02815537823506851,0.06053130067514153,0.06123350526234784,0.007131961602682052,0.061847437905578964,0.06222357521808899,0.3334925090390668,0.09865414033922758,0.06039117806019295,0.08555483590857797,0.09805566740007637,0.27298330321199804,0.05487583547021357,0.06115579624633521,0.061019999055244085,0.052083190847696914,0.07426990010622855,0.08970041153957714,0.04102533692048867,0.13315991708683086,0.03127487733751449,0.11620181949525443,0.17530093677818082,0.2714605466469469,0.21476115788320732,0.09734795100242262,0.022579196739952512,0.13066122595384033,0.09669392721349093,0.022386710360606483,0.2258985049700433,0.06744074606654175,0.031740260267190276,0.08653034708937724,0.049097617730240746,0.045376733613794906,0.16331513308486978,0.054822115843996516,0.11338932753021252,0.07079673407993524,0.09330931421783428,0.028669348790339493,0.08325662503095924,0.06203825029697983,0.021580403233670803,0.032952065867482595,0.06874798169201987,0.049621278745842524,0.1141660897894949,0.022579196739952512,0.04471466947688636,0.08136133338035202,0.046607082917171326,0.02977049159155893,0.08970485982576791,0.108774467065854,0.08136133338035202,0.14146683755353875,0.051824934045968406,0.03736430133007787,0.015701948111027837,0.15243063322524364,0.034192443862057706,0.055251470079924085,0.1116571166056257,0.16364977061611355,0.09510212707801179,0.10426384688641321,0.007131961602682052,0.0241525457096305,0.02966187467733761,0.04481391576928428,0.044521419544169445,0.056891079170697266,0.014470794131012073,0.012216891820285111,0.3197689405850322,0.18870426167675433,0.037452485883362904,0.019287301519781058,0.014019535842511229,0.30318879799301185,0.005617077720564275,0.3037920355828678,0.053552928875930855,0.11337772438500815,0.0019743672866612385,0.060266059686105294,0.16822232470883255,0.10491625862270752,0.06415207462311867,0.03319941164403907,0.11458761931764577,0.057350477925272175,0.022198968675706938,0.14825661287507363,0.0378669845402935,0.11218261353333293,0.063784276915804,0.023099802747534592,0.10444233613991619,0.027531620896947936
rowId105,0.10639914686488107,0.3070058519568064,0.021423618077814347,0.03948408970897994,0.0699667824915573,0.23725070138533247,0.0439131798692914,0.013725977296703391,0.20649467464612828,0.020247981163211536,0.019916581577746697,0.15544147439358993,0.03205144736031224,0.06375824879173388,0.05436874168032864,0.018958315266224966,0.10849236044690688,0.0968109961971932,0.07942359275213501,0.07074577782997114,0.04261959859366956,0.09684750332021232,0.07797456036523379,0.19373147860601644,0.20537268538925627,0.022964712006800666,0.020345966248878473,0.13074656879043367,0.26566501185002683,0.12700540400463725,0.03908833083751431,0.03418168625114799,0.027768061154365427,0.04615049880844655,0.10364937774625661,0.07451204275514442,0.015701948111027837,0.02710899991417163,0.02794422929916819,0.028348923763038197,0.06203184337028378,0.2186621908474496,0.08249538594581472,0.03915384690431336,0.1382327865214983,0.03705585238141802,0.19745924543290813,0.04458682553622899,0.06215243224595004,0.08555483590857797,0.062350729694423915,0.11144192143260966,0.10060492240923555,0.1417595897119603,0.059480149237931254,0.03965121145683844,0.04132392199381643,0.052384989966095176,0.042797119164057644,0.16677513400863042,0.18057994137607258,0.03319675917204851,0.0664158250271298,0.02263917793753184,0.05882174479512728,0.03351405703448733,0.07844066975234061,0.3197689405850322,0.06791251188713673,0.10639914686488107,0.030153517681651424,0.09959952523575737,0.011167719420105799,0.025392678101793305,0.18719690702186523,0.017686954574394967,0.034370664243488024,0.05104160610971572,0.16102481895057755,0.027492306065426773,0.142594228576919,0.02002957821666919,0.03080378095493439,0.01986848339245085,0.09330931421783428,0.07074065692092224,0.032562388630048615,0.08136133338035202,0.10902995955306398,0.11837185643558287,0.06164151164633323,0.019332043777203257,0.055251470079924085,0.013081264351617305,0.09868190931741555,0.09379182321443247,0.04178727469312611,0.02611256720996245,0.24094477657595723,0.23095548830597412,0.012087732820448055,0.03915384690431336,0.06201881903401059,0.13289247623394812,0.05942891483026106,0.06503226309649579,0.08635270049928916,0.02399030813264455,0.09805566740007637,0.12138970524070905,0.04795333646108831,0.04485720077955179,0.13316941358652512,0.020247981163211536,0.024098780808221292,0.10849236044690688,0.04056119255652058,0.24207692773610648,0.022901222912728655,0.2507306932863154,0.04132392199381643,0.13079995882111786,0.36457726444627037,0.10038797037179867,0.09272063992965827,0.06867273616548764,0.14463515329590595,0.013003491916629327,0.1309239724605942,0.18338484295646426,0.06196559736719907,0.19261294250040287,0.060446261739116706,0.014956096707606049,0.2003959170726871,0.22628529374863732,0.00176492202251769,0.017106025771398956,0.0890191691639798,0.0955187759967584,0.026980568448242415,0.10197873909666125,0.026980568448242415,0.11523398534945531,0.0754669708164873,0.03280757013644673,0.00424493197697294,0.13357245140683496,0.045795797598099486,0.05834458195742017,0.08326537255041222,0.12626963953472042,0.2111621141291003,0.1427773981478607,0.11245629191416737,0.07023972692722037,0.08048125822188523,0.08970485982576791,0.03467003182642679,0.3715749938643185,0.09429267373051416,0.05291159731953287,0.03705585238141802,0.019892428173312823,0.04176343650280099,0.02056781267910599,0.051075750530004446,0.07031572056692838,0.021226796448345624,0.14573659520976878,0.034865189638133724,0.1228991753105598,0.04982025888411105,0.04372229617401926,0.06031646013147246,0.045791771541429424,0.10307852310271426,0.07942359275213501,0.05618891157550481,0.006885013636356038,0.07856483488912339,0.008293484545749671,0.034000464186655505,0.18870426167675433,0.1215872123146998,0.03217564722898496,0.06250849925275137,0.12607267965372257,0.04589955972427422,0.1932187420887361,0.06319030421927102,0.02225068215494732,0.02562141734791899,0.04909027753160908,0.06457918226837461,0.09593659412577094,0.051075750530004446,0.08164072362909384,0.02361421532171209,0.010673337756590316,0.028799829447790155,0.0823375638533397,0.034958360764687876,0.12252495912844875,0.11726927412993757,0.04292360038385886,0.13091803247248263,0.06810160351913451,0.0673440682358704,0.02381888579015437,0.0899400568571098,0.05095963412617053,0.023054019550028122,0.034370664243488024,0.13289247623394812,0.10203295344644954,0.0838457233068345,0.07805267957088467,0.10477976030004915,0.03994451649516368,0.12507654866951376,0.03280757013644673,0.07114096024572565,0.05365236410491182,0.0270145524300177,0.014470794131012073,0.084028416742319,0.03425876494478175,0.060795326079078026,0.0890191691639798,0.027980646120439018,0.010399175499135192,0.08135120198795744,0.051366119186550645,0.0439131798692914,0.10038797037179867,0.10738461346976483,0.018784945065822876,0.033106713589935485,0.1414196764074397,0.060636570386870495,0.06750234075417384,0.014981903813317581,0.04506801982299781,0.10294895835231888,0.021226796448345624,0.08434440432053056,0.07865097944924848,0.028348923763038197,0.45997384824528237
rowId106,0.015469941711065378,0.03727036506772215,0.001160583601150869,0.0874074118222219,0.07451204275514442,0.051366119186550645,0.08429347150409369,0.023806578256957357,0.036187468336751134,0.00569868141837213,0.062430280141366375,0.05339413863343843,0.1834345178956457,0.03578457377357328,0.040845637903666084,0.09226955809382711,0.017072460048859595,0.09025769470979908,0.02284163337380396,0.06844674841574178,0.08600653786498069,0.08569440272150812,0.3229171991097377,0.16638812160611435,0.09017447478088754,0.0069603434554135245,0.020122083008015757,0.11325291449263311,0.020598295357288864,0.14113352939866172,0.099652762165392,0.06222357521808899,0.09300221264141717,0.044049624822995334,0.1323334003157555,0.18545904204552274,0.19562540965975656,0.02733218066286086,0.03610503296908216,0.028669348790339493,0.08079535123336722,0.02351782199413517,0.045616126317840226,0.09893626269075131,0.11618044237816691,0.14858535047801408,0.18353317167795255,0.0421658790621041,0.03542607471918619,0.04727763522576811,0.0394077465670282,0.18003070762950393,0.04300577383145825,0.06468796458830008,0.07079673407993524,0.03775970949684174,0.059194134118890046,0.1500421363925138,0.016040533338174266,0.1500421363925138,0.06316832941713058,0.017998176002266903,0.1957036499749003,0.08195793823383195,0.09593659412577094,0.3727138994028762,0.15863599133732575,0.03887950188492328,0.1042569366773471,0.10534266627030402,0.10751684760680322,0.21134613596198915,0.018700198478567746,0.06503226309649579,0.0618648465896002,0.03815625801769054,0.07364483211004082,0.02481288025966938,0.014661684040514657,0.08079817537731275,0.04864227679937645,0.08949112162957971,0.06316832941713058,0.13323971897869835,0.0536970880051042,0.04465075375308366,0.028351876179501967,0.028799829447790155,0.36062337047888127,0.07886327830220485,0.12807209650745013,0.03848544513246123,0.03563154151704626,0.0490379695395885,0.07020954388857871,0.08078607664578705,0.017264477451250176,0.08060394579563751,0.08226846302831745,0.030396685805813638,0.3545963317289478,0.09487925635320633,0.08136133338035202,0.029985474340503245,0.08000910597483264,0.05772318999452151,0.010343023728082419,0.0361999467180642,0.08738340122130314,0.062285713965148974,0.30318879799301185,0.028154251193438836,0.018291443294187214,0.273296513704592,0.05769832902229535,0.093388886946188,0.06297106234016792,0.019127231002087627,0.10426991559030556,0.008660115293498229,0.09857740111087837,0.030439379557517934,0.33734359445085255,0.004975004103988152,0.03307704851652938,0.013845486774718425,0.02317179731502134,0.3061785138368613,0.18694592172753058,0.03727036506772215,0.06421392437529953,0.09897951380933881,0.04837986921081425,0.04346231377022084,0.14113352939866172,0.0024735841903112434,0.021328364187053844,0.05670052168664793,0.2578014176647156,0.04615051968663605,0.052083190847696914,0.18186820160151645,0.09595609125389327,0.07079673407993524,0.02381888579015437,0.05379965376413866,0.2523686063220783,0.12380179439755364,0.017430691886933358,0.0555072862063709,0.06048729749479088,0.04321949947062577,0.14716545133457043,0.07381480878488941,0.03759004280874613,0.07792447873124378,0.06203184337028378,0.06629030525291289,0.06759523942494555,0.14399552386602338,0.07178921113168528,0.15795199457320505,0.08963884549822916,0.025897385529207652,0.1003528810059929,0.08553715656480743,0.05696271235707727,0.07993950078430732,0.05916657597753136,0.019194145876443882,0.034509813976437216,0.02765053618110973,0.0054814593349430405,0.05354673072017464,0.19277381183983736,0.0401083087727199,0.04095516332527793,0.024871013115369402,0.008606575131975465,0.017430691886933358,0.04917032852208639,0.05034077198458959,0.15868440580585322,0.19039423461709837,0.04130264847584571,0.01387351467132388,0.21134613596198915,0.14858535047801408,0.047635917976653605,0.06825487503589651,0.023828379467334102,0.051366119186550645,0.2364121131322201,0.04444735794264896,0.05834458195742017,0.004975004103988152,0.02347907098441795,0.18057994137607258,0.13886235682904702,0.14529841026851467,0.061302009339381985,0.19186399792315867,0.08653034708937724,0.10575797204979392,0.06601684212396985,0.038669056209247425,0.034746682318480944,0.06164151164633323,0.09772256989304996,0.002316316510001745,0.03808331619262089,0.05339413863343843,0.06819333741960472,0.0014195172520296124,0.09835796675412416,0.06082818198831625,0.04608240081918501,0.1141660897894949,0.026426546782911408,0.02710899991417163,0.1356380804867504,0.12563750103973415,0.07886327830220485,0.15795199457320505,0.06468796458830008,0.06070335427422454,0.049744736908177364,0.06103237777299579,0.30124595258678216,0.03915384690431336,0.002786736453702084,0.034370664243488024,0.026861697918467726,0.11614626967264054,0.11337772438500815,0.09379182321443247,0.014019535842511229,0.017630175192375756,0.13021606959958118,0.028943925314967582,0.02650003550771703,0.08214468497383062,0.033301821495489534,0.33091766808774714,0.09074726331961366,0.04998130919555556,0.16190114586296384,0.13683359295655975,0.024124754485251945,0.03395120652051321
rowId107,0.2670740704633735,0.027910207489554757,0.12096049534283558,0.04298511575898325,0.02012066757282389,0.03334952467146852,0.033555591874811025,0.03589832647286954,0.015801451102450778,0.09959952523575737,0.022573770900477633,0.03514363435872044,0.1479456936785445,0.048297437251682875,0.027146168235100094,0.11288499704623164,0.015801451102450778,0.15258766027551868,0.10667485251271967,0.004317486260476565,0.028715490854207354,0.1445201601817003,0.16870580819916503,0.047921103849625876,0.02733218066286086,0.021241772437108286,0.142594228576919,0.09304335223163059,0.03822996370629155,0.12860464508678013,0.06375824879173388,0.09045302062979264,0.11689600783611202,0.07023972692722037,0.013902640332945745,0.026426546782911408,0.14335025920532107,0.11626584452197324,0.03544353092451041,0.04463134321514318,0.10879308328872195,0.11867710015527264,0.11882071775636806,0.11530079725414541,0.06886356171131285,0.3468516279701624,0.09812427323413456,0.025355727280114457,0.1086200947835858,0.036291896834200026,0.18593018660940214,0.030439379557517934,0.09720702222508476,0.09543251971003722,0.15227726780942955,0.0848548636801642,0.03418168625114799,0.09763967183037908,0.18870426167675433,0.04647464526117058,0.014860908062084252,0.39546404121520046,0.1625737309454052,0.07194821538076857,0.0630038274757027,0.10187193224047701,0.12138970524070905,0.030927021957536882,0.018979402176076767,0.0938511877510938,0.1266858152845967,0.01973453494446283,0.3061785138368613,0.2152643211484814,0.08445385072126431,0.30152961729774447,0.03705585238141802,0.11588311427078586,0.051633899716894936,0.220292524920484,0.1427773981478607,0.04253325415890776,0.15835562061705558,0.10187193224047701,0.1040932907750545,0.006801340860506317,0.06825487503589651,0.1611631355227145,0.023580556072726674,0.13621507646855882,0.043763658440362514,0.07379161689293162,0.03924490953398031,0.06048729749479088,0.1562688333715234,0.19690434088246628,0.012802176579163431,0.012944281733999176,0.07125929557042193,0.09543761332904574,0.021423618077814347,0.03915384690431336,0.06069020644170173,0.1134198647261424,0.02264041966360618,0.1369968788708034,0.0595199526671757,0.03351405703448733,0.07565897206750936,0.18186820160151645,0.16241222083888848,0.0401083087727199,0.07810796492859388,0.020982432959834096,0.09073026914828385,0.02710899991417163,0.16556059057061148,0.04774728846850738,0.13323027286096276,0.3681248789730256,0.03822996370629155,0.040486436781981466,0.1228991753105598,0.04506801982299781,0.07621505512326755,0.11144192143260966,0.1323933915099046,0.12450729421284275,0.0348058819147593,0.0772783426344131,0.24562228218208193,0.19009898732459152,0.11362113880128479,0.25668347936274627,0.021580403233670803,0.028506084278041223,0.2111621141291003,0.07864944924210476,0.05686995490855384,0.07922861220116825,0.19078411262500236,0.11861451035848701,0.11840644712166468,0.05034077198458959,0.05486872498828684,0.008281152186413676,0.05360222657306117,0.093388886946188,0.06297106234016792,0.093388886946188,0.10939680651715215,0.035898107525405044,0.1596607802709601,0.08000910597483264,0.18583451268168535,0.02284163337380396,0.024266183679863794,0.1342836024757118,0.3148892573261145,0.07926505648786575,0.027492306065426773,0.027046187939357282,0.09206805513314008,0.05850393617212031,0.018784945065822876,0.12361762312368559,0.02520256731126624,0.02137279835562717,0.0439131798692914,0.07956170583697932,0.03489886399072764,0.04401643776890336,0.02281560115399537,0.056700360802280095,0.008149511298223012,0.038486313482753644,0.01986848339245085,0.17638607500940456,0.15227726780942955,0.10155999662551508,0.06250849925275137,0.06588276610283748,0.1414196764074397,0.03678678295654137,0.03084410864312551,0.021151515504727717,0.14003920305160011,0.02466226316757737,0.014257324378410534,0.015352563380492361,0.06675030899708037,0.08635270049928916,0.05852680247216348,0.3070058519568064,0.018364172732089117,0.02611256720996245,0.04095516332527793,0.142594228576919,0.39546404121520046,0.03157549614693655,0.12507654866951376,0.11882071775636806,0.05090188545054481,0.06031646013147246,0.057363782537312245,0.10131679962040124,0.13844044529711408,0.25635908080830144,0.09462622765743829,0.02225068215494732,0.03942154954513675,0.00424493197697294,0.04364627000013338,0.082456895347769,0.037320078735145645,0.19014511813092702,0.10316854057431916,0.04982025888411105,0.06791251188713673,0.12411607552736283,0.03706550616195868,0.11147700396371757,0.24009752942176518,0.07708572147077516,0.0507314920588211,0.07762287103978621,0.20146058500594796,0.012302249161072084,0.05986381853936585,0.03942154954513675,0.10203295344644954,0.02953407343919929,0.21415924083222407,0.12205572874413355,0.07792447873124378,0.0014195172520296124,0.10724947234195165,0.030801362127112646,0.02520256731126624,0.027839708058538748,0.0628343017848615,0.0068412080772048455,0.010581444816286216,0.19078411262500236,0.014375380660155637,0.026263694827171676,0.08569440272150812,0.03849441112147166,0.10534266627030402,0.16592845940929335
rowId108,0.05259667703816095,0.17638607500940456,0.028799829447790155,0.051141409945534407,0.043763658440362514,0.1860946727606127,0.0010202824078819834,0.045360789929056525,0.06677823908643249,0.04094085519318643,0.18283152742229947,0.08352530227143147,0.03999860299970289,0.034370664243488024,0.21415924083222407,0.20537268538925627,0.023054019550028122,0.11626584452197324,0.03999860299970289,0.046092288886077,0.09893626269075131,0.06092904102196162,0.34567410193402004,0.3197689405850322,0.07601437163497518,0.04816170391689469,0.13554704684960045,0.17042579593926416,0.26149081198054147,0.031193985106960725,0.030439379557517934,0.23928241693201163,0.008149511298223012,0.06759523942494555,0.02313783907768579,0.022052915920142253,0.07730301579951251,0.14718307939982944,0.04909027753160908,0.03726148697091725,0.07942359275213501,0.03786621570464605,0.029507745076402716,0.03086444059220104,0.07601437163497518,0.13725806414437652,0.20857655664498323,0.0876026134183375,0.014399625229580902,0.3003177616492855,0.015801451102450778,0.08214468497383062,0.025160760491888617,0.06216262999539586,0.1111333338491525,0.11963798953386495,0.04094085519318643,0.1754565304756922,0.13962037808819094,0.009230952109465151,0.015801451102450778,0.03134987981722057,0.12507654866951376,0.26149081198054147,0.024338964763538914,0.07926505648786575,0.13315991708683086,0.18435777333481965,0.17966692845076357,0.09165802437935143,0.02264041966360618,0.1320554396711257,0.08969943217494578,0.025197618312624327,0.10477976030004915,0.18173888180230333,0.04349725231215473,0.220292524920484,0.2765435329574788,0.08712547088757225,0.018364172732089117,0.14638398611707923,0.05291159731953287,0.017264477451250176,0.3594849603243823,0.02081028375652667,0.1309239724605942,0.0629887879839539,0.17530093677818082,0.5193187597312484,0.02381888579015437,0.07400648649450245,0.1404080633955328,0.09487925635320633,0.02263917793753184,0.07113296854299447,0.06291784212017582,0.1414196764074397,0.06113316301368413,0.006246975601047956,0.10996811052562744,0.010581444816286216,0.027046187939357282,0.051366119186550645,0.10337740311861805,0.10203295344644954,0.05081679252632302,0.11273450456651479,0.07810796492859388,0.05354673072017464,0.012587335184230724,0.026274800215107787,0.01817424356802463,0.04506801982299781,0.09899324295735384,0.191928510251779,0.022234943294891715,0.06053595980176759,0.0027510090008349614,0.05370653215934189,0.2364121131322201,0.02012066757282389,0.02743976817762768,0.021922161283611755,0.004152926940190109,0.034911584713727004,0.0035574907143634156,0.10552438389889687,0.03235926346470298,0.07090457711116659,0.019194145876443882,0.17956653351301535,0.3428503142213519,0.17042579593926416,0.13072710424841222,0.15627345005088242,0.029383760512826113,0.06308101847755063,0.05379965376413866,0.007024772460824246,0.11325291449263311,0.05758175040859915,0.14638398611707923,0.020345966248878473,0.0537597443516009,0.18350589336633658,0.04864227679937645,0.031193985106960725,0.03991607894800064,0.06556312471448641,0.03588597300280466,0.023826594959694768,0.053552928875930855,0.03502074766405762,0.022573770900477633,0.12558596605576303,0.04463134321514318,0.12626963953472042,0.03588597300280466,0.1040932907750545,0.049097617730240746,0.13464322407379928,0.09835796675412416,0.15784646325867696,0.046881382097812806,0.0025689959322691643,0.020122083008015757,0.08786929151668124,0.036405905071761224,0.002316316510001745,0.02113556481743805,0.07792447873124378,0.03854164996678236,0.06279852860220687,0.023844478287064486,0.03299054287185349,0.05339413863343843,0.10565873408288223,0.036187468336751134,0.03351405703448733,0.006801340860506317,0.09899324295735384,0.09280744993744025,0.06070335427422454,0.1711454650785608,0.09427147148233736,0.03324955615323629,0.1037583457617435,0.08566758211999098,0.07381480878488941,0.03815638308977166,0.04346462473617179,0.04586860269306368,0.06134922898764997,0.09199831259661723,0.02447860325380291,0.0890610933244565,0.06629030525291289,0.0439131798692914,0.019048800579276583,0.11882319584165722,0.07037567900853456,0.06750234075417384,0.03501514193951451,0.07397354572993337,0.060446261739116706,0.10190263505242705,0.046388466784095875,0.06222357521808899,0.03489886399072764,0.0571866857956583,0.06451092060994358,0.09051342413235951,0.017947202939576485,0.027839708058538748,0.17042579593926416,0.026980568448242415,0.2223604653132783,0.08152949166667502,0.14896969453060246,0.03277899940354323,0.005005215016144767,0.11575658288256026,0.18978437954448157,0.03612476729242831,0.055466322071612284,0.10112773277521184,0.1441239985181465,0.04280986253284726,0.03121060153353462,0.12558596605576303,0.030614514599098204,0.142594228576919,0.04102533692048867,0.045360789929056525,0.020598295357288864,0.015352563380492361,0.11052145071876468,0.0907346183323277,0.04349725231215473,0.03321758702491373,0.033309323892934846,0.2507306932863154,0.03854164996678236,0.03942154954513675,0.08712547088757225,0.10076413849603529,0.04700080692243039,0.13162212883887994,0.027980646120439018
rowId109,0.06107495036395189,0.2204852418369684,0.15525234849131536,0.021654483572879402,0.043858403215920334,0.1330630091351828,0.027146168235100094,0.0542228987442999,0.06381984694513282,0.03080378095493439,0.10897046204943009,0.0406149742766575,0.047691580699675384,0.07152735509648726,0.14040186023070478,0.14668917981254953,0.06421392437529953,0.14113352939866172,0.16841652266777207,0.3070058519568064,0.07755929807815137,0.06485024265722507,0.04177562316439023,0.06715056668121039,0.5193187597312484,0.21386519591590655,0.037500805942635745,0.02760353810210546,0.33918533192477185,0.0898435307738926,0.062430280141366375,0.049131978517202565,0.07152735509648726,0.054938895266455595,0.13468626386236254,0.03839846356265713,0.0890610933244565,0.04864227679937645,0.04370905553095802,0.04821058808631389,0.3061785138368613,0.07131261226026689,0.06319030421927102,0.032952065867482595,0.02733218066286086,0.03578457377357328,0.04916600786159446,0.05578830709588376,0.261655810195167,0.04768002594368225,0.12211068626932499,0.027363439804964036,0.020756155523585302,0.05210881518392313,0.20146058500594796,0.1125391657576237,0.07178921113168528,0.03387497164470329,0.04128466076665463,0.05661462709928093,0.08472293367978442,0.09593659412577094,0.0361999467180642,0.05991102424496552,0.2496359041853222,0.19373147860601644,0.03748970445464128,0.03501514193951451,0.08892913104888106,0.03493008876530704,0.029339572424451857,0.040486436781981466,0.11882319584165722,0.07956170583697932,0.0313772043267731,0.019127231002087627,0.015255115808022152,0.03351405703448733,0.0013854556807550518,0.03588597300280466,0.0265530593515837,0.10921701078819221,0.051075750530004446,0.10334672978344611,0.15967368453543784,0.032210831267687964,0.036763862238349515,0.04349725231215473,0.0618648465896002,0.04322238139507759,0.027694535126016932,0.046881382097812806,0.08263987967781321,0.07637491113170373,0.13277468211871718,0.053990798115460266,0.23543932595827535,0.04305512182419307,0.026585122090765596,0.062285713965148974,0.18666027209475722,0.03418168625114799,0.0300759063062323,0.1364791135843468,0.11288499704623164,0.2219849138281642,0.06828300839267314,0.027839708058538748,0.27417998480996597,0.07114096024572565,0.05086519017247306,0.031740260267190276,0.19039423461709837,0.08380283722038466,0.04251837313333597,0.12562638679141755,0.0987284859740227,0.17638672838815636,0.20428805750621565,0.019127231002087627,0.08136133338035202,0.07117919171599127,0.04485720077955179,0.0265530593515837,0.07230439312494019,0.056111954907429595,0.02650003550771703,0.06053130067514153,0.09857740111087837,0.037378649224921054,0.03681279137599688,0.017430691886933358,0.02664862240992076,0.046881382097812806,0.10738461346976483,0.1823869310687453,0.03815625801769054,0.13949900142465416,0.1141660897894949,0.22105905987919588,0.010467376051495317,0.013570794622076622,0.006885013636356038,0.0527981832657547,0.16678773669465566,0.02774020260628076,0.039463191802789024,0.15427323840338192,0.0772783426344131,0.014635708471241923,0.02264041966360618,0.021580403233670803,0.044667915145341616,0.047856065533528384,0.3469715121223475,0.01387351467132388,0.019892428173312823,0.03256549912379051,0.03666282831631107,0.19054168358611942,0.024266183679863794,0.16638812160611435,0.07125929557042193,0.04471466947688636,0.1029843243690421,0.0052680624270637945,0.03084410864312551,0.04774617208099574,0.04610325480715077,0.034867962672411844,0.15955399352998592,0.036763862238349515,0.13021606959958118,0.028547592901568733,0.028351876179501967,0.09763967183037908,0.03205144736031224,0.07667281301684715,0.2417907223928248,0.0550416688137162,0.08653034708937724,0.14573659520976878,0.12251165950289139,0.03315502653878524,0.04570153127571757,0.08377775022095811,0.036405905071761224,0.03788775710543377,0.16678773669465566,0.043763658440362514,0.008606575131975465,0.11218261353333293,0.2200078992959789,0.10939680651715215,0.09854469621923163,0.22929229968146284,0.03503989682772746,0.5570239156008115,0.059004586079247745,0.015335599796271132,0.0397050772708996,0.10187193224047701,0.12441356900095034,0.05357940536723349,0.07460163473835035,0.16241222083888848,0.14011744072666557,0.04744942273940095,0.0899400568571098,0.08577860073031916,0.14825661287507363,0.11926490911450775,0.24172811512025913,0.06250205948427942,0.008606575131975465,0.11273450456651479,0.04177562316439023,0.02385857807363168,0.07117919171599127,0.12411607552736283,0.02113556481743805,0.08338120696561022,0.045360789929056525,0.09279965872048816,0.08970485982576791,0.029383760512826113,0.04036084414354057,0.05696289288454036,0.08517001339279531,0.05436874168032864,0.02029622361328579,0.06382012832209755,0.05393921197358413,0.09225130635784731,0.05101712555052155,0.0361999467180642,0.02635623173074948,0.08018129967829611,0.04385903655213013,0.2394309350208083,0.07844066975234061,0.04095910770721359,0.1873828912940007,0.11385499890938716,0.36368055324122,0.13310438824799042,0.08380283722038466,0.03548375469695007,0.07913518569135433,0.09225130635784731
rowId110,0.03294574279750345,0.11174286545708143,0.04267621179097056,0.10024902971260209,0.07373625391171952,0.039463191802789024,0.018784945065822876,0.11294952971498579,0.20872635028747744,0.08230037117986294,0.006801340860506317,0.09018835436075119,0.10786140375021272,0.05552993223624501,0.10737095420916197,0.04071275281232493,0.06203184337028378,0.24172811512025913,0.01855574938879523,0.07426990010622855,0.042797119164057644,0.03288713675441889,0.16689987759202496,0.05758670702735719,0.093388886946188,0.09865414033922758,0.045360789929056525,0.12860464508678013,0.06069020644170173,0.08600508125519364,0.009681513657680633,0.07856483488912339,0.021035279389131245,0.06267275232069118,0.1445093638682014,0.04525431632382581,0.1051118587615843,0.036187468336751134,0.23543932595827535,0.35546825740553917,0.03134987981722057,0.1789631763486703,0.08434440432053056,0.02263917793753184,0.027167382687697555,0.03550697569405258,0.045200432058649556,0.08855830640387612,0.036763862238349515,0.10426991559030556,0.03321758702491373,0.021595790954911927,0.013845486774718425,0.07658065332977336,0.11837185643558287,0.039716931145939396,0.07278167971079125,0.07929654641953629,0.03983635869480125,0.03633334323186749,0.03822996370629155,0.007024772460824246,0.03387939669877388,0.11588311427078586,0.06381984694513282,0.11174286545708143,0.025100142065157392,0.12096049534283558,0.014415037939537852,0.018374990323745136,0.23861576314397512,0.00723332362833648,0.08044347490146428,0.05460540520056117,0.10534266627030402,0.09884639407295902,0.1137250587043581,0.06435750665381641,0.08545342411244973,0.10922571722489388,0.1295178019926262,0.011167719420105799,0.10155999662551508,0.05453101905055259,0.031559092364981736,0.03351128377193219,0.04768002594368225,0.04615049880844655,0.07667281301684715,0.14668917981254953,0.043763658440362514,0.08482614416438125,0.11867710015527264,0.044667915145341616,0.026861697918467726,0.19261294250040287,0.03439272521163692,0.0325779914417661,0.016040533338174266,0.047691580699675384,0.0190519723518334,0.11730261187148877,0.15955399352998592,0.06035921583087826,0.08004269499961067,0.09500916353817297,0.03387497164470329,0.06744074606654175,0.06215243224595004,0.009681513657680633,0.12558596605576303,0.03706550616195868,0.07103377565029463,0.014716686096325607,0.10854730204208571,0.02137279835562717,0.014375380660155637,0.0695040546611142,0.04455737455271466,0.14113031011126084,0.12121331241289607,0.14371991382089253,0.14718307939982944,0.06650081836383148,0.09555741616989258,0.027531620896947936,0.26149081198054147,0.26307161862603196,0.06316832941713058,0.23861576314397512,0.20537268538925627,0.08657086839348747,0.01895455216864403,0.11862327645103342,0.07364483211004082,0.018955262996848417,0.02089366322938851,0.06750234075417384,0.20540485068688014,0.041880081706703216,0.025333958859089768,0.12248603223318161,0.04097984159837939,0.061302009339381985,0.08326537255041222,0.3468516279701624,0.023580556072726674,0.02243896273490084,0.058260940532916396,0.08653034708937724,0.20874618180906124,0.021922161283611755,0.12252495912844875,0.01238592740711079,0.029446283759633547,0.04253325415890776,0.09272063992965827,0.13683359295655975,0.021067898405439718,0.06114028361909431,0.07400648649450245,0.1911796698425654,0.032818997701746046,0.06644712560729071,0.02081028375652667,0.028255731759402766,0.03871069082009698,0.07797456036523379,0.10076413849603529,0.0360755870758148,0.027980646120439018,0.0842820761735914,0.19054168358611942,0.015165196934626564,0.053126077928174774,0.012587335184230724,0.037452485883362904,0.012134930745230818,0.2658849877817125,0.053990798115460266,0.21415924083222407,0.010071064154334532,0.06216262999539586,0.03349720982818285,0.07114096024572565,0.08579832894478713,0.05692538241875496,0.021580403233670803,0.1364791135843468,0.01520413806018166,0.10603764313892584,0.24775353246930432,0.036763862238349515,0.02113556481743805,0.0905182719978466,0.03127487733751449,0.028351876179501967,0.020807297962228015,0.020498449919657748,0.025160760491888617,0.014956096707606049,0.019194145876443882,0.001160583601150869,0.0771158955617825,0.023330181294667924,0.020991286417138856,0.028715490854207354,0.030182422378276723,0.191928510251779,0.01986848339245085,0.3194174998259263,0.20537268538925627,0.00176492202251769,0.030439379557517934,0.036291896834200026,0.031756706272599924,0.03366647778344107,0.027363439804964036,0.1380096912362205,0.09325059267029452,0.04465075375308366,0.05670052168664793,0.08434440432053056,0.08214468497383062,0.10249062815394472,0.07279057382105315,0.01988777446856482,0.22080184262869307,0.1125391657576237,0.04744942273940095,0.02635623173074948,0.012961469731987266,0.014399625229580902,0.05686893322128239,0.06196559736719907,0.010987912659858455,0.018955262996848417,0.06486139555434021,0.05992858240965832,0.03493008876530704,0.14858535047801408,0.03772199700644724,0.0824477990648991,0.12131608126838168,0.10667485251271967,0.045319880274969276,0.05533035481700348,0.010581444816286216,0.05978660310536649,0.11598418326398066
rowId111,0.055774104685159004,0.18896364773024418,0.06598354674678703,0.03848544513246123,0.028348923763038197,0.006246975601047956,0.11618044237816691,0.19054168358611942,0.06882577223500075,0.1615715416251067,0.10426384688641321,0.023846452282117396,0.1297611414039591,0.02535456283120991,0.027504269865620715,0.13683359295655975,0.007194636632862728,0.039872841557605905,0.04102533692048867,0.0824477990648991,0.1125391657576237,0.140959726596463,0.018364172732089117,0.06707224149513806,0.12251165950289139,0.2632336066482097,0.03299054287185349,0.10249062815394472,0.14871072430793672,0.1563213946479865,0.2658849877817125,0.024365487239746613,0.28033217266827043,0.021423618077814347,0.36457726444627037,0.03875353309490299,0.14147342497775015,0.07125929557042193,0.1369968788708034,0.2076241358354501,0.04107797825956584,0.10252991989402437,0.08008595999373899,0.3180651754385313,0.1228991753105598,0.0738920103499353,0.09510212707801179,0.034695106210996585,0.01612460411241117,0.023844478287064486,0.09959952523575737,0.00424493197697294,0.16646448339576006,0.029291059936358436,0.033309323892934846,0.06053595980176759,0.0068412080772048455,0.03666282831631107,0.1563213946479865,0.0632434822655344,0.07506896499436568,0.19745924543290813,0.08018129967829611,0.1042569366773471,0.11960470280766451,0.04734445323783841,0.07309631450339381,0.2076241358354501,0.10444233613991619,0.09094831663440615,0.08010368087486869,0.3182529286418399,0.05686995490855384,0.05295063780666251,0.11909544926042755,0.03808331619262089,0.11626584452197324,0.025014108046232233,0.3545963317289478,0.35546825740553917,0.06103237777299579,0.05101712555052155,0.053990798115460266,0.05833622116877451,0.08338120696561022,0.03839846356265713,0.1051118587615843,0.2606536427728311,0.11630662596262815,0.01238592740711079,0.08653034708937724,0.005679349701945355,0.06828300839267314,0.10981751210074983,0.13621507646855882,0.08079817537731275,0.11583779486055595,0.13478958388347761,0.04078779991944996,0.08970485982576791,0.019287301519781058,0.36368055324122,0.025100142065157392,0.0054814593349430405,0.2553151597134402,0.06070335427422454,0.09545180886436631,0.03999860299970289,0.0643135158345426,0.04107797825956584,0.36457726444627037,0.033358740680036456,0.14871072430793672,0.013484203769131214,0.06321851305053366,0.2219849138281642,0.10874647795539916,0.01839084429740458,0.13571850953256293,0.10294895835231888,0.08226846302831745,0.01530033495826165,0.04916600786159446,0.07865097944924848,0.19248095965164957,0.09462622765743829,0.033365314010788134,0.018291443294187214,0.2523686063220783,0.1655563823290761,0.05245383369473509,0.10334672978344611,0.10241594063559417,0.051824934045968406,0.021055835138022262,0.03240034146396136,0.18545904204552274,0.05453101905055259,0.1159413949746028,0.050133515081212804,0.07220956990215752,0.1134198647261424,0.032210831267687964,0.04879590076482457,0.017686954574394967,0.027694535126016932,0.39546404121520046,0.20397206245230323,0.023844478287064486,0.1134198647261424,0.08164072362909384,0.03007671168660523,0.029706759699468954,0.1367338401089776,0.038627933456537346,0.0899790526173496,0.0584438991170054,0.1357009020748816,0.10738461346976483,0.03942154954513675,0.10426991559030556,0.03056710604675929,0.20939838941095246,0.09805566740007637,0.05769832902229535,0.03217564722898496,0.025174039322353518,0.016980287233531125,0.02452123900545794,0.0722395239920576,0.14141812516099347,0.1625737309454052,0.03588597300280466,0.024377994979228636,0.14371991382089253,0.012587335184230724,0.03007671168660523,0.10879308328872195,0.18449154832084794,0.027839708058538748,0.026932067970345412,0.12481380621321259,0.08938470287517632,0.1310381700263656,0.02313783907768579,0.03994451649516368,0.0027510090008349614,0.03215927506634591,0.20540485068688014,0.07881535331481296,0.061844400965221764,0.0607849939934305,0.010343023728082419,0.09959952523575737,0.05095963412617053,0.05735554479919937,0.0764087364420143,0.008422735088664578,0.03924490953398031,0.17638672838815636,0.0771158955617825,0.22840368924551568,0.12347727137335505,0.030439379557517934,0.15258766027551868,0.021772511529288482,0.18541752096511707,0.08614679481226657,0.08685226182184991,0.02574444028713122,0.2746187737836757,0.11077466046246393,0.03565841363186296,0.03548375469695007,0.08855830640387612,0.03468003074247901,0.03123999571671486,0.05422935740651338,0.27926771393662286,0.15492062769528012,0.023686072056975687,0.0938511877510938,0.005588867695018397,0.06922884638999138,0.007194636632862728,0.020756155523585302,0.2153453683839955,0.03256549912379051,0.15673013638471428,0.2670740704633735,0.031740260267190276,0.027910207489554757,0.07252304152301488,0.05940037972146779,0.036291896834200026,0.0471885983259131,0.03086444059220104,0.07137774300691742,0.041996588786748404,0.013484203769131214,0.10670357252879333,0.027839708058538748,0.04516920421558451,0.027381273594172674,0.017686954574394967,0.04128466076665463,0.012961469731987266,0.0979135366345343,0.03352815115625609,0.08414673120938626
rowId112,0.05305495148621203,0.09045302062979264,0.09622246946358516,0.11124057942966953,0.07710103079442301,0.08786929151668124,0.0361999467180642,0.0876026134183375,0.051366119186550645,0.03999860299970289,0.03548375469695007,0.2251822106904705,0.11862327645103342,0.03163575376733747,0.04440583666255198,0.05240819850123343,0.2219849138281642,0.03319941164403907,0.18593018660940214,0.11009175703346592,0.10316854057431916,0.04322238139507759,0.08895253341747135,0.032210831267687964,0.0395962715405713,0.2506406475823802,0.2507306932863154,0.20540485068688014,0.022546309686991825,0.020621798518323027,0.044521419544169445,0.039097178403433,0.055251470079924085,0.04364627000013338,0.09045302062979264,0.01988249542172972,0.38875735910827086,0.14371991382089253,0.19014511813092702,0.019916581577746697,0.1631943737956888,0.012087732820448055,0.031559092364981736,0.1612891967285631,0.16841652266777207,0.14529841026851467,0.03418437605602435,0.06149509908870966,0.06867273616548764,0.00588991757559099,0.0013854556807550518,0.020064425577496253,0.0630038274757027,0.057214840644141694,0.05692538241875496,0.08914338531565498,0.02710899991417163,0.07389922166867542,0.13079995882111786,0.0649477681015009,0.09720702222508476,0.03121060153353462,0.0876026134183375,0.043858403215920334,0.02452123900545794,0.11138415490383903,0.06810160351913451,0.04322238139507759,0.06115579624633521,0.08653034708937724,0.07397354572993337,0.11700851988804442,0.015335599796271132,0.04820576052431156,0.07988827723680285,0.043406971336301,0.03334952467146852,0.0010202824078819834,0.12410549086147098,0.07710103079442301,0.03610503296908216,0.2106587338270038,0.20152512057686184,0.09018835436075119,0.011353764515775563,0.052956487694236526,0.04529767279955678,0.035205111859481865,0.05848213623398934,0.059480149237931254,0.031798389482455613,0.2038753946093372,0.13323971897869835,0.028923152962393183,0.4140068328953792,0.10618502505903259,0.026585122090765596,0.2483154695117704,0.07882916111607614,0.07956170583697932,0.030614514599098204,0.029488681130087475,0.14825661287507363,0.027531620896947936,0.0848548636801642,0.05880646563927412,0.06222357521808899,0.06750234075417384,0.04256926151243291,0.06264437487725902,0.07666916063144738,0.1674209607725292,0.03822996370629155,0.11755973381021978,0.12321405941938406,0.08061541586142089,0.09340039086107733,0.09280744993744025,0.14632140965753745,0.10007624563057085,0.04132392199381643,0.24009752942176518,0.06064146875180415,0.015469941711065378,0.08226846302831745,0.1518192802005353,0.03612476729242831,0.11181024998578303,0.03520873620064968,0.0838457233068345,0.016588984493490472,0.09438867908508199,0.20959641478555013,0.20397206245230323,0.021772511529288482,0.031559092364981736,0.08249538594581472,0.09094831663440615,0.14971586933495437,0.14812399391349337,0.02774020260628076,0.04187852298493348,0.04837986921081425,0.049097617730240746,0.039872841557605905,0.06787691772128103,0.15962122246056037,0.24172811512025913,0.09812427323413456,0.06757375974048797,0.09760076578435951,0.010071064154334532,0.09720702222508476,0.0485374725560171,0.06679846799465182,0.062303464678621655,0.09704550650974093,0.07851951477554499,0.2073555137067861,0.1789225102535176,0.03417634251930709,0.02743976817762768,0.06245472633172106,0.07020954388857871,0.14113352939866172,0.04676237280688779,0.05992858240965832,0.18870426167675433,0.21386519591590655,0.05694070031043384,0.057363782537312245,0.16556059057061148,0.023702634221545157,0.05103956064333818,0.05101712555052155,0.0874074118222219,0.04509791694775669,0.03905296466375901,0.11710710220545238,0.03520400737034127,0.1295841708513099,0.019496038612461016,0.10039258696788503,0.08907090607325127,0.006246975601047956,0.18719690702186523,0.028906179387724443,0.09703680934456076,0.015067319578338617,0.01348667430785373,0.060795326079078026,0.061019999055244085,0.02957582199534259,0.1932187420887361,0.08249538594581472,0.02002957821666919,0.07580490169761156,0.04631310994474407,0.028906179387724443,0.08263987967781321,0.03084410864312551,0.11266209052558614,0.11861451035848701,0.13554704684960045,0.24562228218208193,0.10252991989402437,0.06113316301368413,0.15784646325867696,0.01277488990260344,0.03899315372958534,0.05472964640721986,0.010071064154334532,0.03351405703448733,0.042261196458572674,0.03514363435872044,0.07037567900853456,0.03885148803211316,0.017923659099580245,0.16841652266777207,0.019315778665033825,0.06825487503589651,0.05220606181220708,0.03808331619262089,0.1563213946479865,0.019892428173312823,0.30124595258678216,0.10851714506791006,0.05212729291658361,0.049933419816022,0.10970978460661515,0.3180651754385313,0.023846452282117396,0.06828300839267314,0.035260075015522224,0.09939811435029541,0.04727763522576811,0.08712547088757225,0.0618648465896002,0.04589955972427422,0.15967368453543784,0.08907090607325127,0.0656152538296495,0.0361999467180642,0.03994451649516368,0.016137772223863426,0.05758670702735719,0.1562688333715234,0.20146058500594796,0.078934870899722,0.1452086934270091
rowId113,0.0735112610680996,0.1279124781470182,0.0069603434554135245,0.0359447612391452,0.21095702757387483,0.012126675197217269,0.07400648649450245,0.05992858240965832,0.1404080633955328,0.09500916353817297,0.2333867513310674,0.4999321195827659,0.055938634554263025,0.03563154151704626,0.252546345387661,0.033555591874811025,0.05210881518392313,0.055615668272831646,0.1479456936785445,0.09429267373051416,0.1500421363925138,0.03854625184302271,0.1263156157929624,0.02783085768444364,0.02049398507016983,0.18350589336633658,0.11598418326398066,0.04734445323783841,0.03321758702491373,0.06021094519756196,0.055217181988922066,0.10039258696788503,0.03084410864312551,0.033365314010788134,0.08263987967781321,0.052384989966095176,0.03798354132414837,0.08963884549822916,0.20044102279815545,0.01277488990260344,0.029352972462383407,0.05268225340870092,0.026980568448242415,0.043145974762119024,0.0594686421835955,0.08970485982576791,0.05783041423428113,0.034865189638133724,0.07445848668361738,0.25881898426779637,0.09975901395039075,0.019127231002087627,0.12700540400463725,0.05260097431677552,0.03429226884051455,0.04962240834602832,0.017800098837098807,0.02466226316757737,0.08555483590857797,0.04126416055933206,0.1369571476989645,0.0035574907143634156,0.23095548830597412,0.050749717000185206,0.1788227873389219,0.1754565304756922,0.0710315829658983,0.0635494061796558,0.08079817537731275,0.06839934237827247,0.0607849939934305,0.08738340122130314,0.02555328322910774,0.021241772437108286,0.05787162479345371,0.07800111967087671,0.10325348019017183,0.03574794240080859,0.09330931421783428,0.02580952453634657,0.1076361019752512,0.00193613108216705,0.02774020260628076,0.06092904102196162,0.2765435329574788,0.012409812198573015,0.05212729291658361,0.0208339993927098,0.03727036506772215,0.045509685059433785,0.13683359295655975,0.0695040546611142,0.05758175040859915,0.021226796448345624,0.07261732845551341,0.02466226316757737,0.11710710220545238,0.08569440272150812,0.04769708527913133,0.14668917981254953,0.1412294811690744,0.1789225102535176,0.026709505515855436,0.061019999055244085,0.07262101302967139,0.07942359275213501,0.027768061154365427,0.0899790526173496,0.031559092364981736,0.1354156656773594,0.07580490169761156,0.03854625184302271,0.15525086444828687,0.02284163337380396,0.09097591582361568,0.20872635028747744,0.11181024998578303,0.11460330998056277,0.017450624484275826,0.0421658790621041,0.0337456475259338,0.1380096912362205,0.15758099506012443,0.19223830649177262,0.026146505080541723,0.05037667855411855,0.03849441112147166,0.06130051184028606,0.056700360802280095,0.20989097606091836,0.15664252575486765,0.28033217266827043,0.19435376875942542,0.06306523644878903,0.014257324378410534,0.1287191263258841,0.02381888579015437,0.0699128580206811,0.03299054287185349,0.022197490518024013,0.03786621570464605,0.049131978517202565,0.0594686421835955,0.1090167930446169,0.03822996370629155,0.025100142065157392,0.13396855290030701,0.03193248632198632,0.012961469731987266,0.1767565322514853,0.10934531532203123,0.11700851988804442,0.0594686421835955,0.017273800303183713,0.01770105402259905,0.1159413949746028,0.051082808073531286,0.03788775710543377,0.17600648064578514,0.05513978848235159,0.05101712555052155,0.044667915145341616,0.030396685805813638,0.09543761332904574,0.1051118587615843,0.08712547088757225,0.009482827252723503,0.05609276012837682,0.012715153096983886,0.30435797541633286,0.06075676659749816,0.04641012420267559,0.1279124781470182,0.3182529286418399,0.13571850953256293,0.023330181294667924,0.2658849877817125,0.01987491124064308,0.10786140375021272,0.03565841363186296,0.02378384434336071,0.03735839786408729,0.015960476247937345,0.07915161640724724,0.049933419816022,0.06584732067285312,0.21326958176696714,0.08135120198795744,0.20939838941095246,0.14113352939866172,0.10236233413711866,0.10076413849603529,0.06201881903401059,0.08847280145958716,0.08907090607325127,0.03735839786408729,0.07767748564375446,0.055938634554263025,0.05861421065705314,0.03052038560590705,0.20397206245230323,0.17492427915422573,0.08414673120938626,0.03999860299970289,0.03417634251930709,0.18583451268168535,0.1364655702278823,0.06345286629684944,0.029356870216574262,0.059236462286335244,0.04589467591825148,0.02966187467733761,0.10121866702268312,0.14825661287507363,0.012302249161072084,0.015701948111027837,0.191928510251779,0.11730261187148877,0.03666282831631107,0.0772783426344131,0.123826265711517,0.07601437163497518,0.20247490841399748,0.10197873909666125,0.09884639407295902,0.07279057382105315,0.038486313482753644,0.04379595926580875,0.2386319475261509,0.12972031364053122,0.07125929557042193,0.10006566146445842,0.02452123900545794,0.03915384690431336,0.11147700396371757,0.057363782537312245,0.021226796448345624,0.0025689959322691643,0.45549265311912734,0.03948408970897994,0.2714605466469469,0.07709042215528919,0.06297106234016792,0.015469941711065378,0.03418437605602435,0.02710899991417163,0.07389922166867542,0.10934531532203123,0.1166785550069508,0.03256549912379051
rowId114,0.1386428392245063,0.08914338531565498,0.14825661287507363,0.26785683595267257,0.031559092364981736,0.08274407282366453,0.018844236993921484,0.09165802437935143,0.03288713675441889,0.2553151597134402,0.19629602978222907,0.0879574190924659,0.03493008876530704,0.04864227679937645,0.015664244459787043,0.04078779991944996,0.028255731759402766,0.1320554396711257,0.025029094172608478,0.07734764030560726,0.11362113880128479,0.05098374705089239,0.2553151597134402,0.05436874168032864,0.04641012420267559,0.24207692773610648,0.03160906145105333,0.04641012420267559,0.026585059228289947,0.057346481122152716,0.051366119186550645,0.022386710360606483,0.1550396469231862,0.059004586079247745,0.03871069082009698,0.05109981097667743,0.05170643345835024,0.019916581577746697,0.06111234514641131,0.02361421532171209,0.12251165950289139,0.04346231377022084,0.11338932753021252,0.07079673407993524,0.03193248632198632,0.23158276126519725,0.004152926940190109,0.02447860325380291,0.015352563380492361,0.19054168358611942,0.051082808073531286,0.06111234514641131,0.022052915920142253,0.26279658803543204,0.031089106207021117,0.08338120696561022,0.05852680247216348,0.1824389242971646,0.26279658803543204,0.04615051968663605,0.002450277267931671,0.26566501185002683,0.10565873408288223,0.025029094172608478,0.044521419544169445,0.14573659520976878,0.08041896053972508,0.03788775710543377,0.34567410193402004,0.20537268538925627,0.07113296854299447,0.04321949947062577,0.10879308328872195,0.26879822329353653,0.17492427915422573,0.059004586079247745,0.07262101302967139,0.046881382097812806,0.10921701078819221,0.099652762165392,0.053866987442392295,0.10667485251271967,0.02318646687325158,0.01970153680309463,0.04506801982299781,0.06082818198831625,0.0540927417505276,0.2186621908474496,0.21475093122862896,0.06828300839267314,0.1445093638682014,0.019663016356227418,0.18057994137607258,0.33732251758153786,0.030693479075619284,0.1063164309380385,0.040845637903666084,0.06819333741960472,0.03798354132414837,0.034000464186655505,0.40557282941627437,0.03885148803211316,0.01855574938879523,0.028303357240390212,0.01512409783235807,0.03550697569405258,0.04485720077955179,0.030614514599098204,0.040486436781981466,0.04058050711022771,0.20146058500594796,0.0899923145289757,0.08507553736647443,0.21476115788320732,0.06838469631026628,0.09812427323413456,0.10851714506791006,0.06458494506397139,0.12205572874413355,0.025271682694782034,0.05357940536723349,0.08274407282366453,0.15243063322524364,0.10155999662551508,0.11862327645103342,0.0181559662694938,0.027339415128827614,0.027739673843593833,0.15258766027551868,0.0014734937643591185,0.39546404121520046,0.4100194020764493,0.0984254873172523,0.027167382687697555,0.016754799503522624,0.0461850859364933,0.11867710015527264,0.11630662596262815,0.06715841591553207,0.060636570386870495,0.10534266627030402,0.09599121761833428,0.2258985049700433,0.04349725231215473,0.07278167971079125,0.11426457805788533,0.051082808073531286,0.02635623173074948,0.03205144736031224,0.12972031364053122,0.03822996370629155,0.019996810121400154,0.06828300839267314,0.0764087364420143,0.05991102424496552,0.07044365083545326,0.043430434770496025,0.024618591499328494,0.16331513308486978,0.2642019076465018,0.04727763522576811,0.09116752982577415,0.12131608126838168,0.2364005381988082,0.2364005381988082,0.03501514193951451,0.06267275232069118,0.04126416055933206,0.0607849939934305,0.13886235682904702,0.09884639407295902,0.04463134321514318,0.06873054017857778,0.10167435577256531,0.0695040546611142,0.10444233613991619,0.0196556399038762,0.004332332792757682,0.07601437163497518,0.030182422378276723,0.19512175973379914,0.047691580699675384,0.22664699653928227,0.19194275096689792,0.018374990323745136,0.047921103849625876,0.022052915920142253,0.099652762165392,0.1310381700263656,0.08654471896219404,0.06082818198831625,0.040486436781981466,0.1115905840203343,0.045376733613794906,0.031756706272599924,0.051075750530004446,0.27554240885943343,0.14335025920532107,0.03772199700644724,0.057983344683024504,0.1873828912940007,0.03292973864397497,0.18619259208399594,0.13990357565144373,0.08907090607325127,0.1789225102535176,0.06819333741960472,0.03574794240080859,0.04821058808631389,0.07929262048894575,0.0467562821725928,0.15758099506012443,0.08274407282366453,0.0010202824078819834,0.06551654894201865,0.0793443096543359,0.03782898930479036,0.03400334190851857,0.02002957821666919,0.04270954807646496,0.17600648064578514,0.11777693041468404,0.13289247623394812,0.02977049159155893,0.12705315503216075,0.02385857807363168,0.08855830640387612,0.0507314920588211,0.05833622116877451,0.032210831267687964,0.054763426404342466,0.018364172732089117,0.004799042885886919,0.1386428392245063,0.06415207462311867,0.11684276578331389,0.04276085660505043,0.0699667824915573,0.03794816822754598,0.0490379695395885,0.1125644642390023,0.1367338401089776,0.032952065867482595,0.06435750665381641,0.06111234514641131,0.007269746988188503,0.062285713965148974,0.06303752745103712,0.028715490854207354,0.019996810121400154
rowId115,0.08684442825395526,0.04727763522576811,0.05940037972146779,0.03871069082009698,0.15835562061705558,0.11960470280766451,0.05758175040859915,0.03727036506772215,0.023992342584586136,0.12912460435442497,0.10337740311861805,0.03588597300280466,0.012961469731987266,0.27036948105207664,0.014470794131012073,0.009230952109465151,0.1404080633955328,0.21384661491077844,0.059236462286335244,0.17530093677818082,0.05147005307257128,0.1316345418035157,0.023992342584586136,0.06031646013147246,0.03305393741437245,0.10290633734405875,0.10167435577256531,0.13106381999870861,0.06584863655866877,0.20537268538925627,0.051082808073531286,0.037558283967565914,0.193635599882764,0.11538145086578852,0.11138415490383903,0.3197689405850322,0.1228991753105598,0.06168446572573735,0.0025689959322691643,0.028255731759402766,0.05578830709588376,0.027876176803554725,0.09555741616989258,0.15967368453543784,0.08079510604588554,0.012087732820448055,0.036601858906629224,0.022052915920142253,0.11077466046246393,0.04615051968663605,0.1412294811690744,0.1215872123146998,0.14871072430793672,0.03280757013644673,0.03187190381782426,0.03590586360127347,0.09869680188678473,0.01374440018485426,0.022052915920142253,0.004332332792757682,0.16710876139780362,0.005005215016144767,0.01374440018485426,0.04251837313333597,0.1932187420887361,0.2548275354194706,0.026585059228289947,0.16172161237277496,0.09045302062979264,0.033506658653691006,0.18353317167795255,0.10203295344644954,0.029105527801113307,0.0540927417505276,0.08635270049928916,0.02555328322910774,0.13478958388347761,0.11598418326398066,0.055938634554263025,0.03717821775032464,0.049131978517202565,0.025392678101793305,0.10939680651715215,0.030396685805813638,0.08635270049928916,0.042946920005675966,0.04349725231215473,0.032818997701746046,0.06675030899708037,0.193635599882764,0.04916600786159446,0.10618502505903259,0.031756706272599924,0.220292524920484,0.06149509908870966,0.08566758211999098,0.015960476247937345,0.07720896244367571,0.1479456936785445,0.0507553338290804,0.08482005250119078,0.14988539535299075,0.012802176579163431,0.09206805513314008,0.08425381116818527,0.1323933915099046,0.15178022389544338,0.08274407282366453,0.07881535331481296,0.08325662503095924,0.052956487694236526,0.1354156656773594,0.06926103601658354,0.10970978460661515,0.02399030813264455,0.020621798518323027,0.1711454650785608,0.1957036499749003,0.09734795100242262,0.04267621179097056,0.002786736453702084,0.03848727934251136,0.20476934866778262,0.01669423581904388,0.035056425684755754,0.2548275354194706,0.03123999571671486,0.06129987982429951,0.10360607847073296,0.05370653215934189,0.045319880274969276,0.02774020260628076,0.07785515459993708,0.01387351467132388,0.18583451268168535,0.0878045545547013,0.03808331619262089,0.08352530227143147,0.019620235341900393,0.011447945396967713,0.09429267373051416,0.019315778665033825,0.03288713675441889,0.0584438991170054,0.13323971897869835,0.07006921752847214,0.03235926346470298,0.029985474340503245,0.08579832894478713,0.0024735841903112434,0.05212729291658361,0.1611631355227145,0.15388354988563785,0.06123350526234784,0.15778891138703702,0.0527981832657547,0.1581044432373948,0.04463134321514318,0.06629030525291289,0.00866723760616279,0.12705315503216075,0.029339572424451857,0.03514363435872044,0.3175120038808173,0.04270954807646496,0.13725806414437652,0.056700360802280095,0.1798948556160159,0.017686954574394967,0.06369774307302835,0.0938511877510938,0.0667889379457594,0.009230952109465151,0.023992342584586136,0.0738920103499353,0.05511425938721453,0.016973271370151134,0.023844478287064486,0.0632434822655344,0.3334925090390668,0.1445093638682014,0.05240819850123343,0.013484203769131214,0.18978437954448157,0.05095963412617053,0.06194984082576789,0.042261196458572674,0.03123999571671486,0.029706759699468954,0.024266183679863794,0.017273800303183713,0.19261294250040287,0.07584865320171244,0.14812399391349337,0.19629602978222907,0.15525234849131536,0.03137587953540144,0.014415037939537852,0.21215248245116475,0.057715175115986395,0.07915161640724724,0.06123350526234784,0.1357009020748816,0.04583884293867521,0.1125391657576237,0.02664862240992076,0.04305512182419307,0.05291159731953287,0.05196947250218702,0.0656152538296495,0.10605325488426509,0.05952281701584533,0.03666282831631107,0.03352815115625609,0.053552928875930855,0.10038797037179867,0.042261196458572674,0.06303752745103712,0.04346462473617179,0.33918533192477185,0.15835562061705558,0.03467003182642679,0.21004634554321927,0.019287301519781058,0.0190519723518334,0.019457210346014938,0.012018084666396207,0.02635623173074948,0.2670740704633735,0.03574794240080859,0.033579700002234446,0.045922997763917076,0.2776265708225612,0.03706550616195868,0.06250849925275137,0.08230037117986294,0.07379161689293162,0.04267621179097056,0.02814962589004989,0.09272063992965827,0.060137038670072376,0.048619139107471364,0.1250324649912175,0.041996588786748404,0.11710710220545238,0.06080458903783766,0.00569868141837213,0.021527467005206555,0.11777693041468404,0.0907346183323277
rowId116,0.012161449214596332,0.08481315466306634,0.04222067134673445,0.07586344697981773,0.00884621442655624,0.14939398150028746,0.06924378137890005,0.3180651754385313,0.26881345614637076,0.03160906145105333,0.018291443294187214,0.1824389242971646,0.14311180265807422,0.26785683595267257,0.0627691656825544,0.1364655702278823,0.060446261739116706,0.11477596273895989,0.11186074983563712,0.022386710360606483,0.2776265708225612,0.06451092060994358,0.15258766027551868,0.031275357344309446,0.2076241358354501,0.022234943294891715,0.0348058819147593,0.05991102424496552,0.0441892550832111,0.08414673120938626,0.09669392721349093,0.1266858152845967,0.16102481895057755,0.13277468211871718,0.0265530593515837,0.0857171521604164,0.0068412080772048455,0.06053130067514153,0.07886327830220485,0.045509685059433785,0.034210362222606545,0.12860464508678013,0.19690434088246628,0.03544353092451041,0.1789631763486703,0.029985474340503245,0.05196947250218702,0.0415090335415429,0.21640617987221014,0.04219281776284814,0.09116752982577415,0.06485024265722507,0.027381273594172674,0.03514465642276618,0.07137774300691742,0.06220922433133476,0.3771672212472896,0.1640993206899182,0.11458761931764577,0.06090742961770446,0.10155999662551508,0.11684276578331389,0.0361999467180642,0.21384661491077844,0.1445201601817003,0.0771158955617825,0.02611256720996245,0.06123350526234784,0.09611385024571852,0.18057994137607258,0.022052915920142253,0.05735554479919937,0.1674209607725292,0.07785515459993708,0.05783041423428113,0.05092201320945591,0.08600653786498069,0.0752064061748442,0.08684442825395526,0.033097731182593564,0.03822996370629155,0.03349720982818285,0.014399625229580902,0.053990798115460266,0.0699128580206811,0.220292524920484,0.014956096707606049,0.049097617730240746,0.059443151246513115,0.08569440272150812,0.16592845940929335,0.4999321195827659,0.07103377565029463,0.12563750103973415,0.2121707794512331,0.07666916063144738,0.03798354132414837,0.0533719563635346,0.027892269653222723,0.05486872498828684,0.16426708102052753,0.06828300839267314,0.04952331415873677,0.21386519591590655,0.05210881518392313,0.14481002004165813,0.062285713965148974,0.22929229968146284,0.016973271370151134,0.05882174479512728,0.04804952846042931,0.1250324649912175,0.06886356171131285,0.043406971336301,0.034958360764687876,0.08042163712152642,0.026980568448242415,0.1788227873389219,0.12705315503216075,0.10307852310271426,0.1125391657576237,0.0024663782729773404,0.059004586079247745,0.03123999571671486,0.11960470280766451,0.05669748161081187,0.053990798115460266,0.039463191802789024,0.06308101847755063,0.12251165950289139,0.055615668272831646,0.04056119255652058,0.05992858240965832,0.05758175040859915,0.11338932753021252,0.2038753946093372,0.033220339547255416,0.06245472633172106,0.2003959170726871,0.2121707794512331,0.03439272521163692,0.019845656749530753,0.0673440682358704,0.03530730558576696,0.03429226884051455,0.028765196562273956,0.045360789929056525,0.03736430133007787,0.03924510396556578,0.05365236410491182,0.17530093677818082,0.0749770436991232,0.08214468497383062,0.09699257399247305,0.09684750332021232,0.16552069044415763,0.05880646563927412,0.0069603434554135245,0.042946920005675966,0.03786621570464605,0.012018084666396207,0.013409590494440833,0.008422735088664578,0.03544609355570803,0.2364005381988082,0.2765435329574788,0.09763967183037908,0.1029843243690421,0.24207692773610648,0.20152512057686184,0.0363676403973819,0.14988539535299075,0.193635599882764,0.024338964763538914,0.11181024998578303,0.019127231002087627,0.0014734937643591185,0.09018835436075119,0.045509685059433785,0.053552928875930855,0.09593659412577094,0.08847280145958716,0.0268184986299694,0.012382517878824474,0.06168446572573735,0.08924529259492195,0.12248603223318161,0.05552993223624501,0.0361999467180642,0.06896073906595404,0.15525086444828687,0.18057994137607258,0.021772511529288482,0.010987912659858455,0.09206805513314008,0.10398192488485646,0.1427773981478607,0.09880416150985406,0.023702634221545157,0.0522210458533132,0.04424430627846097,0.2642019076465018,0.12361762312368559,0.09510212707801179,0.025024671166916177,0.06451092060994358,0.07364483211004082,0.03240034146396136,0.03727036506772215,0.027876176803554725,0.03832618871610142,0.24207692773610648,0.08034193349068149,0.02243896273490084,0.11412182255391809,0.02378384434336071,0.05307977036299651,0.04440583666255198,0.06744074606654175,0.06302210618487246,0.035260075015522224,0.19223830649177262,0.05745628713186052,0.2251822106904705,0.0542228987442999,0.13468626386236254,0.028906179387724443,0.0010202824078819834,0.13949900142465416,0.07417031644006374,0.019996810121400154,0.03387497164470329,0.07584865320171244,0.00866723760616279,0.11593151931672963,0.015469941711065378,0.10294895835231888,0.015960476247937345,0.07074577782997114,0.12481380621321259,0.0052680624270637945,0.0265530593515837,0.07373625391171952,0.028669348790339493,0.052956487694236526,0.1246497705187889,0.05271634220676527,0.07565897206750936,0.055256227649755706,0.19009898732459152
rowId117,0.09487925635320633,0.03007671168660523,0.045616126317840226,0.03678678295654137,0.036649896912632624,0.11458761931764577,0.08800441714809738,0.1295178019926262,0.1357009020748816,0.028943925314967582,0.03056710604675929,0.3228831316963086,0.011239942713006513,0.584049185076163,0.04102533692048867,0.19078411262500236,0.03007671168660523,0.09857740111087837,0.03854164996678236,0.08577860073031916,0.04463134321514318,0.0907346183323277,0.17530093677818082,0.108774467065854,0.019048800579276583,0.006246975601047956,0.06384464835745123,0.05623017099871448,0.17172641547838768,0.05339413863343843,0.20537268538925627,0.009873194535136116,0.13005508638955907,0.0838457233068345,0.11325291449263311,0.02613129831130594,0.03351405703448733,0.10922571722489388,0.1873828912940007,0.05942891483026106,0.09899324295735384,0.05661462709928093,0.027892269653222723,0.05694070031043384,0.054938895266455595,0.14971586933495437,0.03501514193951451,0.05991102424496552,0.02611256720996245,0.1381458096349222,0.010343023728082419,0.04734445323783841,0.026483930919803868,0.1932187420887361,0.02081028375652667,0.03351405703448733,0.11365898223390919,0.021118410496397552,0.20939838941095246,0.15530946107413995,0.04610325480715077,0.12987758190099027,0.02650003550771703,0.09519306227719453,0.07400648649450245,0.16646448339576006,0.1414196764074397,0.05852680247216348,0.10236233413711866,0.030328569389991258,0.03004152838787338,0.11867710015527264,0.11529490747573133,0.0361999467180642,0.1166785550069508,0.031740260267190276,0.013653968348247239,0.06451092060994358,0.26279658803543204,0.03418168625114799,0.11242857206816594,0.19373147860601644,0.007131961602682052,0.03948408970897994,0.18894688715902186,0.13421121227743957,0.012087732820448055,0.10618502505903259,0.12121331241289607,0.060636570386870495,0.11385499890938716,0.1185385584173658,0.06297106234016792,0.03514465642276618,0.16638812160611435,0.23725070138533247,0.0771158955617825,0.04769708527913133,0.01316133287268846,0.11625513295709856,0.0576500574178649,0.06303752745103712,0.017686954574394967,0.029446283759633547,0.10440381610333906,0.03350840518769029,0.02347907098441795,0.05260097431677552,0.07856483488912339,0.038486313482753644,0.02574444028713122,0.015664244459787043,0.06107495036395189,0.03493008876530704,0.13396855290030701,0.3070058519568064,0.054822115843996516,0.11772017342388433,0.01976819149240272,0.05390023838106589,0.09094831663440615,0.2658849877817125,0.06844674841574178,0.05104574543442532,0.09769224153143184,0.13621507646855882,0.08600653786498069,0.015960476247937345,0.026585059228289947,0.05992858240965832,0.024365487239746613,0.06313882087780895,0.05291159731953287,0.10854730204208571,0.1295178019926262,0.0068412080772048455,0.03319941164403907,0.05339413863343843,0.22080184262869307,0.03334952467146852,0.10290633734405875,0.17530093677818082,0.07194821538076857,0.09051342413235951,0.04506801982299781,0.07113296854299447,0.045200432058649556,0.03681279137599688,0.09025769470979908,0.018364172732089117,0.05330037918976837,0.007131961602682052,0.19078411262500236,0.004975004103988152,0.008281152186413676,0.2670740704633735,0.1052622382613658,0.08164072362909384,0.3334925090390668,0.025031390642341268,0.05393921197358413,0.5193187597312484,0.02352782975286913,0.08614679481226657,0.24094477657595723,0.1550396469231862,0.03775970949684174,0.05360222657306117,0.002450277267931671,0.10398192488485646,0.09017447478088754,0.21386519591590655,0.2159207442663503,0.052405226629760854,0.035056425684755754,0.12121331241289607,0.3556424361647484,0.1125644642390023,0.007024772460824246,0.04375041821232045,0.04542468396420786,0.03875353309490299,0.1125391657576237,0.040845637903666084,0.2078788065117053,0.02089366322938851,0.11365898223390919,0.026276556651016393,0.21215248245116475,0.02284163337380396,0.10603764313892584,0.059802553182996904,0.07929262048894575,0.03419462071077893,0.012715153096983886,0.14958268588671825,0.11730261187148877,0.18444224677760085,0.03113679629243459,0.12252495912844875,0.034210362222606545,0.08685234331831665,0.08684442825395526,0.10187193224047701,0.012087732820448055,0.08657086839348747,0.10328477219772461,0.09622246946358516,0.08577860073031916,0.0270145524300177,0.0027510090008349614,0.045200432058649556,0.1640993206899182,0.30124595258678216,0.08964431767445613,0.11523398534945531,0.0984254873172523,0.01530033495826165,0.07417031644006374,0.22105905987919588,0.037320078735145645,0.05686233393948718,0.07621505512326755,0.5570239156008115,0.062430280141366375,0.02049398507016983,0.05850393617212031,0.010336929883731765,0.027910207489554757,0.04521676151860069,0.01927693647622441,0.04462283994352437,0.08685234331831665,0.07379161689293162,0.05580781562436631,0.08377775022095811,0.002450277267931671,0.03277899940354323,0.020982432959834096,0.15427323840338192,0.1316345418035157,0.027910207489554757,0.08377775022095811,0.050749717000185206,0.03832618871610142,0.016686140188555895,0.08060394579563751,0.06557286050496769,0.052956487694236526,0.0316759563735845
rowId118,0.00424493197697294,0.025311766711087064,0.22290272665912386,0.20736683539202264,0.039463191802789024,0.004152926940190109,0.0649477681015009,0.09684750332021232,0.02317179731502134,0.08969943217494578,0.10667485251271967,0.0014734937643591185,0.13478958388347761,0.10667485251271967,0.06039117806019295,0.057715175115986395,0.046388466784095875,0.004799042885886919,0.0467562821725928,0.06070335427422454,0.1823869310687453,0.1860946727606127,0.014981903813317581,0.2186621908474496,0.07113296854299447,0.027606168990960488,0.05686995490855384,0.020321361358463564,0.3260595187431702,0.019663016356227418,0.028765196562273956,0.03727036506772215,0.03419462071077893,0.047113868993233096,0.14365904546732117,0.04370905553095802,0.21463072383043022,0.13990357565144373,0.03520400737034127,0.07755929807815137,0.03292973864397497,0.01612460411241117,0.3334925090390668,0.05469840484931965,0.1342836024757118,0.03887950188492328,0.04586860269306368,0.02239055797752867,0.3545963317289478,0.0348058819147593,0.03733659973021283,0.14871072430793672,0.07710103079442301,0.11730261187148877,0.08004269499961067,0.04292360038385886,0.012134930745230818,0.01473791567634694,0.02361421532171209,0.054822115843996516,0.22321178026943483,0.010399175499135192,0.07381480878488941,0.27036948105207664,0.1369968788708034,0.07993950078430732,0.012558098626810878,0.06557286050496769,0.08148668066719446,0.05735692628781611,0.03948408970897994,0.06415207462311867,0.08042163712152642,0.03563154151704626,0.15360233910270657,0.021423618077814347,0.057693300840760825,0.02116821400719217,0.013563499102358852,0.08657086839348747,0.05735554479919937,0.03086444059220104,0.03929745058332522,0.05130884486760263,0.012961469731987266,0.049024242005896064,0.030614514599098204,0.048619139107471364,0.13671306362195296,0.08892913104888106,0.047856065533528384,0.0329046009050689,0.2073555137067861,0.017672990361177764,0.08698319649927172,0.0779192497212779,0.06222357521808899,0.04070700659105985,0.012087732820448055,0.07710780672072709,0.16331513308486978,0.20341448967898124,0.05436874168032864,0.013570794622076622,0.01669423581904388,0.014956096707606049,0.024098780808221292,0.03292973864397497,0.0402292473641634,0.055422642859247175,0.027739673843593833,0.016137772223863426,0.009230952109465151,0.39546404121520046,0.11458761931764577,0.2523686063220783,0.05952281701584533,0.02562141734791899,0.03736430133007787,0.029985474340503245,0.07915161640724724,0.02419396447389655,0.07262101302967139,0.02696476681248785,0.07114096024572565,0.04589467591825148,0.07963498296649549,0.03832618871610142,0.055084569082919255,0.12562638679141755,0.05436172829632793,0.1696726005404289,0.010987912659858455,0.06216262999539586,0.08907090607325127,0.02281560115399537,0.07090457711116659,0.02351782199413517,0.10187193224047701,0.06844674841574178,0.07864944924210476,0.017072460048859595,0.15968786781821426,0.1367338401089776,0.020598295357288864,0.27417998480996597,0.03674381607780177,0.15673013638471428,0.07797456036523379,0.0699128580206811,0.13315991708683086,0.03299054287185349,0.03991607894800064,0.03334952467146852,0.014415037939537852,0.017998176002266903,0.022198968675706938,0.013003491916629327,0.0845594630992321,0.17172641547838768,0.18283152742229947,0.045200432058649556,0.06860051948882322,0.19277381183983736,0.05379965376413866,0.03983635869480125,0.03253960227038006,0.0738920103499353,0.12138970524070905,0.06457918226837461,0.04102533692048867,0.08425381116818527,0.18666027209475722,0.013484203769131214,0.07584865320171244,0.10618502505903259,0.16592845940929335,0.015170411416985165,0.012161449214596332,0.10879308328872195,0.05735554479919937,0.17158028346212587,0.025174039322353518,0.09116752982577415,0.03832618871610142,0.1932187420887361,0.035056425684755754,0.0793443096543359,0.0421658790621041,0.054938895266455595,0.19629602978222907,0.01660390198358485,0.020247981163211536,0.008203217482846543,0.0772783426344131,0.062430280141366375,0.0362394855462694,0.13162212883887994,0.06896073906595404,0.2073555137067861,0.06457918226837461,0.24358307554122477,0.06679846799465182,0.04921266724526593,0.2251822106904705,0.02012066757282389,0.04615051968663605,0.032952065867482595,0.11593151931672963,0.022964712006800666,0.022197490518024013,0.0325779914417661,0.1911796698425654,0.020386609431187586,0.03294574279750345,0.11907757489265196,0.041436914536371376,0.06375824879173388,0.027606168990960488,0.07445848668361738,0.07864944924210476,0.039295265544470714,0.020756155523585302,0.06064146875180415,0.01907033912262752,0.22321178026943483,0.04952331415873677,0.042261196458572674,0.03588597300280466,0.06644712560729071,0.1427773981478607,0.039876557026929625,0.26149081198054147,0.3428503142213519,0.04095910770721359,0.03134987981722057,0.1309239724605942,0.1295383910867325,0.06750050498598165,0.06215243224595004,0.18870426167675433,0.2606536427728311,0.03563154151704626,0.13829512470271474,0.05399159008563422,0.023705378825243036,0.0630038274757027,0.01348667430785373,0.11338932753021252,0.11512592140157864
rowId119,0.3771672212472896,0.07152735509648726,0.08377775022095811,0.10751684760680322,0.002121882473025589,0.1798948556160159,0.09841710633466864,0.03256549912379051,0.1364791135843468,0.03590586360127347,0.0337456475259338,0.06556312471448641,0.11266209052558614,0.10398192488485646,0.04107797825956584,0.014878934411381101,0.004799042885886919,0.2553151597134402,0.027146168235100094,0.026146505080541723,0.056891079170697266,0.02012066757282389,0.12607267965372257,0.025817662585343973,0.10186479796660679,0.018979402176076767,0.01669423581904388,0.4100194020764493,0.04990213832453254,0.14529841026851467,0.018979402176076767,0.03319675917204851,0.04909027753160908,0.03885148803211316,0.10738461346976483,0.08195793823383195,0.027910207489554757,0.0329046009050689,0.02447860325380291,0.0899400568571098,0.058487495737945545,0.041846755170547624,0.15673013638471428,0.07209222732767491,0.02840389634552638,0.07865097944924848,0.12972031364053122,0.050749717000185206,0.2417907223928248,0.0536970880051042,0.0465363904616811,0.12252495912844875,0.04820576052431156,0.07197347829236062,0.3037920355828678,0.07720896244367571,0.062888714605575,0.23303426545035244,0.10874647795539916,0.02466226316757737,0.020598295357288864,0.49528609136595186,0.3175120038808173,0.03681645588138558,0.07023972692722037,0.11772017342388433,0.11362113880128479,0.35371062299421097,0.06860051948882322,0.024663062392871464,0.045581527511999786,0.021067898405439718,0.06515893991520305,0.007269746988188503,0.19320656892222257,0.02313783907768579,0.032952065867482595,0.055466322071612284,0.06262632535208257,0.261655810195167,0.07467052724840187,0.10904500645234083,0.024365487239746613,0.15227726780942955,0.01530033495826165,0.12211806068723663,0.03359679780667776,0.016973271370151134,0.06644184695473425,0.05661462709928093,0.053866987442392295,0.07942359275213501,0.07381480878488941,0.023826594959694768,0.03386979239732146,0.16426708102052753,0.10430790309244155,0.10279955933541127,0.13074656879043367,0.05513978848235159,0.03948408970897994,0.005745803733773644,0.0823375638533397,0.08517001339279531,0.3064858950054413,0.15863599133732575,0.057214840644141694,0.1518192802005353,0.26149081198054147,0.1655563823290761,0.03211573957942239,0.08244247697781007,0.09165802437935143,0.025355727280114457,0.10477976030004915,0.17966692845076357,0.07710780672072709,0.05882174479512728,0.1647014841231385,0.031559092364981736,0.26881345614637076,0.03854164996678236,0.06496844226399118,0.06303752745103712,0.34891311677638054,0.025031390642341268,0.10565873408288223,0.07792447873124378,0.08907090607325127,0.19039423461709837,0.04647464526117058,0.1357760968140226,0.059480149237931254,0.025024671166916177,0.04276085660505043,0.18978437954448157,0.14311180265807422,0.05354673072017464,0.09704550650974093,0.15967368453543784,0.18666027209475722,0.0035574907143634156,0.016980287233531125,0.056891079170697266,0.13554704684960045,0.0584438991170054,0.024663062392871464,0.010467376051495317,0.12138970524070905,0.12410549086147098,0.03849441112147166,0.04132392199381643,0.06297106234016792,0.17966692845076357,0.11460330998056277,0.03736430133007787,0.05370653215934189,0.051075750530004446,0.20857655664498323,0.12626963953472042,0.0395962715405713,0.022901702888118634,0.1404080633955328,0.021580403233670803,0.10402096773709571,0.027606168990960488,0.16190114586296384,0.025392678101793305,0.03681279137599688,0.3594849603243823,0.061302009339381985,0.045376733613794906,0.0026465754916795395,0.08406858724476178,0.0181559662694938,0.11460330998056277,0.13671306362195296,0.02696601461760173,0.014257324378410534,0.1297611414039591,0.00866723760616279,0.09857740111087837,0.0899923145289757,0.13357245140683496,0.01669423581904388,0.07075565832710061,0.09519306227719453,0.18003070762950393,0.10294895835231888,0.0325779914417661,0.007131961602682052,0.01915352288157754,0.06316832941713058,0.023992342584586136,0.0270145524300177,0.08855830640387612,0.05886391966927162,0.02840389634552638,0.013081264351617305,0.1500421363925138,0.03832618871610142,0.12380179439755364,0.05670052168664793,0.026585059228289947,0.18779475819152228,0.017273800303183713,0.05196947250218702,0.005745803733773644,0.25169580570047323,0.04589955972427422,0.034192443862057706,0.3162993595987294,0.020345966248878473,0.019663016356227418,0.026276556651016393,0.09622246946358516,0.06070335427422454,0.07074577782997114,0.009230952109465151,0.017128430737049664,0.013725977296703391,0.21384661491077844,0.05081679252632302,0.02347907098441795,0.584049185076163,0.26913692879840234,0.017923659099580245,0.05248745394216506,0.09950116357986438,0.060137038670072376,0.0201585408420951,0.07876470710772351,0.15525086444828687,0.13554704684960045,0.06922884638999138,0.09975901395039075,0.05453101905055259,0.06321851305053366,0.03530730558576696,0.12562638679141755,0.03727036506772215,0.04491749837502824,0.11061162161675382,0.3197689405850322,0.0031098328052653304,0.03924490953398031,0.1037583457617435,0.07090457711116659,0.025333958859089768,0.12211068626932499
rowId120,0.03648124451396212,0.02281560115399537,0.027663159557689426,0.0874903467327799,0.0628343017848615,0.15785882849713337,0.06584732067285312,0.23672554762405443,0.06458494506397139,0.010336929883731765,0.18978437954448157,0.031089106207021117,0.0987284859740227,0.04759092305037301,0.04471466947688636,0.06460373209232116,0.17042579593926416,0.2394309350208083,0.20341448967898124,0.03759004280874613,0.04809396790315217,0.005005215016144767,0.08352530227143147,0.07785515459993708,0.004252289108198878,0.04727763522576811,0.031193985106960725,0.03277899940354323,0.016358000002096352,0.1445201601817003,0.09519306227719453,0.2496359041853222,0.4140068328953792,0.09593659412577094,0.08154620190035185,0.05694070031043384,0.010071064154334532,0.06421392437529953,0.04036084414354057,0.09703680934456076,0.06629030525291289,0.0429850759827676,0.09599121761833428,0.1357760968140226,0.015170411416985165,0.010394252366224313,0.034746682318480944,0.10334672978344611,0.1562688333715234,0.059802553182996904,0.02733218066286086,0.10197873909666125,0.050749717000185206,0.07241697745172099,0.18894688715902186,0.07114096024572565,0.1233723421551813,0.03520400737034127,0.026483930919803868,0.18449154832084794,0.03775970949684174,0.024365487239746613,0.16340254510766541,0.03666282831631107,0.05740994371397918,0.02264041966360618,0.052405226629760854,0.07482193533990962,0.053552928875930855,0.24009752942176518,0.0030499094301360435,0.014257324378410534,0.014860908062084252,0.014019535842511229,0.09519306227719453,0.172012297833012,0.06306523644878903,0.030153517681651424,0.2333867513310674,0.10854730204208571,0.09555741616989258,0.02555328322910774,0.21134613596198915,0.09865414033922758,0.0362394855462694,0.043430434770496025,0.0905182719978466,0.0643135158345426,0.27926771393662286,0.05037667855411855,0.08600653786498069,0.002121882473025589,0.11077466046246393,0.11710710220545238,0.03357781202869811,0.0474565992792932,0.047921103849625876,0.021423618077814347,0.12441356900095034,0.0824477990648991,0.08949112162957971,0.04921266724526593,0.033301821495489534,0.08135120198795744,0.0429850759827676,0.03666282831631107,0.09427147148233736,0.15607134131012784,0.09869680188678473,0.06791251188713673,0.012216891820285111,0.25635908080830144,0.09760076578435951,0.03612476729242831,0.10203295344644954,0.09888230924825035,0.18186820160151645,0.21326958176696714,0.1490411053187102,0.07915161640724724,0.055256227649755706,0.08966850965032691,0.36799292665354805,0.08654471896219404,0.03875353309490299,0.05758175040859915,0.08195793823383195,0.1445093638682014,0.10724947234195165,0.010581444816286216,0.10131679962040124,0.06262632535208257,0.07922861220116825,0.23095548830597412,0.021055835138022262,0.017800098837098807,0.1233723421551813,0.03561139959328582,0.03808331619262089,0.3228831316963086,0.0330249773605309,0.06207113531016131,0.05850393617212031,0.14011744072666557,0.035056425684755754,0.13091803247248263,0.020529509358829346,0.1052622382613658,0.11242857206816594,0.08712547088757225,0.19016002304180096,0.07584865320171244,0.09206805513314008,0.13478958388347761,0.04647464526117058,0.05260097431677552,0.03134987981722057,0.15962122246056037,0.03786621570464605,0.05330037918976837,0.0533719563635346,0.0017202596135649285,0.15967368453543784,0.09225130635784731,0.13621507646855882,0.04305512182419307,0.2073555137067861,0.04267621179097056,0.03947508985661001,0.12912460435442497,0.047856065533528384,0.04589955972427422,0.06588276610283748,0.07279057382105315,0.0329315213687575,0.08970041153957714,0.0735112610680996,0.14718307939982944,0.3194174998259263,0.12507654866951376,0.018979402176076767,0.3545963317289478,0.023849798036602254,0.08230037117986294,0.030387354680054202,0.15388354988563785,0.041996588786748404,0.1581044432373948,0.07400884668123524,0.18758162931895178,0.0618648465896002,0.06262632535208257,0.043406971336301,0.0016584474346639983,0.14939398150028746,0.19054168358611942,0.06302210618487246,0.021922161283611755,0.025327660444154753,0.1215872123146998,0.3064858950054413,0.0554855060325719,0.04094085519318643,0.02733218066286086,0.02774020260628076,0.004252289108198878,0.12131608126838168,0.0313772043267731,0.0792544397720208,0.016973271370151134,0.0533719563635346,0.08964431767445613,0.0755963524074938,0.011030822511195562,0.30124595258678216,0.03544353092451041,0.15530946107413995,0.04222978811763968,0.2534575377415102,0.10667485251271967,0.16677513400863042,0.13478958388347761,0.07037493381792351,0.02857897095131983,0.1500421363925138,0.36799292665354805,0.15664252575486765,0.014951362342960125,0.09330931421783428,0.0785721462772907,0.24207692773610648,0.00469153133525907,0.07185214553071906,0.06250205948427942,0.0016584474346639983,0.06306523644878903,0.045922997763917076,0.05758175040859915,0.039876557026929625,0.1860946727606127,0.15326340587523377,0.10440381610333906,0.028067500025218257,0.09510173084686854,0.19320656892222257,0.057346481122152716,0.052153667803229845,0.05260097431677552,0.3175120038808173,0.36457726444627037
rowId121,0.07956170583697932,0.12228666395372358,0.22961718615419324,0.10085216866489953,0.04759092305037301,0.06075676659749816,0.10039594338350237,0.10394473113420492,0.0406149742766575,0.05147005307257128,0.06650081836383148,0.045360789929056525,0.013081264351617305,0.09812427323413456,0.02765053618110973,0.011353764515775563,0.02447860325380291,0.18283726985167884,0.03113679629243459,0.07805267957088467,0.33091766808774714,0.06744074606654175,0.022573770900477633,0.08226846302831745,0.03735984974308029,0.15785882849713337,0.02452123900545794,0.04509791694775669,0.025720319365882233,0.15627345005088242,0.10981751210074983,0.06031646013147246,0.007131961602682052,0.11512592140157864,0.08148668066719446,0.06408883949666411,0.16689987759202496,0.009230952109465151,0.024663062392871464,0.04219281776284814,0.11772017342388433,0.03905296466375901,0.05220606181220708,0.16331513308486978,0.06303752745103712,0.04095516332527793,0.020247981163211536,0.04102533692048867,0.054129586089871874,0.05365236410491182,0.08855830640387612,0.03351405703448733,0.05307977036299651,0.06149509908870966,0.059802553182996904,0.19690434088246628,0.08425381116818527,0.07400884668123524,0.3028211805111555,0.02815537823506851,0.10203295344644954,0.0838457233068345,0.01987491124064308,0.05360222657306117,0.14454419744297103,0.006801340860506317,0.0904686580562412,0.06744074606654175,0.24207692773610648,0.16841652266777207,0.044667915145341616,0.03899315372958534,0.18249217498805528,0.27036948105207664,0.048619139107471364,0.06267275232069118,0.3028211805111555,0.09835796675412416,0.09206805513314008,0.08577860073031916,0.14003920305160011,0.06207113531016131,0.03578457377357328,0.11174286545708143,0.027492306065426773,0.06082818198831625,0.051853501696350786,0.04185138268959872,0.0024735841903112434,0.07586344697981773,0.02783085768444364,0.21475093122862896,0.016754799503522624,0.06421392437529953,0.0441892550832111,0.2642019076465018,0.1111333338491525,0.06111234514641131,0.08048125822188523,0.028303357240390212,0.0689993063277523,0.10751684760680322,0.0968109961971932,0.040245610853556525,0.36368055324122,0.021157916276166023,0.261655810195167,0.057214840644141694,0.037320078735145645,0.027046187939357282,0.030396685805813638,0.014661684040514657,0.05295063780666251,0.17638672838815636,0.16638812160611435,0.03137587953540144,0.06303752745103712,0.04820576052431156,0.1596607802709601,0.04370905553095802,0.06201881903401059,0.05104160610971572,0.027663159557689426,0.03007671168660523,0.055217181988922066,0.04435980035507822,0.20537268538925627,0.013003491916629327,0.01669423581904388,0.45997384824528237,0.01512409783235807,0.15525234849131536,0.09841710633466864,0.0536970880051042,0.07797456036523379,0.051633899716894936,0.09500916353817297,0.2417907223928248,0.1125644642390023,0.07584865320171244,0.048884152836856834,0.03518168490499371,0.09769224153143184,0.35546825740553917,0.017630175192375756,0.25881898426779637,0.07580490169761156,0.09487925635320633,0.024663062392871464,0.1037583457617435,0.06922884638999138,0.20989097606091836,0.07922861220116825,0.18978437954448157,0.056891079170697266,0.07278167971079125,0.3197689405850322,0.15346551334662537,0.062045093156662276,0.05088840639974515,0.033220339547255416,0.027910207489554757,0.08964431767445613,0.15835562061705558,0.08685226182184991,0.1042569366773471,0.008203217482846543,0.06631257114977637,0.10874647795539916,0.08963884549822916,0.07844066975234061,0.024871013115369402,0.03666282831631107,0.021151515504727717,0.001160583601150869,0.3194174998259263,0.04809396790315217,0.2219849138281642,0.08895253341747135,0.055256227649755706,0.04816170391689469,0.12138970524070905,0.005617077720564275,0.07886327830220485,0.033106713589935485,0.03277899940354323,0.11836588863489117,0.035260075015522224,0.04734445323783841,0.08895253341747135,0.12228666395372358,0.031559092364981736,0.0890191691639798,0.09880416150985406,0.20341448967898124,0.05371547389741796,0.03217564722898496,0.04300577383145825,0.03084410864312551,0.27417998480996597,0.13671306362195296,0.023992342584586136,0.08425381116818527,0.0699128580206811,0.03256549912379051,0.02760353810210546,0.07666916063144738,0.11294952971498579,0.062123878833392175,0.04385903655213013,0.13829512470271474,0.06113316301368413,0.07197347829236062,0.2091523714731809,0.12912460435442497,0.11598418326398066,0.09865414033922758,0.19435376875942542,0.027492306065426773,0.0505517010170282,0.06421392437529953,0.0656170881376967,0.06264437487725902,0.01046299191267717,0.05334765586927046,0.21384661491077844,0.09897951380933881,0.042261196458572674,0.12626963953472042,0.08614679481226657,0.1911693802116228,0.04744942273940095,0.030996936519047814,0.17822411405818522,0.013409590494440833,0.06693039258088294,0.01973453494446283,0.0439131798692914,0.0245809366740213,0.25881898426779637,0.028010747977871408,0.1321701883802027,0.06791251188713673,0.04036084414354057,0.02999614690083302,0.04071275281232493,0.06455453056223481,0.048464710066720464,0.14147342497775015,0.02002957821666919
rowId122,0.0329315213687575,0.08079817537731275,0.06220922433133476,0.21384661491077844,0.00193613108216705,0.23725070138533247,0.1246497705187889,0.08230037117986294,0.2111621141291003,0.03885148803211316,0.06867273616548764,0.09869680188678473,0.18057994137607258,0.10249062815394472,0.03887950188492328,0.03321758702491373,0.0522210458533132,0.019845656749530753,0.261655810195167,0.055615668272831646,0.016754799503522624,0.014772500230663017,0.06839934237827247,0.18173888180230333,0.05486084811073825,0.05696289288454036,0.09699257399247305,0.08685226182184991,0.12450729421284275,0.22840368924551568,0.01976819149240272,0.140959726596463,0.08214468497383062,0.024377994979228636,0.12211068626932499,0.05104574543442532,0.09280744993744025,0.04322238139507759,0.05486872498828684,0.054822115843996516,0.030439379557517934,0.0348058819147593,0.11538145086578852,0.07329327435539988,0.13079995882111786,0.002786736453702084,0.03674381607780177,0.11402459448067369,0.36062337047888127,0.10605325488426509,0.03514465642276618,0.06828300839267314,0.07113296854299447,0.10186479796660679,0.10290633734405875,0.060446261739116706,0.1640993206899182,0.04375041821232045,0.1185385584173658,0.11124057942966953,0.09074726331961366,0.022190818518236684,0.051687603420260464,0.08326537255041222,0.16592845940929335,0.0025689959322691643,0.24562228218208193,0.0399806288070988,0.018844236993921484,0.058797927090255935,0.03324955615323629,0.07915161640724724,0.1674209607725292,0.04178727469312611,0.04586860269306368,0.12347727137335505,0.14812399391349337,0.030328569389991258,0.0907346183323277,0.059236462286335244,0.07117919171599127,0.055251470079924085,0.060795326079078026,0.05259667703816095,0.019315778665033825,0.24358307554122477,0.05212729291658361,0.0069603434554135245,0.006885013636356038,0.032818997701746046,0.04570153127571757,0.0270145524300177,0.023702634221545157,0.03948408970897994,0.08135120198795744,0.025817662585343973,0.3162993595987294,0.0507553338290804,0.034867962672411844,0.11594780990046437,0.06203825029697983,0.021055835138022262,0.03561139959328582,0.30152961729774447,0.1382327865214983,0.2776265708225612,0.04809396790315217,0.09869680188678473,0.1342836024757118,0.26279658803543204,0.05735692628781611,0.0785721462772907,0.031868410667312,0.1364655702278823,0.021423618077814347,0.06345286629684944,0.22380058753779314,0.1445201601817003,0.07586344697981773,0.18758162931895178,0.15360233910270657,0.042797119164057644,0.015960476247937345,0.17419125449951103,0.04210500574751806,0.027531620896947936,0.08164072362909384,0.15086271529609083,0.020247981163211536,0.09869680188678473,0.11458761931764577,0.07584865320171244,0.057983344683024504,0.07730301579951251,0.05608147292049057,0.18541752096511707,0.10038473659025345,0.1788227873389219,0.042797119164057644,0.1342836024757118,0.07058851242365444,0.059194134118890046,0.05449139133272031,0.03007671168660523,0.058260940532916396,0.020889833352379115,0.2776265708225612,0.04910280909990828,0.12481380621321259,0.11245629191416737,0.1364655702278823,0.017998176002266903,0.2186621908474496,0.030439379557517934,0.018639036263385752,0.0749770436991232,0.00193613108216705,0.3175120038808173,0.11402291709174132,0.0360755870758148,0.10904500645234083,0.0052680624270637945,0.03544353092451041,0.14871072430793672,0.09097591582361568,0.191928510251779,0.046092288886077,0.023303430075389122,0.04078779991944996,0.1779344105324831,0.06201881903401059,0.39546404121520046,0.17005480488327893,0.27298330321199804,0.07075565832710061,0.012095021669586549,0.00469153133525907,0.09699257399247305,0.042797119164057644,0.06486139555434021,0.04516920421558451,0.01988249542172972,0.024124754485251945,0.02378384434336071,0.07913518569135433,0.02696601461760173,0.05037667855411855,0.04952331415873677,0.04083088049915265,0.07865097944924848,0.3715749938643185,0.09018835436075119,0.12425308649778367,0.05104160610971572,0.08654471896219404,0.16613313457885215,0.028547592901568733,0.07426990010622855,0.08969943217494578,0.03540866522579982,0.11338932753021252,0.11027956864797933,0.05978660310536649,0.11530079725414541,0.06455453056223481,0.030086858276874,0.0857171521604164,0.02999614690083302,0.035205111859481865,0.18896364773024418,0.06113316301368413,0.016754799503522624,0.02263917793753184,0.09199831259661723,0.0785721462772907,0.00569868141837213,0.06031646013147246,0.13091803247248263,0.09703680934456076,0.07734764030560726,0.028715490854207354,0.058797927090255935,0.04213882884517572,0.09051342413235951,0.08008595999373899,0.0536970880051042,0.16710876139780362,0.22840368924551568,0.01895455216864403,0.03231724629731043,0.12321405941938406,0.10155896546150484,0.015701948111027837,0.0845594630992321,0.03544353092451041,0.020350234254141973,0.07586344697981773,0.14638398611707923,0.03307704851652938,0.0874903467327799,0.07627885643610594,0.022579196739952512,0.05511425938721453,0.27417998480996597,0.009873194535136116,0.04036084414354057,0.027663159557689426,0.036291896834200026,0.04806025016521924,0.11124057942966953
rowId123,0.021055835138022262,0.06435750665381641,0.18057994137607258,0.06750050498598165,0.10394473113420492,0.03929745058332522,0.08855830640387612,0.04463339559281491,0.02613129831130594,0.15664252575486765,0.060636570386870495,0.03735984974308029,0.014716686096325607,0.0361999467180642,0.09487925635320633,0.10138195455992095,0.09865414033922758,0.0845594630992321,0.07993950078430732,0.00723332362833648,0.33091766808774714,0.09939811435029541,0.03518168490499371,0.38875735910827086,0.06134922898764997,0.07228921937305575,0.05886391966927162,0.02562141734791899,0.11186074983563712,0.14952523046457591,0.11625513295709856,0.04256926151243291,0.047921103849625876,0.03782898930479036,0.08352530227143147,0.10575797204979392,0.0337456475259338,0.08569440272150812,0.09438867908508199,0.05740994371397918,0.04595539194754334,0.09734795100242262,0.030439379557517934,0.03726148697091725,0.004317486260476565,0.17849674179298197,0.04727763522576811,0.1879263109057972,0.012961469731987266,0.0245809366740213,0.05991102424496552,0.06175482815656476,0.016754799503522624,0.15346551334662537,0.10874647795539916,0.05130884486760263,0.14113352939866172,0.09279965872048816,0.22080184262869307,0.08445385072126431,0.14040186023070478,0.04463339559281491,0.02623006659696883,0.09975901395039075,0.0026465754916795395,0.019092016924790765,0.045200432058649556,0.04128466076665463,0.1354156656773594,0.11077466046246393,0.13315991708683086,0.03924490953398031,0.07117167890071133,0.08583343789693548,0.07400648649450245,0.022901702888118634,0.012587335184230724,0.1063164309380385,0.054214800583152645,0.028943925314967582,0.06103237777299579,0.2507306932863154,0.09340039086107733,0.15967368453543784,0.09599121761833428,0.04455737455271466,0.3175120038808173,0.06313882087780895,0.20397206245230323,0.24358307554122477,0.04909027753160908,0.0628343017848615,0.195916188529966,0.18249217498805528,0.12563750103973415,0.05991102424496552,0.2386319475261509,0.08826146903160012,0.07278167971079125,0.1563681993870599,0.028358287807441887,0.11443541100529811,0.3093554490731001,0.063784276915804,0.014772500230663017,0.14687038373156372,0.07942359275213501,0.021241772437108286,0.015170411416985165,0.004332332792757682,0.12236543073654657,0.017072460048859595,0.04491749837502824,0.02635623173074948,0.13323971897869835,0.0490597499275445,0.0876026134183375,0.057350477925272175,0.07262101302967139,0.14764441014550456,0.04455737455271466,0.0643135158345426,0.005617077720564275,0.09835796675412416,0.02002957821666919,0.020807297962228015,0.013563499102358852,0.0069603434554135245,0.03288713675441889,0.07006921752847214,0.07865097944924848,0.26566501185002683,0.019845656749530753,0.02481288025966938,0.07131261226026689,0.08545342411244973,0.017800098837098807,0.16870580819916503,0.07006921752847214,0.03211573957942239,0.0471885983259131,0.03935005438836094,0.021328364187053844,0.06377588926060201,0.06556312471448641,0.11755973381021978,0.06375824879173388,0.20537268538925627,0.11273450456651479,0.019496038612461016,0.252546345387661,0.035260075015522224,0.0360755870758148,0.03523405384106503,0.10670357252879333,0.11338932753021252,0.043406971336301,0.004332332792757682,0.12361762312368559,0.034695106210996585,0.1563213946479865,0.07037493381792351,0.013484203769131214,0.026059042153095482,0.052956487694236526,0.034058891602593,0.03004152838787338,0.14343504384091949,0.01988249542172972,0.02660472372197752,0.05109981097667743,0.0627691656825544,0.01976819149240272,0.26566501185002683,0.02273898861418235,0.027892269653222723,0.10934531532203123,0.08738340122130314,0.20428805750621565,0.13066122595384033,0.052956487694236526,0.04589467591825148,0.021151515504727717,0.013003491916629327,0.0541445986603901,0.06377588926060201,0.0329315213687575,0.0673440682358704,0.2507306932863154,0.037452485883362904,0.057350477925272175,0.023054019550028122,0.07882916111607614,0.028303357240390212,0.03854625184302271,0.045200432058649556,0.019892428173312823,0.10155896546150484,0.05240819850123343,0.023054019550028122,0.06557286050496769,0.10440381610333906,0.09543761332904574,0.10670357252879333,0.019194145876443882,0.06408883949666411,0.030153517681651424,0.10337740311861805,0.07170174788096212,0.05623017099871448,0.1767565322514853,0.025311766711087064,0.034370664243488024,0.08949112162957971,0.022234943294891715,0.045616126317840226,0.18694592172753058,0.017766762353292203,0.09857740111087837,0.03056710604675929,0.108774467065854,0.053126077928174774,0.0673440682358704,0.06629030525291289,0.011353764515775563,0.11174286545708143,0.04176343650280099,0.057214840644141694,0.05991102424496552,0.020064425577496253,0.11362113880128479,0.3681248789730256,0.056111954907429595,0.038971085005950805,0.09812427323413456,0.07853026456257887,0.07785515459993708,0.008660115293498229,0.10806418965376709,0.04130264847584571,0.13990357565144373,0.1178912662492186,0.03563154151704626,0.19822721863685178,0.030439379557517934,0.1090167930446169,0.012558098626810878,0.04132392199381643,0.15525086444828687,0.11588311427078586
rowId124,0.025720319365882233,0.02452123900545794,0.04485720077955179,0.10398192488485646,0.053126077928174774,0.040202306975338144,0.0542228987442999,0.04346231377022084,0.1316345418035157,0.027146168235100094,0.05670052168664793,0.018275824150812713,0.014635708471241923,0.1279124781470182,0.0542228987442999,0.11730261187148877,0.0429850759827676,0.06297106234016792,0.06926103601658354,0.03350840518769029,0.051687603420260464,0.1323334003157555,0.08635270049928916,0.13005508638955907,0.09835796675412416,0.10874647795539916,0.0441892550832111,0.0987284859740227,0.045791771541429424,0.009873194535136116,0.22664699653928227,0.05469840484931965,0.04595539194754334,0.021654483572879402,0.06468796458830008,0.03589832647286954,0.02399030813264455,0.09888230924825035,0.4999321195827659,0.02520256731126624,0.09855186215742719,0.01387351467132388,0.0415090335415429,0.1283805700797791,0.1141660897894949,0.05848213623398934,0.016588984493490472,0.00588991757559099,0.10874647795539916,0.10996811052562744,0.08008595999373899,0.03518168490499371,0.39546404121520046,0.027663159557689426,0.06556312471448641,0.05436172829632793,0.14113352939866172,0.03733659973021283,0.06605031758532445,0.10006566146445842,0.10618502505903259,0.052083190847696914,0.03418437605602435,0.07228921937305575,0.2091523714731809,0.014772500230663017,0.04485720077955179,0.12121331241289607,0.07708572147077516,0.13625357738901228,0.11432857919387622,0.03127487733751449,0.027167382687697555,0.025327660444154753,0.13671306362195296,0.10670357252879333,0.02999614690083302,0.06103237777299579,0.07279057382105315,0.019127231002087627,0.07278167971079125,0.03502074766405762,0.05240819850123343,0.13022584200540502,0.015335599796271132,0.2776265708225612,0.03467003182642679,0.09555741616989258,0.01927693647622441,0.02953407343919929,0.11338932753021252,0.1490411053187102,0.025197618312624327,0.007269746988188503,0.12219537683003356,0.43441487236169335,0.02580952453634657,0.03563154151704626,0.013845486774718425,0.11836588863489117,0.13886235682904702,0.0890191691639798,0.10729126503837018,0.07079673407993524,0.11477596273895989,0.06196559736719907,0.34567410193402004,0.05861421065705314,0.022964712006800666,0.16556059057061148,0.015258459652880734,0.05210881518392313,0.03548375469695007,0.02352782975286913,0.04078779991944996,0.3428503142213519,0.05618891157550481,0.012802176579163431,0.0009565827979865296,0.03788775710543377,0.14896969453060246,0.10444233613991619,0.2219849138281642,0.07922861220116825,0.07851951477554499,0.010071064154334532,0.1779344105324831,0.015469941711065378,0.20146058500594796,0.10426991559030556,0.08892913104888106,0.21386519591590655,0.07031572056692838,0.017923659099580245,0.025100142065157392,0.10039594338350237,0.028765196562273956,0.0779192497212779,0.19186399792315867,0.07993950078430732,0.0421658790621041,0.0754669708164873,0.10670357252879333,0.03848727934251136,0.044860885474410195,0.11061162161675382,0.026274800215107787,0.06053130067514153,0.25635908080830144,0.027606168990960488,0.02710899991417163,0.05330037918976837,0.10854730204208571,0.022386710360606483,0.06297106234016792,0.03351128377193219,0.0019743672866612385,0.07913518569135433,0.0362394855462694,0.03425876494478175,0.17600648064578514,0.2186621908474496,0.06090742961770446,0.11618044237816691,0.12481848783605332,0.0024663782729773404,0.1279124781470182,0.06675030899708037,0.09300221264141717,0.2364005381988082,0.05357940536723349,0.20540485068688014,0.20874618180906124,0.1957036499749003,0.020756155523585302,0.052153667803229845,0.0793443096543359,0.001393729645481836,0.045795797598099486,0.01907033912262752,0.02562141734791899,0.14399552386602338,0.22628529374863732,0.24562228218208193,0.08380283722038466,0.08164072362909384,0.1824389242971646,0.014257324378410534,0.09939811435029541,0.028154251193438836,0.04322238139507759,0.2507306932863154,0.04070700659105985,0.030153517681651424,0.012023196246579756,0.012382517878824474,0.18583451268168535,0.10426384688641321,0.023826594959694768,0.014415037939537852,0.021035279389131245,0.1647014841231385,0.08938470287517632,0.12251165950289139,0.0313772043267731,0.123826265711517,0.07197347829236062,0.07586344697981773,0.04471466947688636,0.028599325313790534,0.009482827252723503,0.013653968348247239,0.0035574907143634156,0.04078779991944996,0.02263917793753184,0.0536970880051042,0.12236543073654657,0.04645193071360075,0.05991102424496552,0.049744736908177364,0.22290272665912386,0.0772783426344131,0.03737447382194406,0.04305512182419307,0.05305495148621203,0.049744736908177364,0.10874647795539916,0.04506801982299781,0.21095702757387483,0.1873828912940007,0.05686995490855384,0.3182529286418399,0.035617739209091205,0.026585059228289947,0.0755963524074938,0.043071005021486634,0.05940037972146779,0.1381458096349222,0.03924490953398031,0.07486977280851757,0.1115905840203343,0.22380058753779314,0.04570153127571757,0.10076413849603529,0.11124057942966953,0.1364791135843468,0.013409590494440833,0.03235682904790616,0.06291784212017582,0.020386609431187586
rowId125,0.05330037918976837,0.5241880850131344,0.10786140375021272,0.03351128377193219,0.02278187826579537,0.10197873909666125,0.018432099923438347,0.037558283967565914,0.01988777446856482,0.02264041966360618,0.029274926692899546,0.012161449214596332,0.08738340122130314,0.015469941711065378,0.016588984493490472,0.22507450032489837,0.08214468497383062,0.07079673407993524,0.04070808234821544,0.09769224153143184,0.15967368453543784,0.25169580570047323,0.07929654641953629,0.01387351467132388,0.0361999467180642,0.12562638679141755,0.13621507646855882,0.12481380621321259,0.13005508638955907,0.038176370151236406,0.03678678295654137,0.1479456936785445,0.031798389482455613,0.10751684760680322,0.17530093677818082,0.0722395239920576,0.0030499094301360435,0.015165196934626564,0.20959641478555013,0.04190173012996835,0.19822721863685178,0.1779344105324831,0.004799042885886919,0.123826265711517,0.12131608126838168,0.07800111967087671,0.07075565832710061,0.06468796458830008,0.33734359445085255,0.025160760491888617,0.015255115808022152,0.00469153133525907,0.09116752982577415,0.06115579624633521,0.1334709007063108,0.057693300840760825,0.04892163518420947,0.07467052724840187,0.17327047237633048,0.007615392198972024,0.05248745394216506,0.024245729366474,0.08738340122130314,0.04203818600440162,0.05880646563927412,0.33918533192477185,0.04917032852208639,0.07005594247260512,0.14825661287507363,0.03357781202869811,0.03530730558576696,0.07152735509648726,0.04463339559281491,0.022573770900477633,0.1563213946479865,0.019663016356227418,0.07482193533990962,0.14668917981254953,0.1357760968140226,0.23095548830597412,0.2364121131322201,0.18894688715902186,0.3391137012024435,0.013081264351617305,0.04463134321514318,0.12252495912844875,0.042797119164057644,0.03004152838787338,0.14112762206315058,0.2670740704633735,0.06316832941713058,0.047921103849625876,0.08517001339279531,0.059802553182996904,0.26913692879840234,0.0395962715405713,0.08214468497383062,0.1754565304756922,0.16710876139780362,0.1655563823290761,0.0035574907143634156,0.21415924083222407,0.1037583457617435,0.03235926346470298,0.19512175973379914,0.11963798953386495,0.07667281301684715,0.049744736908177364,0.034865189638133724,0.051770520819839676,0.2548275354194706,0.0594686421835955,0.14716545133457043,0.06496844226399118,0.14933438258730217,0.0190519723518334,0.0618648465896002,0.09835796675412416,0.12211068626932499,0.05390023838106589,0.14812399391349337,0.1615715416251067,0.05109981097667743,0.0899790526173496,0.059236462286335244,0.1078497759557763,0.039872841557605905,0.014257324378410534,0.0823375638533397,0.07963498296649549,0.03899315372958534,0.03530475507284041,0.09703680934456076,0.0397050772708996,0.034509813976437216,0.05472964640721986,0.10996811052562744,0.02002957821666919,0.034370664243488024,0.1868962350416429,0.1052622382613658,0.028912686395979416,0.09438867908508199,0.06839934237827247,0.13079995882111786,0.0962274436407269,0.04754028045988503,0.0845594630992321,0.022901222912728655,0.15868440580585322,0.0507553338290804,0.025031390642341268,0.04251764915435123,0.06313882087780895,0.01927693647622441,0.10038797037179867,0.05722470980939253,0.017923659099580245,0.054129586089871874,0.04990213832453254,0.0401083087727199,0.036291896834200026,0.04276085660505043,0.02691960586289213,0.16689987759202496,0.03905296466375901,0.11730261187148877,0.05436874168032864,0.07956170583697932,0.11529490747573133,0.07079673407993524,0.03648124451396212,0.1090167930446169,0.0330249773605309,0.05469840484931965,0.03927340148775338,0.04102533692048867,0.03927340148775338,0.051633899716894936,0.04458682553622899,0.04485720077955179,0.0439131798692914,0.06111234514641131,0.05354673072017464,0.06279852860220687,0.02710899991417163,0.02054140468873364,0.14958268588671825,0.09545180886436631,0.1640993206899182,0.21804882164329722,0.08553715656480743,0.02452123900545794,0.034058891602593,0.08555483590857797,0.05513978848235159,0.12248603223318161,0.08257032572084051,0.08263987967781321,0.2204852418369684,0.14958268588671825,0.031193985106960725,0.05852680247216348,0.12205572874413355,0.1125644642390023,0.06468796458830008,0.20428805750621565,0.1316345418035157,0.10048285662540822,0.2121707794512331,0.05037667855411855,0.03163575376733747,0.07865097944924848,0.2199627082215403,0.18870426167675433,0.04130264847584571,0.10922571722489388,0.03503989682772746,0.13072710424841222,0.055217181988922066,0.07058851242365444,0.13725806414437652,0.038486313482753644,0.08482005250119078,0.17966692845076357,0.36062337047888127,0.04256926151243291,0.05618891157550481,0.0629887879839539,0.4999321195827659,0.025174039322353518,0.20221099925335276,0.040845637903666084,0.19014511813092702,0.015165196934626564,0.01669423581904388,0.1767565322514853,0.10039594338350237,0.00866723760616279,0.13571850953256293,0.08425381116818527,0.039872841557605905,0.06203184337028378,0.013081264351617305,0.029826891600890564,0.07865097944924848,0.03324955615323629,0.04270954807646496,0.023806578256957357,0.029488681130087475
rowId126,0.015529893083447616,0.02318646687325158,0.0890191691639798,0.05259667703816095,0.5241880850131344,0.1798948556160159,0.0277221587397961,0.03113679629243459,0.00588991757559099,0.12450729421284275,0.1125644642390023,0.03359679780667776,0.11598418326398066,0.04817075298797411,0.02743976817762768,0.1063164309380385,0.1276348184276337,0.07767994817908282,0.18003070762950393,0.054214800583152645,0.00588991757559099,0.03563154151704626,0.16678773669465566,0.006246975601047956,0.07710103079442301,0.07090457711116659,0.05291159731953287,0.03253960227038006,0.01387351467132388,0.24562228218208193,0.2121707794512331,0.03899315372958534,0.1369571476989645,0.047113868993233096,0.029706759699468954,0.06677823908643249,0.018958315266224966,0.04071275281232493,0.0429850759827676,0.06838469631026628,0.04132392199381643,0.19629602978222907,0.013145015428794026,0.044860885474410195,0.23412335067903467,0.08892913104888106,0.020122083008015757,0.3093554490731001,0.06677823908643249,0.04595539194754334,0.04769708527913133,0.06149509908870966,0.04615051968663605,0.01986848339245085,0.252546345387661,0.045791771541429424,0.032562388630048615,0.193635599882764,0.23672554762405443,0.021772511529288482,0.05686995490855384,0.03231724629731043,0.11218261353333293,0.11523398534945531,0.18779475819152228,0.07800111967087671,0.03868360349542509,0.0300759063062323,0.14573659520976878,0.036846528821193866,0.05694070031043384,0.21804882164329722,0.13162212883887994,0.0277221587397961,0.06844674841574178,0.04292360038385886,0.23725070138533247,0.07329327435539988,0.0890191691639798,0.02081028375652667,0.061013159375091844,0.018150947067355323,0.06377588926060201,0.11402291709174132,0.04070808234821544,0.07364483211004082,0.013003491916629327,0.07584865320171244,0.06750234075417384,0.049097617730240746,0.06679846799465182,0.026980568448242415,0.04251764915435123,0.1265934144919582,0.0752064061748442,0.09222861443600389,0.10394473113420492,0.08800441714809738,0.08738340122130314,0.04435980035507822,0.36799292665354805,0.1125644642390023,0.10879308328872195,0.06838553160708132,0.034911584713727004,0.04097984159837939,0.011353764515775563,0.10236233413711866,0.12607267965372257,0.05109981097667743,0.24562228218208193,0.06168446572573735,0.3093554490731001,0.09703680934456076,0.020386609431187586,0.03887950188492328,0.04579692809366499,0.06455453056223481,0.062285713965148974,0.03160906145105333,0.15427323840338192,0.014257324378410534,0.0704920209854422,0.020529509358829346,0.08377775022095811,0.06297106234016792,0.0025689959322691643,0.012409812198573015,0.09116752982577415,0.0533719563635346,0.13357245140683496,0.12607267965372257,0.034958360764687876,0.09340039086107733,0.012134930745230818,0.013563499102358852,0.02352782975286913,0.027739673843593833,0.10902995955306398,0.014981903813317581,0.03983635869480125,0.1076361019752512,0.06384464835745123,0.10421310024034515,0.14112762206315058,0.025333958859089768,0.0471885983259131,0.02002957821666919,0.0979135366345343,0.029339572424451857,0.06839934237827247,0.04734445323783841,0.07963498296649549,0.02317179731502134,0.022198968675706938,0.10820335962123553,0.02783085768444364,0.14113031011126084,0.021055835138022262,0.028174092892130336,0.02284163337380396,0.025311766711087064,0.06164151164633323,0.06048729749479088,0.2091523714731809,0.03418168625114799,0.07006921752847214,0.06503226309649579,0.0031098328052653304,0.044049624822995334,0.10186479796660679,0.028358287807441887,0.028715490854207354,0.0842820761735914,0.04162392941264945,0.06377588926060201,0.039872841557605905,0.1228991753105598,0.03319941164403907,0.22507450032489837,0.05694070031043384,0.21476115788320732,0.041436914536371376,0.0793443096543359,0.04261959859366956,0.02611256720996245,0.03885148803211316,0.1518192802005353,0.04463339559281491,0.06399474151154907,0.1283805700797791,0.23725070138533247,0.10879308328872195,0.07922861220116825,0.055217181988922066,0.12705315503216075,0.010071064154334532,0.12361762312368559,0.06399474151154907,0.1356380804867504,0.001160583601150869,0.0721305894263954,0.15883501452833554,0.0313772043267731,0.028923152962393183,0.04542468396420786,0.10656782405670617,0.12563750103973415,0.033579700002234446,0.022234943294891715,0.03514363435872044,0.03736430133007787,0.11700851988804442,0.16822232470883255,0.04424430627846097,0.10724947234195165,0.05081679252632302,0.065728013099982,0.01869083213487588,0.31529600635664984,0.08230037117986294,0.04162392941264945,0.07178921113168528,0.04809396790315217,0.017766762353292203,0.03292973864397497,0.031740260267190276,0.012018084666396207,0.21825403355153195,0.05291159731953287,0.012018084666396207,0.029446283759633547,0.08079510604588554,0.18444224677760085,0.005005215016144767,0.051633899716894936,0.04056119255652058,0.02089366322938851,0.06924378137890005,0.16102481895057755,0.061302009339381985,0.3182529286418399,0.034509813976437216,0.02385857807363168,0.03193248632198632,0.03610503296908216,0.14112762206315058,0.10360607847073296,0.035261434698328355,0.15217526271752516
rowId127,0.05940037972146779,0.03086444059220104,0.0026465754916795395,0.03045556880439479,0.017630175192375756,0.06421392437529953,0.021241772437108286,0.11147700396371757,0.20428805750621565,0.07261732845551341,0.05058439109993849,0.10639914686488107,0.04921266724526593,0.021157916276166023,0.15227726780942955,0.03486464801397875,0.08338120696561022,0.05240819850123343,0.12361762312368559,0.02857897095131983,0.04647464526117058,0.14871072430793672,0.09510173084686854,0.049097617730240746,0.20428805750621565,0.09720702222508476,0.0314607697635493,0.0699128580206811,0.06134163395735278,0.025392678101793305,0.09045302062979264,0.06468796458830008,0.25668347936274627,0.04821058808631389,0.195916188529966,0.14481002004165813,0.24775353246930432,0.002121882473025589,0.05722470980939253,0.06203184337028378,0.019457210346014938,0.036846528821193866,0.12411607552736283,0.1445093638682014,0.011030822511195562,0.05686995490855384,0.03530730558576696,0.1178912662492186,0.017630175192375756,0.11294952971498579,0.0201585408420951,0.0955187759967584,0.037320078735145645,0.07637491113170373,0.02116821400719217,0.014772500230663017,0.12526723464431033,0.14988539535299075,0.13079995882111786,0.017766762353292203,0.3334925090390668,0.13106381999870861,0.2714605466469469,0.18338484295646426,0.0395962715405713,0.019892428173312823,0.0664158250271298,0.16331513308486978,0.5241880850131344,0.0363676403973819,0.26879822329353653,0.049744736908177364,0.02049398507016983,0.24562228218208193,0.04481391576928428,0.08338120696561022,0.0842820761735914,0.09699257399247305,0.05330037918976837,0.03321758702491373,0.0360755870758148,0.15968786781821426,0.03502074766405762,0.04529767279955678,0.030996936519047814,0.026932067970345412,0.09304335223163059,0.19223830649177262,0.10854730204208571,0.06882577223500075,0.0541445986603901,0.14365904546732117,0.12211068626932499,0.024124754485251945,0.051633899716894936,0.059443151246513115,0.019496038612461016,0.0540927417505276,0.27554240885943343,0.0904686580562412,0.03359679780667776,0.014981903813317581,0.08924529259492195,0.179143948589297,0.02263772852861777,0.05834458195742017,0.07865097944924848,0.055422642859247175,0.028669348790339493,0.27554240885943343,0.2199627082215403,0.03633334323186749,0.05940037972146779,0.05486084811073825,0.03299054287185349,0.15243063322524364,0.11772017342388433,0.1215872123146998,0.11954656336370266,0.03307704851652938,0.04585573014994079,0.047162230417682645,0.16678773669465566,0.15758099506012443,0.08079817537731275,0.00884621442655624,0.06123350526234784,0.05305495148621203,0.11752161948341273,0.07482193533990962,0.20537268538925627,0.012961469731987266,0.01915352288157754,0.09669392721349093,0.0984254873172523,0.12425308649778367,0.05307977036299651,0.07438060590537096,0.012366508001763019,0.024124754485251945,0.03868360349542509,0.1779344105324831,0.019996810121400154,0.10820335962123553,0.06759523942494555,0.033555591874811025,0.12987758190099027,0.046881382097812806,0.11458761931764577,0.06451092060994358,0.11245629191416737,0.12248603223318161,0.009873194535136116,0.2480913783478117,0.05180395422007624,0.015165196934626564,0.04820576052431156,0.09611385024571852,0.017923659099580245,0.2152643211484814,0.1166785550069508,0.04070808234821544,0.08914338531565498,0.03871069082009698,0.03835395733374427,0.05834458195742017,0.10203295344644954,0.01869083213487588,0.04817075298797411,0.08964431767445613,0.03681645588138558,0.01770105402259905,0.0554855060325719,0.3594849603243823,0.10724947234195165,0.14529841026851467,0.023686072056975687,0.018364172732089117,0.028854506441448317,0.02317179731502134,0.03193248632198632,0.1051118587615843,0.2642019076465018,0.052405226629760854,0.057983344683024504,0.0907346183323277,0.13671306362195296,0.062123878833392175,0.1086200947835858,0.0014734937643591185,0.06196559736719907,0.11538145086578852,0.09361426491082366,0.027722067837179065,0.05109981097667743,0.25635908080830144,0.026336588642208864,0.032952065867482595,0.24172811512025913,0.06196559736719907,0.0838457233068345,0.060266059686105294,0.04579692809366499,0.06316832941713058,0.017450624484275826,0.06601684212396985,0.34468304846797815,0.01612460411241117,0.22080184262869307,0.11740460218514133,0.03681279137599688,0.20476934866778262,0.07379161689293162,0.10575797204979392,0.04676237280688779,0.07876470710772351,0.07856483488912339,0.3428503142213519,0.015241665720065582,0.03045556880439479,0.012715153096983886,0.07309631450339381,0.05745113261848428,0.0890610933244565,0.04251837313333597,0.04962240834602832,0.0069603434554135245,0.08352530227143147,0.09018835436075119,0.03004152838787338,0.02733218066286086,0.0439131798692914,0.05390023838106589,0.172012297833012,0.05305495148621203,0.08078607664578705,0.06439905526673266,0.09427147148233736,0.03772199700644724,0.06515893991520305,0.2999375541180197,0.024618591499328494,0.0571866857956583,0.03123999571671486,0.09950116357986438,0.30124595258678216,0.01473791567634694,0.02815537823506851,0.10921701078819221,0.21825403355153195
rowId128,0.022197490518024013,0.002316316510001745,0.06215243224595004,0.13162212883887994,0.06070335427422454,0.03305393741437245,0.02613129831130594,0.025029094172608478,0.024771235204193724,0.36457726444627037,0.03324955615323629,0.052405226629760854,0.04379595926580875,0.12131608126838168,0.20939838941095246,0.008136093675204323,0.010987912659858455,0.03217564722898496,0.10290633734405875,0.016754799503522624,0.019996810121400154,0.02273898861418235,0.17530093677818082,0.09704550650974093,0.02273898861418235,0.10006566146445842,0.11909544926042755,0.039716931145939396,0.03193248632198632,0.04071275281232493,0.024871013115369402,0.03205144736031224,0.15427323840338192,0.08949112162957971,0.008149511298223012,0.0465363904616811,0.03503989682772746,0.014878934411381101,0.021328364187053844,0.18249217498805528,0.16256286021822472,0.2999375541180197,0.06744074606654175,0.008293484545749671,0.054280931684650695,0.018979402176076767,0.05334765586927046,0.015701948111027837,0.11538145086578852,0.0905182719978466,0.10751684760680322,0.045795797598099486,0.08060394579563751,0.015335599796271132,0.10729126503837018,0.017923659099580245,0.06584732067285312,0.2204852418369684,0.04056119255652058,0.023828379467334102,0.06107495036395189,0.024098780808221292,0.03400334190851857,0.1078497759557763,0.12563750103973415,0.039876557026929625,0.07079673407993524,0.2507306932863154,0.057214840644141694,0.0793443096543359,0.052153667803229845,0.1323334003157555,0.11625513295709856,0.05370653215934189,0.2658849877817125,0.04203818600440162,0.23095548830597412,0.015793248160788205,0.14687038373156372,0.027722067837179065,0.06302210618487246,0.07075565832710061,0.059236462286335244,0.08569440272150812,0.09939811435029541,0.08079510604588554,0.028010747977871408,0.06896073906595404,0.041880081706703216,0.0014734937643591185,0.19277381183983736,0.16841652266777207,0.07853026456257887,0.014981903813317581,0.06159513328574669,0.16903165089690644,0.03321758702491373,0.06860051948882322,0.019663016356227418,0.22628529374863732,0.2658849877817125,0.019496038612461016,0.051141409945534407,0.1369571476989645,0.08148668066719446,0.07913518569135433,0.3334925090390668,0.16689987759202496,0.00866723760616279,0.09244417169740099,0.03386979239732146,0.09156471727650593,0.025392678101793305,0.055615668272831646,0.08984605018464675,0.03163575376733747,0.09888230924825035,0.028906179387724443,0.03868360349542509,0.13949900142465416,0.09857740111087837,0.047635917976653605,0.05552993223624501,0.007194636632862728,0.05240819850123343,0.024663062392871464,0.2548275354194706,0.026585059228289947,0.036291896834200026,0.11907757489265196,0.13990357565144373,0.10186479796660679,0.026274800215107787,0.036405905071761224,0.046607082917171326,0.020247981163211536,0.08377775022095811,0.08684442825395526,0.04491749837502824,0.14003920305160011,0.13005508638955907,0.07220956990215752,0.023908994145860896,0.02977049159155893,0.04292360038385886,0.05130884486760263,0.08048125822188523,0.07929262048894575,0.03187190381782426,0.05513978848235159,0.0595199526671757,0.1334709007063108,0.06650081836383148,0.052956487694236526,0.043430434770496025,0.2523686063220783,0.06439905526673266,0.13554704684960045,0.11626584452197324,0.08738340122130314,0.06886356171131285,0.008149511298223012,0.1342836024757118,0.02049398507016983,0.03908833083751431,0.021226796448345624,0.010467376051495317,0.043858403215920334,0.03947508985661001,0.09165802437935143,0.3556424361647484,0.08034193349068149,0.11052145071876468,0.10668520722708796,0.2521000479886916,0.06759523942494555,0.03277899940354323,0.06107495036395189,0.029105527801113307,0.02452123900545794,0.05005063723535282,0.02318646687325158,0.13310438824799042,0.22961718615419324,0.2003959170726871,0.13683359295655975,0.043406971336301,0.22961718615419324,0.0576500574178649,0.18896364773024418,0.028669348790339493,0.03563154151704626,0.06468796458830008,0.0752064061748442,0.15360233910270657,0.12411607552736283,0.16592845940929335,0.18249217498805528,0.053552928875930855,0.043858403215920334,0.048884152836856834,0.027363439804964036,0.01915352288157754,0.1250324649912175,0.06644712560729071,0.04491749837502824,0.31529600635664984,0.03845064532152613,0.27036948105207664,0.0316759563735845,0.02081028375652667,0.018958315266224966,0.2507306932863154,0.08154620190035185,0.06134163395735278,0.0465363904616811,0.14716545133457043,0.2658849877817125,0.06677823908643249,0.04529767279955678,0.28973263368498414,0.1382327865214983,0.07876470710772351,0.0490379695395885,0.04440583666255198,0.2106587338270038,0.034867962672411844,0.025720319365882233,0.03854625184302271,0.06159513328574669,0.1563213946479865,0.12705315503216075,0.10334672978344611,0.07279057382105315,0.18283726985167884,0.14343504384091949,0.07844066975234061,0.1911693802116228,0.03351405703448733,0.021035279389131245,0.052384989966095176,0.03215927506634591,0.023054019550028122,0.02002952840479787,0.08004269499961067,0.03387939669877388,0.16061958142217606,0.21476115788320732,0.03344599543635577,0.1843844272071021
rowId129,0.11445004906312639,0.014951362342960125,0.2776265708225612,0.0968109961971932,0.02660472372197752,0.16340254510766541,0.045795797598099486,0.0594686421835955,0.10364937774625661,0.026824400993290573,0.03386979239732146,0.034210362222606545,0.15962122246056037,0.048884152836856834,0.02351782199413517,0.03400334190851857,0.16689987759202496,0.1297611414039591,0.04774728846850738,0.023846452282117396,0.031756706272599924,0.03612476729242831,0.10806418965376709,0.06297106234016792,0.03899315372958534,0.04261959859366956,0.12411607552736283,0.047921103849625876,0.04734445323783841,0.03748970445464128,0.044521419544169445,0.08814272218469847,0.05580781562436631,0.1357760968140226,0.1563681993870599,0.055422642859247175,0.06874798169201987,0.020321361358463564,0.15178022389544338,0.026274800215107787,0.07988827723680285,0.017072460048859595,0.012134930745230818,0.07865097944924848,0.261655810195167,0.01660390198358485,0.2480913783478117,0.03924510396556578,0.00501509556765598,0.030328569389991258,0.04998130919555556,0.05916657597753136,0.04610325480715077,0.0025689959322691643,0.02002952840479787,0.0899923145289757,0.0962274436407269,0.03160906145105333,0.1040932907750545,0.0363676403973819,0.10409300769221103,0.2714605466469469,0.1879263109057972,0.06753860586174079,0.07023972692722037,0.048464710066720464,0.02760353810210546,0.06629030525291289,0.15427323840338192,0.060446261739116706,0.05260097431677552,0.03815625801769054,0.032952065867482595,0.13316941358652512,0.029507745076402716,0.15243063322524364,0.034210362222606545,0.13315991708683086,0.08507553736647443,0.08214468497383062,0.17419125449951103,0.0181559662694938,0.27417998480996597,0.060636570386870495,0.10250890973583873,0.18338484295646426,0.09699257399247305,0.02466226316757737,0.04816170391689469,0.007194636632862728,0.08214468497383062,0.02239055797752867,0.03705585238141802,0.0181559662694938,0.055084569082919255,0.08257032572084051,0.023705378825243036,0.19009898732459152,0.08048125822188523,0.06677823908643249,0.05210881518392313,0.08826146903160012,0.062285713965148974,0.06588276610283748,0.06377588926060201,0.04525431632382581,0.028174092892130336,0.1250324649912175,0.00176492202251769,0.0394077465670282,0.03324955615323629,0.15835562061705558,0.019457210346014938,0.05390023838106589,0.18978437954448157,0.06080458903783766,0.20540485068688014,0.04276085660505043,0.02710899991417163,0.04821058808631389,0.14311180265807422,0.04570153127571757,0.04727763522576811,0.015793248160788205,0.1246497705187889,0.17956653351301535,0.3175120038808173,0.1316345418035157,0.195916188529966,0.06838553160708132,0.1246497705187889,0.014375380660155637,0.12481848783605332,0.04816170391689469,0.03137587953540144,0.3594849603243823,0.02273898861418235,0.027363439804964036,0.007024772460824246,0.05436874168032864,0.024377994979228636,0.07074577782997114,0.025897385529207652,0.017264477451250176,0.11726927412993757,0.027339415128827614,0.06090742961770446,0.04222978811763968,0.14040186023070478,0.020242087393360333,0.032359818370631226,0.0618648465896002,0.10186479796660679,0.034867962672411844,0.10534266627030402,0.045360789929056525,0.03565841363186296,0.09939811435029541,0.07197347829236062,0.05095963412617053,0.05661462709928093,0.0792544397720208,0.3681248789730256,0.05220606181220708,0.0270145524300177,0.14716545133457043,0.06262632535208257,0.26785683595267257,0.034058891602593,0.060137038670072376,0.03359679780667776,0.13106381999870861,0.02999614690083302,0.06557286050496769,0.01988777446856482,0.10670357252879333,0.0300759063062323,0.16181108040061645,0.06048729749479088,0.2111621141291003,0.05686233393948718,0.07400884668123524,0.05469840484931965,0.0474565992792932,0.027146168235100094,0.1215872123146998,0.04095910770721359,0.03808331619262089,0.002316316510001745,0.001160583601150869,0.11626584452197324,0.12361762312368559,0.09272063992965827,0.15607134131012784,0.07397354572993337,0.10995881609813189,0.11445004906312639,0.030328569389991258,0.11218261353333293,0.06867273616548764,0.13022584200540502,0.19277381183983736,0.034695106210996585,0.12526723464431033,0.05696271235707727,0.02113556481743805,0.051602939631941826,0.01927693647622441,0.15919559162073024,0.07767748564375446,0.029274926692899546,0.10409300769221103,0.019663016356227418,0.10552438389889687,0.03942154954513675,0.05212729291658361,0.03319675917204851,0.18694592172753058,0.09510173084686854,0.13315991708683086,0.0904686580562412,0.03167120150154307,0.012095021669586549,0.04253325415890776,0.21134613596198915,0.08326537255041222,0.17638672838815636,0.027407112804122807,0.15227726780942955,0.07709042215528919,0.07037567900853456,0.10491625862270752,0.04253325415890776,0.06220922433133476,0.049744736908177364,0.06620182671010647,0.05880646563927412,0.06090742961770446,0.1550396469231862,0.1166785550069508,0.03839141000492729,0.06460373209232116,0.11614626967264054,0.07710780672072709,0.0630038274757027,0.052384989966095176,0.015067319578338617,0.11538145086578852,0.06421392437529953,0.005679349701945355
rowId130,0.12252495912844875,0.028351876179501967,0.13323027286096276,0.16903165089690644,0.03561139959328582,0.019194145876443882,0.030693479075619284,0.18666027209475722,0.05220606181220708,0.05104160610971572,0.1040932907750545,0.021241772437108286,0.13310438824799042,0.06316832941713058,0.0704920209854422,0.07117167890071133,0.024618591499328494,0.019092016924790765,0.052153667803229845,0.1137250587043581,0.07963498296649549,0.015255115808022152,0.02264041966360618,0.02378384434336071,0.09340039086107733,0.03288713675441889,0.11530079725414541,0.020598295357288864,0.05088840639974515,0.36799292665354805,0.18186820160151645,0.03493008876530704,0.04251837313333597,0.035363195774129205,0.018291443294187214,0.015793248160788205,0.052083190847696914,0.11338932753021252,0.11523398534945531,0.041436914536371376,0.0755963524074938,0.06644712560729071,0.012382517878824474,0.02351227273072225,0.14040186023070478,0.04178727469312611,0.01374440018485426,0.11273450456651479,0.2159207442663503,0.1441239985181465,0.028255731759402766,0.14113031011126084,0.0785721462772907,0.009681513657680633,0.07876470710772351,0.005588867695018397,0.002450277267931671,0.017630175192375756,0.032562388630048615,0.034000464186655505,0.01973453494446283,0.12450729421284275,0.13844044529711408,0.03530730558576696,0.005588867695018397,0.03737447382194406,0.09699257399247305,0.12450729421284275,0.042946920005675966,0.002786736453702084,0.017106025771398956,0.049621278745842524,0.05945534751366567,0.026274800215107787,0.03961435402692669,0.010399175499135192,0.06201881903401059,0.04126416055933206,0.1550911996168274,0.027910207489554757,0.0441892550832111,0.05636390858181385,0.123826265711517,0.06457918226837461,0.023992342584586136,0.07241697745172099,0.034958360764687876,0.10667485251271967,0.016063735838563173,0.03187190381782426,0.07400648649450245,0.26881345614637076,0.054822115843996516,0.02081028375652667,0.14143183671796988,0.028303357240390212,0.06882577223500075,0.05608147292049057,0.029291059936358436,0.06867273616548764,0.11385499890938716,0.06321851305053366,0.023330181294667924,0.013653968348247239,0.04804952846042931,0.08840250238522263,0.0595199526671757,0.02243896273490084,0.07710103079442301,0.05513978848235159,0.09975901395039075,0.0245809366740213,0.10349991225940729,0.034746682318480944,0.08448792858324237,0.04610325480715077,0.04573619491427452,0.06819333741960472,0.021772511529288482,0.04645193071360075,0.2644690882345289,0.09300221264141717,0.0857171521604164,0.045616126317840226,0.08154620190035185,0.00424493197697294,0.08048125822188523,0.04669969026339511,0.09438867908508199,0.04070808234821544,0.3556424361647484,0.15835562061705558,0.10820335962123553,0.053552928875930855,0.0245809366740213,0.36400503546692115,0.02840022742037241,0.08914338531565498,0.12252495912844875,0.015255115808022152,0.07023972692722037,0.0954788470012861,0.08048125822188523,0.0363676403973819,0.013570794622076622,0.0399806288070988,0.0793443096543359,0.140959726596463,0.04095516332527793,0.19512175973379914,0.07379161689293162,0.11752161948341273,0.08969943217494578,0.033301821495489534,0.010336929883731765,0.3229171991097377,0.07929654641953629,0.049621278745842524,0.11815629172468389,0.14896969453060246,0.11179989357123193,0.019092016924790765,0.0363676403973819,0.029706759699468954,0.01927693647622441,0.04176343650280099,0.060266059686105294,0.0009565827979865296,0.11174286545708143,0.015241665720065582,0.02002952840479787,0.021030671122743688,0.02574444028713122,0.11402459448067369,0.0314607697635493,0.1369968788708034,0.014257324378410534,0.11138415490383903,0.10426991559030556,0.11598418326398066,0.17966692845076357,0.0630038274757027,0.11218261353333293,0.03848727934251136,0.1625737309454052,0.08496200088294405,0.10639914686488107,0.05130884486760263,0.026059042153095482,0.019457210346014938,0.06250205948427942,0.07926505648786575,0.15360233910270657,0.2204852418369684,0.08472293367978442,0.02313783907768579,0.013719858586891658,0.10902995955306398,0.01660390198358485,0.17327047237633048,0.09841710633466864,0.02273898861418235,0.031089106207021117,0.14988539535299075,0.0710315829658983,0.04222978811763968,0.063784276915804,0.03961435402692669,0.03400334190851857,0.24009752942176518,0.1868962350416429,0.027694535126016932,0.09462622765743829,0.05104160610971572,0.07079673407993524,0.191928510251779,0.08855830640387612,0.1297611414039591,0.08004269499961067,0.061013159375091844,0.08257032572084051,0.2121707794512331,0.07993950078430732,0.040486436781981466,0.055217181988922066,0.028923152962393183,0.11710710220545238,0.06319030421927102,0.2670740704633735,0.09857740111087837,0.046794393761696036,0.04542468396420786,0.17061893930874097,0.21463072383043022,0.02520256731126624,0.10534266627030402,0.05945534751366567,0.11512592140157864,0.013563499102358852,0.04462283994352437,0.09704550650974093,0.10491625862270752,0.07152735509648726,0.029326273724277544,0.18719690702186523,0.09280744993744025,0.06598354674678703,0.1111333338491525,0.058797927090255935,0.1040932907750545
rowId131,0.07730301579951251,0.04162392941264945,0.03753501969203252,0.02613129831130594,0.03530730558576696,0.03848544513246123,0.017588295025992687,0.1868962350416429,0.10060492240923555,0.055466322071612284,0.10039258696788503,0.11432857919387622,0.01660390198358485,0.19512175973379914,0.22380058753779314,0.03052038560590705,0.03845064532152613,0.1037583457617435,0.3180651754385313,0.19194275096689792,0.03772199700644724,0.062285713965148974,0.027739673843593833,0.04820576052431156,0.0277221587397961,0.025311766711087064,0.0673440682358704,0.06308101847755063,0.05978660310536649,0.029383760512826113,0.16256286021822472,0.15388354988563785,0.23725070138533247,0.07074065692092224,0.038971085005950805,0.04219281776284814,0.03737447382194406,0.06679846799465182,0.10820335962123553,0.20428805750621565,0.11337772438500815,0.0505517010170282,0.03875747499066945,0.07482193533990962,0.00193613108216705,0.04372229617401926,0.3028211805111555,0.016137772223863426,0.4100194020764493,0.0785721462772907,0.05180395422007624,0.03736430133007787,0.02012066757282389,0.043145974762119024,0.017072460048859595,0.10879308328872195,0.1382327865214983,0.04070700659105985,0.037452485883362904,0.1911693802116228,0.04222978811763968,0.23672554762405443,0.11740460218514133,0.062350729694423915,0.0490597499275445,0.06860051948882322,0.1320554396711257,0.05370653215934189,0.09487925635320633,0.26881345614637076,0.018425671901617,0.026980568448242415,0.09018835436075119,0.012018084666396207,0.019048800579276583,0.2469646889848434,0.0069603434554135245,0.1968180510868663,0.12211806068723663,0.02281560115399537,0.018275824150812713,0.12319189475464339,0.043406679589960986,0.0643135158345426,0.04769708527913133,0.07956170583697932,0.05271634220676527,0.04300577383145825,0.005745803733773644,0.11138415490383903,0.02815537823506851,0.2003959170726871,0.059004586079247745,0.04641012420267559,0.034695106210996585,0.19186399792315867,0.07637491113170373,0.007024772460824246,0.020321361358463564,0.38875735910827086,0.18057994137607258,0.21134613596198915,0.12252495912844875,0.19248095965164957,0.04321949947062577,0.09703680934456076,0.029507745076402716,0.07137774300691742,0.08496200088294405,0.273296513704592,0.07298990170758035,0.039295265544470714,0.015664244459787043,0.07881535331481296,0.01520413806018166,0.026274800215107787,0.09769224153143184,0.0359447612391452,0.034000464186655505,0.02264041966360618,0.04058050711022771,0.16638812160611435,0.058789740339478584,0.11338932753021252,0.09051342413235951,0.06860051948882322,0.09893626269075131,0.06796177011202863,0.043858403215920334,0.04444735794264896,0.02664862240992076,0.02352782975286913,0.14858535047801408,0.02012066757282389,0.1137250587043581,0.09622246946358516,0.08042163712152642,0.2776265708225612,0.3727138994028762,0.0533719563635346,0.11530079725414541,0.03321758702491373,0.21134613596198915,0.01238592740711079,0.025333958859089768,0.12441356900095034,0.03915384690431336,0.06886356171131285,0.04806025016521924,0.028351876179501967,0.09279965872048816,0.06750050498598165,0.04267621179097056,0.1323933915099046,0.02113556481743805,0.108774467065854,0.18057994137607258,0.05130884486760263,0.014635708471241923,0.01973453494446283,0.04471466947688636,0.042946920005675966,0.09820919447804341,0.013725977296703391,0.03849441112147166,0.04821058808631389,0.001393729645481836,0.21804882164329722,0.2553151597134402,0.07963498296649549,0.06308101847755063,0.06744074606654175,0.019048800579276583,0.14463515329590595,0.02054140468873364,0.09379182321443247,0.05609276012837682,0.03502074766405762,0.01973453494446283,0.2746187737836757,0.11077466046246393,0.04525431632382581,0.06306523644878903,0.3162993595987294,0.08496200088294405,0.04251837313333597,0.0017202596135649285,0.0979135366345343,0.08434440432053056,0.018639036263385752,0.03350840518769029,0.09857740111087837,0.0017571564343280834,0.029356870216574262,0.03211573957942239,0.01666493942349854,0.07805267957088467,0.052384989966095176,0.015352563380492361,0.15863599133732575,0.031756706272599924,0.02056781267910599,0.03467003182642679,0.0507553338290804,0.13957516578622461,0.11928874304104242,0.15360233910270657,0.051602939631941826,0.09805566740007637,0.08079817537731275,0.03798354132414837,0.06922884638999138,0.032359818370631226,0.04998130919555556,0.26879822329353653,0.0419386775708471,0.23158276126519725,0.012587335184230724,0.40557282941627437,0.0406149742766575,0.03319675917204851,0.035261434698328355,0.043858403215920334,0.0533719563635346,0.024663062392871464,0.014375380660155637,0.08545342411244973,0.05371547389741796,0.059802553182996904,0.1625737309454052,0.032562388630048615,0.1320554396711257,0.02966187467733761,0.010196507717486642,0.025720319365882233,0.1957036499749003,0.045581527511999786,0.08865993303919399,0.14147342497775015,0.08545342411244973,0.16061958142217606,0.03387497164470329,0.14343504384091949,0.1037583457617435,0.06677823908643249,0.04251764915435123,0.05952281701584533,0.06650081836383148,0.04821058808631389,0.08263987967781321
rowId132,0.10167435577256531,0.05360222657306117,0.10279955933541127,0.0628343017848615,0.024338964763538914,0.0984254873172523,0.05486872498828684,0.07710780672072709,0.06390620491701236,0.14812399391349337,0.15919559162073024,0.1637682749328249,0.06245472633172106,0.19822721863685178,0.031740260267190276,0.045319880274969276,0.2480913783478117,0.05469840484931965,0.0415504732210638,0.06377588926060201,0.06196559736719907,0.06140680518445316,0.11523398534945531,0.02273898861418235,0.007024772460824246,0.1824389242971646,0.0657465267103825,0.10056264620920957,0.1447976279773046,0.039295265544470714,0.03544609355570803,0.13464322407379928,0.02635623173074948,0.034210362222606545,0.02743976817762768,0.11598418326398066,0.004332332792757682,0.19194275096689792,0.06090742961770446,0.011167719420105799,0.13323971897869835,0.004152926940190109,0.07152735509648726,0.2204852418369684,0.08214468497383062,0.03753501969203252,0.1357760968140226,0.05061685740582469,0.02452123900545794,0.10902995955306398,0.02029622361328579,0.02281560115399537,0.1321701883802027,0.044049624822995334,0.013563499102358852,0.010394252366224313,0.031740260267190276,0.03007671168660523,0.09279965872048816,0.0785721462772907,0.03788775710543377,0.1159413949746028,0.1447976279773046,0.20649467464612828,0.0738920103499353,0.0415504732210638,0.0196556399038762,0.02273898861418235,0.2186621908474496,0.20989097606091836,0.07580490169761156,0.11529490747573133,0.10922571722489388,0.10724947234195165,0.07800111967087671,0.060266059686105294,0.03305393741437245,0.11630662596262815,0.02419396447389655,0.00176492202251769,0.12481848783605332,0.04952331415873677,0.048464710066720464,0.0699667824915573,0.021654483572879402,0.02783085768444364,0.06216262999539586,0.057715175115986395,0.12860464508678013,0.02691960586289213,0.15883501452833554,0.07942359275213501,0.12700540400463725,0.06715841591553207,0.2548275354194706,0.1321701883802027,0.027722067837179065,0.053866987442392295,0.20989097606091836,0.08924529259492195,0.10167435577256531,0.07797456036523379,0.03187190381782426,0.010874952074147064,0.03163575376733747,0.10394473113420492,0.14988539535299075,0.08136133338035202,0.06796177011202863,0.05339413863343843,0.031559092364981736,0.10477976030004915,0.014878934411381101,0.20476934866778262,0.04990213832453254,0.03815638308977166,0.08984605018464675,0.017998176002266903,0.045319880274969276,0.1445201601817003,0.1674209607725292,0.0025689959322691643,0.06345286629684944,0.019496038612461016,0.12912460435442497,0.22380058753779314,0.018844236993921484,0.09888230924825035,0.02361421532171209,0.015960476247937345,0.01374440018485426,0.022573770900477633,0.027531620896947936,0.07364483211004082,0.0314607697635493,0.08914338531565498,0.03965121145683844,0.06130051184028606,0.10605325488426509,0.11926490911450775,0.07279057382105315,0.20989097606091836,0.2480913783478117,0.17061893930874097,0.10114236738919029,0.18283152742229947,0.15388354988563785,0.09880416150985406,0.0208339993927098,0.07220956990215752,0.06216262999539586,0.04177562316439023,0.06222357521808899,0.028255731759402766,0.06113316301368413,0.02999614690083302,0.05486084811073825,0.03868360349542509,0.17061893930874097,0.08135120198795744,0.08949112162957971,0.03121060153353462,0.20146058500594796,0.006885013636356038,0.04589467591825148,0.028358287807441887,0.012095021669586549,0.062045093156662276,0.16316697912643482,0.03825583218523496,0.1052622382613658,0.01238592740711079,0.1789225102535176,0.21415924083222407,0.18870426167675433,0.0362394855462694,0.05686995490855384,0.10724947234195165,0.03994451649516368,0.20044102279815545,0.24775353246930432,0.05305495148621203,0.0594686421835955,0.06715056668121039,0.10360607847073296,0.05992858240965832,0.08924529259492195,0.1580817611002511,0.05436874168032864,0.054822115843996516,0.33091766808774714,0.10337740311861805,0.007269746988188503,0.04095910770721359,0.024245729366474,0.1295383910867325,0.01907473378512423,0.03211573957942239,0.11907757489265196,0.050749717000185206,0.10902995955306398,0.03633334323186749,0.1562688333715234,0.04774728846850738,0.029488681130087475,0.03994451649516368,0.04455737455271466,0.013081264351617305,0.16172161237277496,0.09703680934456076,0.027407112804122807,0.04998130919555556,0.03927340148775338,0.04300577383145825,0.05772318999452151,0.045509685059433785,0.17638607500940456,0.035205111859481865,0.04471466947688636,0.062430280141366375,0.07876470710772351,0.14632140965753745,0.11777693041468404,0.04219281776284814,0.08482005250119078,0.0265530593515837,0.05370653215934189,0.06250205948427942,0.07810796492859388,0.053866987442392295,0.11726927412993757,0.036763862238349515,0.032210831267687964,0.029507745076402716,0.04491749837502824,0.033290774643300255,0.0754669708164873,0.03352815115625609,0.0576500574178649,0.07101758254728814,0.026274800215107787,0.04379595926580875,0.08553715656480743,0.10491625862270752,0.10121866702268312,0.03727036506772215,0.040486436781981466,0.03520400737034127,0.03489886399072764,0.08338120696561022
rowId133,0.058797927090255935,0.0314607697635493,0.10605325488426509,0.13315991708683086,0.028303357240390212,0.020991286417138856,0.1250324649912175,0.05636390858181385,0.03550697569405258,0.03815638308977166,0.05511425938721453,0.049621278745842524,0.08517001339279531,0.16316697912643482,0.03748970445464128,0.019892428173312823,0.04990213832453254,0.03848544513246123,0.09462622765743829,0.07580490169761156,0.19745924543290813,0.11181024998578303,0.05422935740651338,0.045376733613794906,0.11052145071876468,0.12886494823050226,0.027504269865620715,0.20939838941095246,0.1063164309380385,0.05245383369473509,0.12410549086147098,0.19562540965975656,0.1562688333715234,0.08152949166667502,0.04346231377022084,0.05196947250218702,0.03835395733374427,0.051141409945534407,0.07397354572993337,0.06675030899708037,0.15863599133732575,0.02814962589004989,0.21386519591590655,0.033309323892934846,0.03439272521163692,0.10236233413711866,0.02783085768444364,0.10349991225940729,0.1042569366773471,0.021151515504727717,0.09545180886436631,0.030182422378276723,0.15249242112043093,0.05745628713186052,0.04734445323783841,0.056111954907429595,0.09812427323413456,0.1824389242971646,0.11840644712166468,0.07185214553071906,0.063784276915804,0.11836588863489117,0.10729126503837018,0.09226955809382711,0.031756706272599924,0.10921701078819221,0.18611516817269508,0.06839934237827247,0.11594780990046437,0.16331513308486978,0.011447945396967713,0.04251837313333597,0.22290272665912386,0.02385857807363168,0.04610325480715077,0.019996810121400154,0.06129987982429951,0.04300577383145825,0.04375041821232045,0.033506658653691006,0.029383760512826113,0.1369968788708034,0.017630175192375756,0.034210362222606545,0.04481391576928428,0.039463191802789024,0.19248095965164957,0.026824400993290573,0.00424493197697294,0.11122896499749457,0.0401083087727199,0.02452123900545794,0.0954788470012861,0.008281152186413676,0.052083190847696914,0.19186399792315867,0.15962122246056037,0.007131961602682052,0.03514363435872044,0.3334925090390668,0.07853026456257887,0.04177562316439023,0.09018835436075119,0.05371547389741796,0.023826594959694768,0.43441487236169335,0.06838469631026628,0.08321436088057595,0.06082818198831625,0.05696289288454036,0.07637491113170373,0.07441619064437292,0.005745803733773644,0.030693479075619284,0.03294574279750345,0.10724947234195165,0.018784945065822876,0.037320078735145645,0.06485024265722507,0.11294952971498579,0.0024735841903112434,0.1911693802116228,0.017128430737049664,0.0555072862063709,0.012087732820448055,0.14146683755353875,0.057363782537312245,0.0025689959322691643,0.015352563380492361,0.020122083008015757,0.027663159557689426,0.046881382097812806,0.10307852310271426,0.08008595999373899,0.012382517878824474,0.21095702757387483,0.093388886946188,0.035056425684755754,0.09156471727650593,0.1263156157929624,0.030439379557517934,0.02029622361328579,0.026059042153095482,0.08496200088294405,0.04346462473617179,0.08654471896219404,0.3003177616492855,0.1367338401089776,0.06675030899708037,0.05469840484931965,0.19261294250040287,0.18003070762950393,0.11575658288256026,0.06629030525291289,0.18186820160151645,0.0595199526671757,0.032210831267687964,0.05354673072017464,0.08034193349068149,0.08079510604588554,0.11684276578331389,0.20540485068688014,0.11740460218514133,0.06496844226399118,0.03319675917204851,0.0664158250271298,0.05058439109993849,0.034746682318480944,0.10939680651715215,0.043430434770496025,0.024098780808221292,0.046881382097812806,0.06457918226837461,0.03854625184302271,0.03514465642276618,0.07075565832710061,0.09388686176416415,0.040845637903666084,0.05109981097667743,0.07586344697981773,0.11133391901952686,0.11926490911450775,0.023849798036602254,0.027768061154365427,0.06693039258088294,0.017264477451250176,0.07101758254728814,0.07659175563472435,0.06203825029697983,0.06556312471448641,0.07075565832710061,0.10007624563057085,0.13468626386236254,0.06129987982429951,0.1111333338491525,0.07381480878488941,0.022198968675706938,0.2003959170726871,0.11907757489265196,0.15249242112043093,0.07125929557042193,0.029237766048682105,0.3061785138368613,0.027492306065426773,0.20397206245230323,0.07241697745172099,0.08154620190035185,0.03563154151704626,0.04645193071360075,0.030153517681651424,0.18283152742229947,0.08164072362909384,0.05103956064333818,0.047856065533528384,0.1911796698425654,0.13277468211871718,0.09279965872048816,0.23095548830597412,0.04253325415890776,0.018806418396416683,0.0793443096543359,0.036291896834200026,0.09018835436075119,0.16061958142217606,0.051075750530004446,0.08966850965032691,0.09094831663440615,0.027768061154365427,0.25881898426779637,0.060266059686105294,0.13070215436176996,0.10038473659025345,0.10024902971260209,0.06250205948427942,0.09409381491828588,0.13022584200540502,0.017672990361177764,0.08577860073031916,0.062285713965148974,0.013563499102358852,0.0054814593349430405,0.027492306065426773,0.17822411405818522,0.05196947250218702,0.02977049159155893,0.09300221264141717,0.17600648064578514,0.15243063322524364,0.08507553736647443,0.026263694827171676
rowId134,0.02562141734791899,0.08517001339279531,0.10085216866489953,0.08148668066719446,0.09500916353817297,0.05390023838106589,0.11201857577179962,0.07090457711116659,0.04256926151243291,0.04744942273940095,0.10355086589252654,0.16241222083888848,0.03961435402692669,0.13844044529711408,0.019127231002087627,0.09330931421783428,0.07074065692092224,0.1051118587615843,0.07988827723680285,0.06291784212017582,0.06874798169201987,0.19277381183983736,0.13621507646855882,0.013725977296703391,0.19512175973379914,0.17600648064578514,0.12700540400463725,0.010336929883731765,0.3093554490731001,0.032359818370631226,0.072099642549982,0.002316316510001745,0.13091803247248263,0.03735984974308029,0.13478958388347761,0.11362113880128479,0.05758175040859915,0.05240819850123343,0.047113868993233096,0.04256926151243291,0.10360607847073296,0.057715175115986395,0.049508764798018974,0.09206805513314008,0.029237766048682105,0.06944514977390738,0.09595609125389327,0.019092016924790765,0.0014734937643591185,0.014257324378410534,0.021423618077814347,0.014019535842511229,0.08148668066719446,0.1354156656773594,0.05745113261848428,0.06245472633172106,0.04372229617401926,0.034192443862057706,0.21134613596198915,0.06245472633172106,0.09325059267029452,0.011030822511195562,0.027763038657373913,0.029383760512826113,0.0749770436991232,0.10279955933541127,0.05130884486760263,0.40557282941627437,0.023330181294667924,0.26881345614637076,0.029105527801113307,0.08685226182184991,0.3175120038808173,0.02029622361328579,0.024266183679863794,0.02696601461760173,0.07730301579951251,0.21095702757387483,0.06302210618487246,0.11402459448067369,0.014716686096325607,0.07178921113168528,0.026824400993290573,0.15778891138703702,0.12865367008844464,0.012302249161072084,0.09487925635320633,0.012558098626810878,0.045200432058649556,0.06097390686036244,0.026426546782911408,0.0019743672866612385,0.028669348790339493,0.0069603434554135245,0.057715175115986395,0.06216262999539586,0.099652762165392,0.05692538241875496,0.06707224149513806,0.07261732845551341,0.07031572056692838,0.14399552386602338,0.1427773981478607,0.08840250238522263,0.04462283994352437,0.3556424361647484,0.10806418965376709,0.06082818198831625,0.06874798169201987,0.10006566146445842,0.11147700396371757,0.028351876179501967,0.0009565827979865296,0.08966850965032691,0.1134198647261424,0.05170643345835024,0.0314607697635493,0.11862327645103342,0.025333958859089768,0.03518168490499371,0.13881479140370268,0.0955187759967584,0.07381480878488941,0.04821058808631389,0.09222861443600389,0.3070058519568064,0.18545904204552274,0.19014511813092702,0.024771235204193724,0.050749717000185206,0.07554793194649385,0.10708985912028696,0.044860885474410195,0.08685234331831665,0.10307852310271426,0.027739673843593833,0.06136603642967155,0.021226796448345624,0.023806578256957357,0.08653034708937724,0.06384464835745123,0.1873828912940007,0.18249217498805528,0.09684750332021232,0.06873054017857778,0.04669969026339511,0.05024722004133929,0.0879574190924659,0.08481315466306634,0.07252304152301488,0.05086519017247306,0.1175324079111423,0.060446261739116706,0.06886356171131285,0.0874074118222219,0.08586955293230615,0.06069020644170173,0.048297437251682875,0.12410549086147098,0.05037667855411855,0.02243896273490084,0.08924529259492195,0.04769708527913133,0.019892428173312823,0.06460373209232116,0.13886235682904702,0.12236543073654657,0.18894688715902186,0.16266482666147805,0.10349991225940729,0.06075676659749816,0.1466377351705964,0.027407112804122807,0.09045302062979264,0.04541251652372214,0.26307161862603196,0.04070700659105985,0.06082818198831625,0.10197873909666125,0.12441356900095034,0.3771672212472896,0.07467052724840187,0.053628078709692925,0.33732251758153786,0.05686233393948718,0.02056781267910599,0.14896969453060246,0.10426991559030556,0.06053130067514153,0.051633899716894936,0.10039594338350237,0.2186621908474496,0.07075565832710061,0.261655810195167,0.09325059267029452,0.015352563380492361,0.19562540965975656,0.03808331619262089,0.18541752096511707,0.06841565862114168,0.17638607500940456,0.028067500025218257,0.0905182719978466,0.0401083087727199,0.03439272521163692,0.045376733613794906,0.08579832894478713,0.05991102424496552,0.0009565827979865296,0.06115579624633521,0.0016584474346639983,0.028854506441448317,0.02318646687325158,0.1125644642390023,0.06496844226399118,0.20247490841399748,0.028854506441448317,0.1357009020748816,0.11928874304104242,0.1879263109057972,0.1615715416251067,0.1175324079111423,0.032210831267687964,0.035056425684755754,0.03352815115625609,0.033365314010788134,0.047635917976653605,0.008293484545749671,0.07881535331481296,0.015529893083447616,0.13957516578622461,0.08472293367978442,0.017588295025992687,0.08654471896219404,0.07913518569135433,0.030996936519047814,0.04586860269306368,0.02977049159155893,0.015927063990360178,0.05686995490855384,0.11077466046246393,0.10738461346976483,0.10854730204208571,0.04440583666255198,0.03726148697091725,0.02840022742037241,0.10981751210074983,0.034695106210996585,0.05511425938721453,0.03648124451396212
rowId135,0.06369774307302835,0.09857740111087837,0.03134987981722057,0.016588984493490472,0.17638607500940456,0.030182422378276723,0.0013854556807550518,0.019916581577746697,0.08786929151668124,0.1063164309380385,0.1824389242971646,0.00588991757559099,0.04809396790315217,0.33091766808774714,0.05670052168664793,0.13478958388347761,0.12972031364053122,0.03216971260422346,0.36400503546692115,0.07152735509648726,0.020756155523585302,0.11752161948341273,0.10806418965376709,0.029237766048682105,0.09300221264141717,0.03737447382194406,0.025174039322353518,0.03240034146396136,0.0576500574178649,0.03307704851652938,0.05086519017247306,0.15492062769528012,0.2394309350208083,0.3228831316963086,0.2159207442663503,0.03344599543635577,0.0519431516812059,0.03127487733751449,0.04424430627846097,0.18583451268168535,0.10786140375021272,0.03590586360127347,0.0984254873172523,0.15427323840338192,0.1612891967285631,0.03589832647286954,0.07278167971079125,0.09939811435029541,0.055251470079924085,0.0196556399038762,0.2003959170726871,0.022197490518024013,0.43869097846121036,0.1640993206899182,0.06345286629684944,0.013003491916629327,0.07230439312494019,0.11325291449263311,0.1798948556160159,0.029105527801113307,0.07658065332977336,0.038627933456537346,0.18338484295646426,0.061119482480982854,0.2076241358354501,0.12361762312368559,0.028303357240390212,0.13066122595384033,0.07044365083545326,0.123826265711517,0.0415090335415429,0.15249242112043093,0.03005283459482651,0.046607082917171326,0.1341652501913408,0.05081679252632302,0.05037667855411855,0.20857655664498323,0.026876565589276938,0.3334925090390668,0.04346462473617179,0.15217526271752516,0.06420564322210497,0.033309323892934846,0.10737095420916197,0.028715490854207354,0.028799829447790155,0.0031098328052653304,0.033220339547255416,0.18583451268168535,0.1417595897119603,0.039872841557605905,0.10355086589252654,0.12252495912844875,0.010581444816286216,0.0879574190924659,0.05995406151271267,0.36799292665354805,0.060795326079078026,0.022579196739952512,0.1873828912940007,0.05608147292049057,0.2386319475261509,0.065728013099982,0.1445093638682014,0.19629602978222907,0.02313783907768579,0.07451204275514442,0.012944281733999176,0.14638398611707923,0.15243063322524364,0.05722470980939253,0.13962037808819094,0.3037920355828678,0.02562141734791899,0.09409381491828588,0.1581044432373948,0.09835796675412416,0.10060492240923555,0.056891079170697266,0.10440381610333906,0.02611256720996245,0.0876026134183375,0.012587335184230724,0.061019999055244085,0.13074656879043367,0.017923659099580245,0.06435750665381641,0.05740994371397918,0.11630662596262815,0.1798948556160159,0.019048800579276583,0.36799292665354805,0.0899790526173496,0.06451092060994358,0.10186479796660679,0.20247490841399748,0.019315778665033825,0.35371062299421097,0.18191540179836385,0.11138415490383903,0.02273898861418235,0.016358000002096352,0.059194134118890046,0.10085216866489953,0.17956653351301535,0.09543761332904574,0.016137772223863426,0.15962122246056037,0.03832618871610142,0.02966187467733761,0.038176370151236406,0.02774020260628076,0.07767994817908282,0.1404080633955328,0.01678977509604229,0.045795797598099486,0.012095021669586549,0.1957036499749003,0.02351227273072225,0.1052622382613658,0.03825583218523496,0.2765435329574788,0.030153517681651424,0.04892163518420947,0.07554793194649385,0.021580403233670803,0.1076361019752512,0.07462147873765274,0.06886356171131285,0.16102481895057755,0.03319941164403907,0.07709042215528919,0.04615049880844655,0.0876026134183375,0.19629602978222907,0.09429267373051416,0.0584438991170054,0.06841565862114168,0.04910280909990828,0.1677536341409256,0.140959726596463,0.07805267957088467,0.02555328322910774,0.14113352939866172,0.14003920305160011,0.05661462709928093,0.26566501185002683,0.13357245140683496,0.08472293367978442,0.0329046009050689,0.09361426491082366,0.03366647778344107,0.03187190381782426,0.034210362222606545,0.1116571166056257,0.18619259208399594,0.12941427028674948,0.10904500645234083,0.04162392941264945,0.03163575376733747,0.17600648064578514,0.3727138994028762,0.057346481122152716,0.11752161948341273,0.0838457233068345,0.05623017099871448,0.02419396447389655,0.09074726331961366,0.0052680624270637945,0.13844044529711408,0.06031646013147246,0.03167120150154307,0.0779192497212779,0.03294574279750345,0.02691960586289213,0.032562388630048615,0.02263917793753184,0.18449154832084794,0.1479456936785445,0.07228921937305575,0.13277468211871718,0.015960476247937345,0.10024902971260209,0.1052622382613658,0.13468626386236254,0.0571866857956583,0.022197490518024013,0.3028211805111555,0.10164575434174027,0.05783041423428113,0.05834458195742017,0.07810796492859388,0.021118410496397552,0.30435797541633286,0.06306523644878903,0.1674209607725292,0.039716931145939396,0.584049185076163,0.04276085660505043,0.03052038560590705,0.049024242005896064,0.20540485068688014,0.043406679589960986,0.0363676403973819,0.03217564722898496,0.09304335223163059,0.2507306932863154,0.15178022389544338,0.28973263368498414
rowId136,0.02977049159155893,0.15868440580585322,0.06496844226399118,0.015469941711065378,0.03848544513246123,0.0907346183323277,0.1215872123146998,0.022190818518236684,0.21326958176696714,0.02313783907768579,0.03324955615323629,0.018806418396416683,0.1356380804867504,0.02650003550771703,0.03052038560590705,0.03439272521163692,0.02002952840479787,0.03775970949684174,0.13671306362195296,0.0772783426344131,0.19009898732459152,0.026336588642208864,0.019916581577746697,0.015529893083447616,0.03319675917204851,0.11954656336370266,0.15962122246056037,0.1382327865214983,0.02029622361328579,0.09025769470979908,0.195916188529966,0.01907033912262752,0.02116821400719217,0.07023972692722037,0.03216971260422346,0.01915352288157754,0.03735839786408729,0.08263987967781321,0.09487925635320633,0.013845486774718425,0.3197689405850322,0.0026465754916795395,0.0876026134183375,0.029339572424451857,0.24094477657595723,0.06707224149513806,0.049744736908177364,0.04126416055933206,0.06250205948427942,0.018364172732089117,0.026263694827171676,0.13323027286096276,0.22321178026943483,0.027892269653222723,0.11147700396371757,0.10477976030004915,0.07708572147077516,0.18283726985167884,0.0904686580562412,0.062045093156662276,0.058789740339478584,0.06787691772128103,0.04917298652148906,0.13021606959958118,0.04305512182419307,0.06924378137890005,0.05379965376413866,0.03248835396083318,0.03127487733751449,0.03590586360127347,0.15664252575486765,0.03357781202869811,0.3727138994028762,0.18353317167795255,0.35371062299421097,0.059236462286335244,0.00193613108216705,0.0954788470012861,0.022901702888118634,0.584049185076163,0.08970485982576791,0.056111954907429595,0.08837334186260187,0.10364937774625661,0.11909544926042755,0.027910207489554757,0.03929745058332522,0.20872635028747744,0.013653968348247239,0.20939838941095246,0.1562688333715234,0.08154620190035185,0.07506896499436568,0.028174092892130336,0.038627933456537346,0.01907473378512423,0.02273898861418235,0.10421310024034515,0.25668347936274627,0.04300577383145825,0.093388886946188,0.006885013636356038,0.18449154832084794,0.020350234254141973,0.06924378137890005,0.082456895347769,0.025720319365882233,0.02814962589004989,0.16061958142217606,0.022052915920142253,0.023054019550028122,0.09073026914828385,0.051366119186550645,0.28033217266827043,0.08377775022095811,0.029352972462383407,0.020621798518323027,0.10138195455992095,0.06220922433133476,0.09272063992965827,0.03045556880439479,0.10430790309244155,0.18894688715902186,0.18338484295646426,0.10426384688641321,0.059236462286335244,0.03983059066932128,0.021151515504727717,0.25635908080830144,0.07810796492859388,0.2480913783478117,0.16364977061611355,0.11593151931672963,0.0399806288070988,0.0632434822655344,0.09669392721349093,0.06556312471448641,0.0749770436991232,0.1382327865214983,0.062430280141366375,0.05992858240965832,0.035261434698328355,0.01473791567634694,0.20146058500594796,0.06844674841574178,0.0054814593349430405,0.05740994371397918,0.01927693647622441,0.026980568448242415,0.03350840518769029,0.10241020114291999,0.11954656336370266,0.06460373209232116,0.03868360349542509,0.0505517010170282,0.03315502653878524,0.1414196764074397,0.04230443740330246,0.03305393741437245,0.1500421363925138,0.15669038074703903,0.008293484545749671,0.3681248789730256,0.03815625801769054,0.006885013636356038,0.020982432959834096,0.017430691886933358,0.04213882884517572,0.09704550650974093,0.08966850965032691,0.2076241358354501,0.09165802437935143,0.004252289108198878,0.11458761931764577,0.06136603642967155,0.06369774307302835,0.04465075375308366,0.03948408970897994,0.07797456036523379,0.031740260267190276,0.09868190931741555,0.10724947234195165,0.03167120150154307,0.08406858724476178,0.06279852860220687,0.016358000002096352,0.12607267965372257,0.14716545133457043,0.08949112162957971,0.3594849603243823,0.14871072430793672,0.03240034146396136,0.10114236738919029,0.0052680624270637945,0.029352972462383407,0.21215248245116475,0.017450624484275826,0.027146168235100094,0.0330249773605309,0.09156471727650593,0.0876026134183375,0.3175120038808173,0.02953407343919929,0.14668917981254953,0.009256460734643968,0.03848727934251136,0.2714605466469469,0.016754799503522624,0.03814931609514115,0.14529841026851467,0.029507745076402716,0.04769708527913133,0.26279658803543204,0.04754028045988503,0.03905296466375901,0.16613313457885215,0.2746187737836757,0.13323027286096276,0.11523398534945531,0.0419386775708471,0.028358287807441887,0.07956170583697932,0.13421121227743957,0.02664862240992076,0.11614626967264054,0.023828379467334102,0.0441892550832111,0.06601684212396985,0.028010747977871408,0.10236233413711866,0.010394252366224313,0.02399030813264455,0.07988827723680285,0.1788227873389219,0.10398192488485646,0.1754565304756922,0.04222067134673445,0.14896969453060246,0.049097617730240746,0.022234943294891715,0.04910280909990828,0.012161449214596332,0.11402459448067369,0.05109981097667743,0.04990213832453254,0.08406858724476178,0.03350840518769029,0.0754669708164873,0.08004269499961067,0.05608147292049057
rowId137,0.07230439312494019,0.1297611414039591,0.08214468497383062,0.12626963953472042,0.002316316510001745,0.09025769470979908,0.021423618077814347,0.06115579624633521,0.13066122595384033,0.04379595926580875,0.082456895347769,0.0595199526671757,0.02733218066286086,0.08738340122130314,0.11630662596262815,0.16870580819916503,0.0627691656825544,0.02840022742037241,0.06679846799465182,0.07389922166867542,0.06556312471448641,0.2111621141291003,0.09225130635784731,0.10670357252879333,0.0689993063277523,0.21215248245116475,0.10724947234195165,0.1320554396711257,0.04440583666255198,0.15883501452833554,0.09611385024571852,0.05991102424496552,0.10668520722708796,0.023054019550028122,0.0772783426344131,0.08377775022095811,0.026059042153095482,0.03137587953540144,0.012302249161072084,0.1580817611002511,0.09272063992965827,0.022573770900477633,0.06810160351913451,0.06140680518445316,0.028765196562273956,0.1029843243690421,0.15607134131012784,0.07554793194649385,0.12391169721127608,0.08826146903160012,0.03351405703448733,0.055256227649755706,0.11293500613327476,0.055251470079924085,0.03409757716207294,0.10048285662540822,0.07058851242365444,0.08938879861991139,0.4999321195827659,0.045791771541429424,0.10131679962040124,0.06896073906595404,0.09165802437935143,0.18003070762950393,0.07993950078430732,0.15525234849131536,0.0722395239920576,0.04952331415873677,0.013902640332945745,0.06750234075417384,0.047856065533528384,0.1250324649912175,0.06377588926060201,0.02351227273072225,0.26307161862603196,0.1321701883802027,0.11530079725414541,0.02999614690083302,0.07426990010622855,0.1076361019752512,0.18003070762950393,0.017273800303183713,0.023849798036602254,0.06468796458830008,0.03349720982818285,0.060795326079078026,0.18978437954448157,0.04669969026339511,0.06031646013147246,0.029339572424451857,0.0793443096543359,0.10618502505903259,0.02012066757282389,0.09300221264141717,0.04222978811763968,0.08244247697781007,0.21384661491077844,0.03502074766405762,0.22961718615419324,0.11815629172468389,0.17158028346212587,0.040245610853556525,0.03775970949684174,0.14129435327272127,0.018425671901617,0.04774617208099574,0.02054140468873364,0.02225068215494732,0.012409812198573015,0.017630175192375756,0.05992858240965832,0.1581044432373948,0.002316316510001745,0.03705585238141802,0.04300577383145825,0.04056119255652058,0.08244247697781007,0.04804952846042931,0.10430790309244155,0.03387497164470329,0.06069020644170173,0.10250890973583873,0.0955187759967584,0.18449154832084794,0.03666282831631107,0.09073026914828385,0.025897385529207652,0.013003491916629327,0.027763038657373913,0.11840644712166468,0.0595199526671757,0.07876470710772351,0.06196559736719907,0.046747789712766004,0.20044102279815545,0.031740260267190276,0.03121060153353462,0.04463339559281491,0.07261732845551341,0.023908994145860896,0.01770105402259905,0.24967309262222043,0.04070808234821544,0.012134930745230818,0.03502074766405762,0.13021606959958118,0.5193187597312484,0.06134922898764997,0.021241772437108286,0.15525086444828687,0.017800098837098807,0.04435980035507822,0.3070058519568064,0.1134198647261424,0.1563681993870599,0.0415504732210638,0.08970485982576791,0.12807209650745013,0.02361421532171209,0.017800098837098807,0.11529490747573133,0.09073026914828385,0.059443151246513115,0.10618502505903259,0.20540485068688014,0.04322238139507759,0.042797119164057644,0.008660115293498229,0.04774617208099574,0.04305512182419307,0.05037667855411855,0.2553151597134402,0.029446283759633547,0.005005215016144767,0.08496200088294405,0.0471885983259131,0.11103531492787581,0.07090457711116659,0.0689993063277523,0.05745628713186052,0.055084569082919255,0.037452485883362904,0.10921701078819221,0.039876557026929625,0.19054168358611942,0.04253325415890776,0.042797119164057644,0.040486436781981466,0.0241525457096305,0.13725806414437652,0.10786140375021272,0.033301821495489534,0.05092201320945591,0.03875353309490299,0.2386319475261509,0.02535456283120991,0.20537268538925627,0.09734795100242262,0.07963498296649549,0.2091523714731809,0.08018129967829611,0.12121331241289607,0.04583884293867521,0.11445004906312639,0.13571850953256293,0.015793248160788205,0.08326537255041222,0.08895253341747135,0.11861451035848701,0.09684750332021232,0.1789631763486703,0.10902995955306398,0.07915161640724724,0.0754669708164873,0.2078788065117053,0.03839846356265713,0.05436874168032864,0.012961469731987266,0.03815638308977166,0.010343023728082419,0.08414673120938626,0.1266858152845967,0.04058050711022771,0.10187193224047701,0.0722395239920576,0.054280931684650695,0.025333958859089768,0.062430280141366375,0.07720896244367571,0.06838553160708132,0.03429226884051455,0.018784945065822876,0.08135120198795744,0.06194984082576789,0.02002952840479787,0.0035574907143634156,0.12321405941938406,0.0068412080772048455,0.14529841026851467,0.09555741616989258,0.027339415128827614,0.0962274436407269,0.08814272218469847,0.05735554479919937,0.016358000002096352,0.03550697569405258,0.047921103849625876,0.049097617730240746,0.021527467005206555,0.0874074118222219
rowId138,0.005588867695018397,0.082456895347769,0.02760353810210546,0.09811087086971863,0.07856483488912339,0.13829512470271474,0.20579014505034474,0.08048125822188523,0.0010202824078819834,0.20872635028747744,0.028906179387724443,0.04669969026339511,0.054822115843996516,0.07152735509648726,0.04203818600440162,0.1356380804867504,0.12380179439755364,0.06874798169201987,0.008660115293498229,0.0550416688137162,0.05371547389741796,0.0378669845402935,0.0014195172520296124,0.026146505080541723,0.1279124781470182,0.10394473113420492,0.017430691886933358,0.06715056668121039,0.012023196246579756,0.10491625862270752,0.0878045545547013,0.0628343017848615,0.05268225340870092,0.023826594959694768,0.05130884486760263,0.06584732067285312,0.10670357252879333,0.053990798115460266,0.03772199700644724,0.07417031644006374,0.0415090335415429,0.16266482666147805,0.06377588926060201,0.12138970524070905,0.2776265708225612,0.036649896912632624,0.16172161237277496,0.037452485883362904,0.0397050772708996,0.15249242112043093,0.020529509358829346,0.19373147860601644,0.019127231002087627,0.07601437163497518,0.15544147439358993,0.02263772852861777,0.045795797598099486,0.0397050772708996,0.04516920421558451,0.038486313482753644,0.02584657308877199,0.00723332362833648,0.11027956864797933,0.08004269499961067,0.14573659520976878,0.172012297833012,0.0361999467180642,0.0348058819147593,0.06123350526234784,0.03334952467146852,0.1404080633955328,0.021241772437108286,0.07114096024572565,0.048619139107471364,0.3148892573261145,0.12860464508678013,0.04570153127571757,0.14896969453060246,0.25668347936274627,0.06620182671010647,0.025311766711087064,0.02857897095131983,0.03080378095493439,0.0485374725560171,0.05339413863343843,0.013145015428794026,0.3148892573261145,0.11242857206816594,0.08010368087486869,0.0749770436991232,0.023846452282117396,0.021030671122743688,0.12411607552736283,0.08924529259492195,0.06356196425814355,0.15258766027551868,0.13621507646855882,0.11575658288256026,0.013570794622076622,0.03999860299970289,0.07197347829236062,0.03167120150154307,0.20872635028747744,0.16841652266777207,0.09409381491828588,0.06103237777299579,0.06757375974048797,0.06485024265722507,0.07197347829236062,0.05104574543442532,0.029352972462383407,0.10534266627030402,0.049024242005896064,0.016040533338174266,0.1843844272071021,0.027504269865620715,0.06605031758532445,0.03366647778344107,0.051770520819839676,0.07389922166867542,0.08653034708937724,0.12391169721127608,0.040202306975338144,0.1295178019926262,0.19435376875942542,0.034509813976437216,0.046794393761696036,0.04219281776284814,0.03357781202869811,0.03735984974308029,0.11201857577179962,0.14896969453060246,0.07851951477554499,0.20341448967898124,0.15962122246056037,0.07584865320171244,0.03772199700644724,0.012087732820448055,0.029826891600890564,0.07379161689293162,0.008203217482846543,0.12912460435442497,0.07309631450339381,0.04541251652372214,0.10328477219772461,0.14632140965753745,0.08496200088294405,0.03759004280874613,0.0905182719978466,0.06071106900104466,0.029507745076402716,0.04837986921081425,0.17822411405818522,0.10491625862270752,0.03387497164470329,0.08583343789693548,0.035363195774129205,0.020621798518323027,0.028348923763038197,0.12236543073654657,0.22080184262869307,0.021241772437108286,0.08079510604588554,0.13021606959958118,0.020756155523585302,0.10076413849603529,0.020598295357288864,0.05511425938721453,0.191928510251779,0.0052680624270637945,0.019092016924790765,0.02696601461760173,0.025333958859089768,0.053126077928174774,0.055251470079924085,0.10349991225940729,0.3180651754385313,0.018955262996848417,0.020621798518323027,0.19745924543290813,0.051633899716894936,0.03235926346470298,0.13671306362195296,0.04322238139507759,0.08018129967829611,0.028154251193438836,0.02361421532171209,0.043145974762119024,0.08042163712152642,0.019287301519781058,0.10006566146445842,0.05833622116877451,0.08195793823383195,0.05986381853936585,0.31529600635664984,0.022234943294891715,0.031089106207021117,0.21004634554321927,0.18978437954448157,0.037558283967565914,0.21476115788320732,0.02642587952391636,0.017450624484275826,0.03248835396083318,0.04700080692243039,0.025160760491888617,0.045509685059433785,0.05916657597753136,0.09272063992965827,0.0325779914417661,0.1185385584173658,0.023969313841829896,0.1911796698425654,0.11477596273895989,0.3260595187431702,0.06308101847755063,0.026824400993290573,0.11954656336370266,0.03727036506772215,0.04300577383145825,0.11630662596262815,0.062430280141366375,0.1550396469231862,0.18978437954448157,0.024618591499328494,0.10426384688641321,0.3070058519568064,0.0068412080772048455,0.2553151597134402,0.2078788065117053,0.051770520819839676,0.03352815115625609,0.05722470980939253,0.04615049880844655,0.20579014505034474,0.05692538241875496,0.034958360764687876,0.020621798518323027,0.07170174788096212,0.10708985912028696,0.03315502653878524,0.09622246946358516,0.040245610853556525,0.02381888579015437,0.07441619064437292,0.06944514977390738,0.04071275281232493,0.02313053330121862,0.03991607894800064,0.07373625391171952
rowId139,0.06457918226837461,0.10939680651715215,0.19388151623358074,0.02650003550771703,0.033301821495489534,0.01895455216864403,0.1792834397466763,0.04300577383145825,0.03544353092451041,0.04078779991944996,0.11009175703346592,0.09888230924825035,0.1276348184276337,0.028547592901568733,0.08029710466537372,0.026932067970345412,0.12558596605576303,0.09869680188678473,0.032359818370631226,0.002316316510001745,0.0905182719978466,0.06605031758532445,0.2386319475261509,0.040245610853556525,0.06926103601658354,0.0014042345243768168,0.11752161948341273,0.027339415128827614,0.22961718615419324,0.03942154954513675,0.026980568448242415,0.07194821538076857,0.04210500574751806,0.051366119186550645,0.1386428392245063,0.025327660444154753,0.14638398611707923,0.31529600635664984,0.033309323892934846,0.08226846302831745,0.08657086839348747,0.028765196562273956,0.03400334190851857,0.08969943217494578,0.05034077198458959,0.1834345178956457,0.04837986921081425,0.06114028361909431,0.015664244459787043,0.03350840518769029,0.03386979239732146,0.07881535331481296,0.0536970880051042,0.03727036506772215,0.06164151164633323,0.02953407343919929,0.04734445323783841,0.08061541586142089,0.1276348184276337,0.05880646563927412,0.39546404121520046,0.06408883949666411,0.040245610853556525,0.08657086839348747,0.2003959170726871,0.08600508125519364,0.08352530227143147,0.15883501452833554,0.014470794131012073,0.13881479140370268,0.06382012832209755,0.2553151597134402,0.0277221587397961,0.015469941711065378,0.020498449919657748,0.33091766808774714,0.03386979239732146,0.016358000002096352,0.06168446572573735,0.14825661287507363,0.07426990010622855,0.2333867513310674,0.047113868993233096,0.14718307939982944,0.23095548830597412,0.10668520722708796,0.027763038657373913,0.078934870899722,0.03386979239732146,0.0618648465896002,0.014470794131012073,0.14952523046457591,0.06882577223500075,0.08555483590857797,0.02664862240992076,0.04253325415890776,0.24207692773610648,0.014956096707606049,0.10879308328872195,0.015469941711065378,0.043406971336301,0.07461071930135524,0.07103377565029463,0.04177562316439023,0.13315991708683086,0.010467376051495317,0.0979135366345343,0.30318879799301185,0.04253325415890776,0.11443541100529811,0.02361421532171209,0.04128466076665463,0.04379595926580875,0.002316316510001745,0.05486084811073825,0.024124754485251945,0.038627933456537346,0.15243063322524364,0.06134163395735278,0.012087732820448055,0.2534575377415102,0.03127487733751449,0.07755929807815137,0.1581044432373948,0.034865189638133724,0.017264477451250176,0.2417907223928248,0.0752064061748442,0.057363782537312245,0.023099802747534592,0.07152735509648726,0.08685226182184991,0.11928874304104242,0.045795797598099486,0.34567410193402004,0.0016594866843270078,0.13478958388347761,0.14011744072666557,0.17327047237633048,0.10668520722708796,0.03759004280874613,0.11752161948341273,0.1115905840203343,0.08321436088057595,0.10337740311861805,0.1427773981478607,0.02555328322910774,0.05393921197358413,0.09379182321443247,0.15835562061705558,0.06644712560729071,0.05109981097667743,0.5193187597312484,0.06886356171131285,0.16181108040061645,0.0421658790621041,0.08786929151668124,0.25169580570047323,0.051770520819839676,0.19009898732459152,0.0017202596135649285,0.04636684804944004,0.014661684040514657,0.028854506441448317,0.12380179439755364,0.051602939631941826,0.00469153133525907,0.046607082917171326,0.051853501696350786,0.14573659520976878,0.09865414033922758,0.061844400965221764,0.10056264620920957,0.1674209607725292,0.12987758190099027,0.0792544397720208,0.0241525457096305,0.13571850953256293,0.010987912659858455,0.1789631763486703,0.06744074606654175,0.11594780990046437,0.026932067970345412,0.11122896499749457,0.08496200088294405,0.028669348790339493,0.07090457711116659,0.10897046204943009,0.1879263109057972,0.1369968788708034,0.060446261739116706,0.45997384824528237,0.14896969453060246,0.027407112804122807,0.14933438258730217,0.10038797037179867,0.08226846302831745,0.11963798953386495,0.11882319584165722,0.033309323892934846,0.0878045545547013,0.10851714506791006,0.03409757716207294,0.11755973381021978,0.022201433566264018,0.35546825740553917,0.1051118587615843,0.03854164996678236,0.1500421363925138,0.05092201320945591,0.049621278745842524,0.0359447612391452,0.11529490747573133,0.03467003182642679,0.04375041821232045,0.012161449214596332,0.02284163337380396,0.033106713589935485,0.09669392721349093,0.0541445986603901,0.06584732067285312,0.03839141000492729,0.1330630091351828,0.08326537255041222,0.09199831259661723,0.017264477451250176,0.03753501969203252,0.06175482815656476,0.061019999055244085,0.08078607664578705,0.02623006659696883,0.11625513295709856,0.11458761931764577,0.1647014841231385,0.18719690702186523,0.07298990170758035,0.040486436781981466,0.03786621570464605,0.059480149237931254,0.04542468396420786,0.172012297833012,0.11362113880128479,0.04795333646108831,0.04785285354146018,0.05109981097667743,0.05745628713186052,0.07037493381792351,0.0635494061796558,0.09720702222508476,0.02054140468873364
rowId140,0.05220606181220708,0.10668520722708796,0.02278187826579537,0.06382012832209755,0.03924510396556578,0.07851951477554499,0.20146058500594796,0.05469840484931965,0.025311766711087064,0.2746187737836757,0.032562388630048615,0.10970978460661515,0.05511425938721453,0.060446261739116706,0.06222357521808899,0.028351876179501967,0.03887950188492328,0.10250890973583873,0.055217181988922066,0.0667889379457594,0.14687038373156372,0.10444233613991619,0.08164072362909384,0.029105527801113307,0.04573619491427452,0.03366647778344107,0.13079995882111786,0.08079817537731275,0.12705315503216075,0.018432099923438347,0.02313053330121862,0.02419396447389655,0.04251837313333597,0.03056710604675929,0.15217526271752516,0.08230037117986294,0.025014108046232233,0.020345966248878473,0.15758099506012443,0.05170643345835024,0.05772318999452151,0.11460330998056277,0.10426384688641321,0.028912686395979416,0.24775353246930432,0.0823375638533397,0.0360755870758148,0.20989097606091836,0.07278167971079125,0.18978437954448157,0.0068412080772048455,0.12563750103973415,0.22321178026943483,0.03905296466375901,0.03425876494478175,0.02263917793753184,0.1637682749328249,0.03544353092451041,0.1040932907750545,0.012302249161072084,0.12450729421284275,0.3194174998259263,0.03786621570464605,0.06169254292998417,0.042946920005675966,0.08840250238522263,0.0656170881376967,0.12228666395372358,0.02957582199534259,0.07755929807815137,0.062430280141366375,0.04128466076665463,0.08214468497383062,0.10668520722708796,0.10534266627030402,0.0360755870758148,0.172012297833012,0.022190818518236684,0.03299054287185349,0.02419396447389655,0.04424430627846097,0.05745628713186052,0.1466377351705964,0.0415504732210638,0.18186820160151645,0.022234943294891715,0.21386519591590655,0.03235926346470298,0.054214800583152645,0.005588867695018397,0.07915161640724724,0.1382327865214983,0.10056264620920957,0.05460540520056117,0.09880416150985406,0.06070335427422454,0.1115905840203343,0.08614679481226657,0.03503989682772746,0.03588597300280466,0.1711454650785608,0.015801451102450778,0.044667915145341616,0.09206805513314008,0.15863599133732575,0.02243896273490084,0.05735692628781611,0.1441239985181465,0.05769832902229535,0.0190519723518334,0.1911693802116228,0.14454419744297103,0.06250849925275137,0.029339572424451857,0.09939811435029541,0.11412182255391809,0.06944514977390738,0.027363439804964036,0.3027496569786528,0.04204329395914663,0.36062337047888127,0.16556059057061148,0.026426546782911408,0.029985474340503245,0.16689987759202496,0.041880081706703216,0.06250205948427942,0.0330249773605309,0.060795326079078026,0.046794393761696036,0.0823375638533397,0.043430434770496025,0.15530946107413995,0.13571850953256293,0.11362113880128479,0.035898107525405044,0.07730301579951251,0.07252304152301488,0.045200432058649556,0.06860051948882322,0.04645193071360075,0.06321851305053366,0.10038797037179867,0.07785515459993708,0.06588276610283748,0.07486977280851757,0.20939838941095246,0.034746682318480944,0.07709042215528919,0.09704550650974093,0.11730261187148877,0.0017571564343280834,0.031275357344309446,0.03235926346470298,0.04589955972427422,0.13162212883887994,0.0363676403973819,0.06039117806019295,0.08569440272150812,0.03814931609514115,0.023303430075389122,0.014772500230663017,0.49528609136595186,0.12361762312368559,0.05180395422007624,0.03523405384106503,0.0507314920588211,0.03550697569405258,0.04817075298797411,0.09888230924825035,0.45997384824528237,0.06069020644170173,0.1159413949746028,0.05686233393948718,0.06039117806019295,0.1334709007063108,0.04321949947062577,0.03489886399072764,0.11529490747573133,0.11124057942966953,0.034746682318480944,0.01817424356802463,0.08195793823383195,0.05268225340870092,0.010467376051495317,0.03187190381782426,0.02029622361328579,0.07241697745172099,0.06922884638999138,0.04676237280688779,0.1090167930446169,0.03157549614693655,0.1911693802116228,0.02481288025966938,0.24358307554122477,0.04809396790315217,0.10024902971260209,0.0485374725560171,0.10364937774625661,0.08414673120938626,0.03578457377357328,0.12131608126838168,0.03957776695492004,0.033555591874811025,0.04982025888411105,0.1779344105324831,0.038176370151236406,0.14638398611707923,0.030996936519047814,0.03633334323186749,0.22105905987919588,0.0664158250271298,0.3556424361647484,0.056891079170697266,0.04583884293867521,0.10922571722489388,0.08257032572084051,0.09225130635784731,0.03681645588138558,0.15388354988563785,0.12941427028674948,0.13914740977622023,0.029706759699468954,0.07506896499436568,0.002786736453702084,0.06267275232069118,0.16556059057061148,0.09812427323413456,0.013003491916629327,0.04375041821232045,0.017998176002266903,0.06250205948427942,0.08732456447569596,0.09769224153143184,0.027504269865620715,0.03425876494478175,0.09720702222508476,0.05354673072017464,0.04036084414354057,0.0026465754916795395,0.06753860586174079,0.11245629191416737,0.0772783426344131,0.14764441014550456,0.36062337047888127,0.037500805942635745,0.026146505080541723,0.1911796698425654,0.04645193071360075,0.01770105402259905
rowId141,0.1134198647261424,0.010394252366224313,0.18978437954448157,0.04921266724526593,0.1615715416251067,0.01817424356802463,0.18003070762950393,0.09325059267029452,0.016358000002096352,0.17638607500940456,0.04401643776890336,0.014951362342960125,0.019620235341900393,0.036291896834200026,0.12626963953472042,0.059443151246513115,0.08914338531565498,0.061847437905578964,0.07209222732767491,0.0938511877510938,0.16340254510766541,0.04458682553622899,0.04210500574751806,0.09761890088074457,0.10426384688641321,0.13844044529711408,0.05248745394216506,0.051141409945534407,0.1754565304756922,0.08380283722038466,0.19822721863685178,0.001160583601150869,0.06841565862114168,0.04253325415890776,0.17530093677818082,0.34567410193402004,0.04364627000013338,0.13957516578622461,0.1321701883802027,0.060795326079078026,0.0485374725560171,0.13072710424841222,0.056111954907429595,0.09720702222508476,0.057346481122152716,0.08325662503095924,0.04071275281232493,0.058797927090255935,0.14687038373156372,0.1386428392245063,0.02317179731502134,0.07058851242365444,0.021226796448345624,0.06415207462311867,0.033106713589935485,0.09880416150985406,0.00569868141837213,0.08034193349068149,0.3594849603243823,0.3194174998259263,0.11700851988804442,0.00424493197697294,0.04210500574751806,0.043763658440362514,0.014375380660155637,0.08555483590857797,0.052153667803229845,0.06828300839267314,0.01669423581904388,0.07565897206750936,0.24967309262222043,0.03839846356265713,0.06838553160708132,0.07262101302967139,0.07400648649450245,0.04608240081918501,0.07586344697981773,0.08517001339279531,0.33732251758153786,0.1320554396711257,0.09017447478088754,0.02002957821666919,0.35546825740553917,0.3037920355828678,0.04809396790315217,0.08614679481226657,0.0337456475259338,0.05758670702735719,0.017450624484275826,0.08352530227143147,0.0461850859364933,0.08712547088757225,0.043763658440362514,0.09720702222508476,0.2200078992959789,0.1824389242971646,0.05833622116877451,0.021241772437108286,0.03409757716207294,0.026876565589276938,0.12347727137335505,0.172012297833012,0.03759004280874613,0.00723332362833648,0.065728013099982,0.16061958142217606,0.06369774307302835,0.09841710633466864,0.02520256731126624,0.3681248789730256,0.1674209607725292,0.16102481895057755,0.045200432058649556,0.05636390858181385,0.13671306362195296,0.06503226309649579,0.03387497164470329,0.21463072383043022,0.04036084414354057,0.08445385072126431,0.14129435327272127,0.03927340148775338,0.06944514977390738,0.02264041966360618,0.10307852310271426,0.23928241693201163,0.05833622116877451,0.07467052724840187,0.10552438389889687,0.03737447382194406,0.019663016356227418,0.07734764030560726,0.09051342413235951,0.09074726331961366,0.07929262048894575,0.15346551334662537,0.08579832894478713,0.00193613108216705,0.1581044432373948,0.15664252575486765,0.019892428173312823,0.26881345614637076,0.09893626269075131,0.2417907223928248,0.034370664243488024,0.08938470287517632,0.06620182671010647,0.02029622361328579,0.07913518569135433,0.023846452282117396,0.03705585238141802,0.2496359041853222,0.034370664243488024,0.028010747977871408,0.24358307554122477,0.10409300769221103,0.07993950078430732,0.07381480878488941,0.030801362127112646,0.06053595980176759,0.16426708102052753,0.03965121145683844,0.19277381183983736,0.12211806068723663,0.04204329395914663,0.07228921937305575,0.13072710424841222,0.08263987967781321,0.01348667430785373,0.054822115843996516,0.07037567900853456,0.36368055324122,0.15217526271752516,0.04261959859366956,0.0471885983259131,0.07805267957088467,0.01869083213487588,0.24595226603168896,0.07117167890071133,0.04909027753160908,0.084028416742319,0.03887950188492328,0.045922997763917076,0.17530093677818082,0.0471885983259131,0.012018084666396207,0.24009752942176518,0.05636390858181385,0.04521676151860069,0.012366508001763019,0.1452086934270091,0.022901222912728655,0.06279852860220687,0.025333958859089768,0.019048800579276583,0.03387939669877388,0.019916581577746697,0.0201585408420951,0.06588276610283748,0.013563499102358852,0.0014734937643591185,0.08380283722038466,0.0576500574178649,0.09206805513314008,0.09280744993744025,0.039876557026929625,0.062888714605575,0.36062337047888127,0.09593659412577094,0.04541251652372214,0.1843844272071021,0.15427323840338192,0.11338932753021252,0.029352972462383407,0.03748970445464128,0.20872635028747744,0.05436172829632793,0.048884152836856834,0.04253325415890776,0.11412182255391809,0.03215927506634591,0.07090457711116659,0.0490379695395885,0.11726927412993757,0.20540485068688014,0.07451204275514442,0.060446261739116706,0.1382327865214983,0.10970978460661515,0.10125690672229279,0.021151515504727717,0.05686893322128239,0.1369571476989645,0.07865097944924848,0.02284163337380396,0.07584865320171244,0.10394473113420492,0.10039594338350237,0.09884639407295902,0.1550396469231862,0.08712547088757225,0.1789631763486703,0.0689993063277523,0.04516920421558451,0.032359818370631226,0.016040533338174266,0.1354156656773594,0.055466322071612284,0.013484203769131214,0.20579014505034474
rowId142,0.03822996370629155,0.018700198478567746,0.014951362342960125,0.063784276915804,0.05104574543442532,0.03005283459482651,0.023844478287064486,0.03288713675441889,0.45997384824528237,0.05850393617212031,0.023682065233235416,0.14481002004165813,0.02562141734791899,0.05787162479345371,0.08338120696561022,0.07586344697981773,0.09519306227719453,0.04176343650280099,0.02611256720996245,0.027876176803554725,0.15919559162073024,0.3003177616492855,0.2251822106904705,0.1615715416251067,0.1674209607725292,0.1823869310687453,0.04471466947688636,0.06435750665381641,0.056700360802280095,0.016754799503522624,0.08732456447569596,0.023099802747534592,0.029352972462383407,0.05511425938721453,0.00723332362833648,0.013845486774718425,0.03727036506772215,0.055251470079924085,0.043763658440362514,0.008660115293498229,0.15427323840338192,0.056700360802280095,0.06035921583087826,0.10618502505903259,0.044049624822995334,0.04806025016521924,0.03045556880439479,0.022234943294891715,0.03160906145105333,0.04078779991944996,0.022579196739952512,0.07074922075822708,0.0024663782729773404,0.0878045545547013,0.20540485068688014,0.05669748161081187,0.08338120696561022,0.020345966248878473,0.14112762206315058,0.03235926346470298,0.0845594630992321,0.20579014505034474,0.21640617987221014,0.0984254873172523,0.023702634221545157,0.07445848668361738,0.19562540965975656,0.03717821775032464,0.03248835396083318,0.007024772460824246,0.13315991708683086,0.4140068328953792,0.017588295025992687,0.01973453494446283,0.19186399792315867,0.06496844226399118,0.11954656336370266,0.059194134118890046,0.0878045545547013,0.11072836442583536,0.2521000479886916,0.08008595999373899,0.06071106900104466,0.15758099506012443,0.08044347490146428,0.07125929557042193,0.13091803247248263,0.04056119255652058,0.015255115808022152,0.03705585238141802,0.06129987982429951,0.03845064532152613,0.20736683539202264,0.09361426491082366,0.025311766711087064,0.052405226629760854,0.04058050711022771,0.020991286417138856,0.08555483590857797,0.05307977036299651,0.06828300839267314,0.07114096024572565,0.028854506441448317,0.4100194020764493,0.04809396790315217,0.033358740680036456,0.013725977296703391,0.09684750332021232,0.05696271235707727,0.11122896499749457,0.14871072430793672,0.11477596273895989,0.060137038670072376,0.0635494061796558,0.179143948589297,0.029446283759633547,0.06082818198831625,0.06825487503589651,0.02317179731502134,0.0419386775708471,0.2186621908474496,0.06439905526673266,0.020889833352379115,0.08041896053972508,0.03727036506772215,0.14454419744297103,0.06750050498598165,0.02243896273490084,0.06164151164633323,0.13886235682904702,0.10738461346976483,0.06082818198831625,0.021067898405439718,0.013653968348247239,0.023806578256957357,0.25668347936274627,0.08712547088757225,0.10854730204208571,0.04300577383145825,0.03350840518769029,0.11294952971498579,0.06744074606654175,0.050133515081212804,0.0359447612391452,0.03523405384106503,0.00866723760616279,0.03319941164403907,0.033290774643300255,0.04379595926580875,0.021157916276166023,0.1357009020748816,0.02002957821666919,0.10402096773709571,0.018291443294187214,0.06629030525291289,0.38875735910827086,0.09865414033922758,0.18896364773024418,0.054129586089871874,0.07074922075822708,0.43441487236169335,0.08577860073031916,0.014470794131012073,0.06196559736719907,0.252546345387661,0.09970243584113091,0.11614626967264054,0.09669392721349093,0.01869083213487588,0.10981751210074983,0.04768002594368225,0.03957776695492004,0.08048125822188523,0.07298990170758035,0.03253960227038006,0.02313053330121862,0.022197490518024013,0.023826594959694768,0.11815629172468389,0.05978660310536649,0.039295265544470714,0.019892428173312823,0.05686233393948718,0.08079510604588554,0.0035574907143634156,0.11186074983563712,0.18628808680826586,0.142594228576919,0.055084569082919255,0.021772511529288482,0.013145015428794026,0.12972031364053122,0.15249242112043093,0.04094085519318643,0.10394473113420492,0.11815629172468389,0.26279658803543204,0.062285713965148974,0.10039258696788503,0.13464322407379928,0.04280986253284726,0.07785515459993708,0.03520873620064968,0.09017447478088754,0.19373147860601644,0.1767565322514853,0.1792834397466763,0.24172811512025913,0.11837185643558287,0.0490597499275445,0.06140680518445316,0.06399474151154907,0.11730261187148877,0.07460163473835035,0.012715153096983886,0.04346231377022084,0.0649477681015009,0.11009175703346592,0.09165802437935143,0.005005215016144767,0.31529600635664984,0.1369968788708034,0.013563499102358852,0.3037920355828678,0.05469840484931965,0.5193187597312484,0.07023972692722037,0.21095702757387483,0.04481391576928428,0.03736430133007787,0.0208339993927098,0.15795199457320505,0.12481380621321259,0.09950116357986438,0.08380283722038466,0.10334672978344611,0.07044365083545326,0.042946920005675966,0.10241594063559417,0.19194275096689792,0.03417634251930709,0.05694070031043384,0.03924490953398031,0.05354673072017464,0.033220339547255416,0.021580403233670803,0.023806578256957357,0.02733218066286086,0.03419462071077893,0.1873828912940007
rowId143,0.0673440682358704,0.04305512182419307,0.04213882884517572,0.03678678295654137,0.014399625229580902,0.0316759563735845,0.1412294811690744,0.07329327435539988,0.20146058500594796,0.07329327435539988,0.002450277267931671,0.22321178026943483,0.02650003550771703,0.025271682694782034,0.05088840639974515,0.02239055797752867,0.057363782537312245,0.017630175192375756,0.026980568448242415,0.03822996370629155,0.1029843243690421,0.1178912662492186,0.0013854556807550518,0.1674209607725292,0.16842985562662227,0.10007624563057085,0.013081264351617305,0.043406971336301,0.27926771393662286,0.03544353092451041,0.07637491113170373,0.051602939631941826,0.04700080692243039,0.123826265711517,0.04998130919555556,0.10364937774625661,0.0507314920588211,0.0069603434554135245,0.049131978517202565,0.10921701078819221,0.34567410193402004,0.2106587338270038,0.031193985106960725,0.15919559162073024,0.1677536341409256,0.5570239156008115,0.04346231377022084,0.060137038670072376,0.04107797825956584,0.006246975601047956,0.09206805513314008,0.0907346183323277,0.09769224153143184,0.03814931609514115,0.14129435327272127,0.09857740111087837,0.14958268588671825,0.0656170881376967,0.051853501696350786,0.06677823908643249,0.0069603434554135245,0.04615049880844655,0.0014311573718241751,0.03366647778344107,0.04346462473617179,0.054938895266455595,0.43441487236169335,0.11625767060285853,0.047162230417682645,0.02733218066286086,0.029339572424451857,0.1550396469231862,0.05196947250218702,0.18894688715902186,0.21004634554321927,0.035261434698328355,0.03449769517907935,0.06841565862114168,0.012126675197217269,0.07114096024572565,0.05429242909402791,0.028799829447790155,0.04589955972427422,0.04375041821232045,0.07178921113168528,0.05034077198458959,0.14858535047801408,0.05805212147369039,0.05986381853936585,0.03929745058332522,0.03736430133007787,0.025327660444154753,0.01660390198358485,0.06584863655866877,0.05061685740582469,0.03875353309490299,0.024124754485251945,0.011447945396967713,0.07956170583697932,0.220292524920484,0.2394309350208083,0.062285713965148974,0.028854506441448317,0.02054140468873364,0.02966187467733761,0.0014311573718241751,0.03514465642276618,0.11862327645103342,0.1968180510868663,0.15627345005088242,0.11293500613327476,0.03502074766405762,0.16266482666147805,0.20959641478555013,0.018150947067355323,0.04586860269306368,0.06220922433133476,0.034058891602593,0.15673013638471428,0.03915384690431336,0.07995188821965497,0.14040186023070478,0.015469941711065378,0.025271682694782034,0.0196556399038762,0.06944514977390738,0.02794422929916819,0.10114236738919029,0.11684276578331389,0.1798948556160159,0.11273450456651479,0.03357781202869811,0.031740260267190276,0.08907090607325127,0.11385499890938716,0.010394252366224313,0.08545342411244973,0.23725070138533247,0.051082808073531286,0.062350729694423915,0.07700547832610954,0.36400503546692115,0.09888230924825035,0.14668917981254953,0.01530033495826165,0.038669056209247425,0.021423618077814347,0.03334952467146852,0.0461850859364933,0.10440381610333906,0.09500916353817297,0.02419396447389655,0.12807209650745013,0.06584863655866877,0.28033217266827043,0.0316759563735845,0.04305512182419307,0.1137250587043581,0.032210831267687964,0.1640993206899182,0.1452086934270091,0.03056710604675929,0.0838457233068345,0.10125690672229279,0.036405905071761224,0.13072710424841222,0.04107797825956584,0.17172641547838768,0.08321436088057595,0.024124754485251945,0.2258985049700433,0.08569440272150812,0.05101712555052155,0.06693039258088294,0.13162212883887994,0.09820919447804341,0.06319030421927102,0.05453101905055259,0.05670052168664793,0.014951362342960125,0.34468304846797815,0.0699128580206811,0.04982025888411105,0.09244417169740099,0.02815537823506851,0.010394252366224313,0.027876176803554725,0.023054019550028122,0.0360755870758148,0.004332332792757682,0.02113556481743805,0.10328477219772461,0.061844400965221764,0.0667889379457594,0.014399625229580902,0.04132392199381643,0.047921103849625876,0.10981751210074983,0.11460330998056277,0.014661684040514657,0.15669038074703903,0.013563499102358852,0.04203818600440162,0.05291159731953287,0.15530946107413995,0.1957036499749003,0.047635917976653605,0.027504269865620715,0.07044365083545326,0.09045302062979264,0.11740460218514133,0.029507745076402716,0.26879822329353653,0.033097731182593564,0.16677513400863042,0.033220339547255416,0.06021094519756196,0.08566758211999098,0.2553151597134402,0.004317486260476565,0.13990357565144373,0.08865993303919399,0.3681248789730256,0.0014195172520296124,0.043763658440362514,0.03681645588138558,0.029826891600890564,0.11365898223390919,0.06216262999539586,0.053126077928174774,0.05180395422007624,0.02840022742037241,0.017686954574394967,0.028506084278041223,0.10006566146445842,0.12205572874413355,0.18283726985167884,0.046881382097812806,0.04754028045988503,0.06415207462311867,0.03753501969203252,0.06750234075417384,0.26879822329353653,0.03489913479097014,0.04401643776890336,0.15217526271752516,0.033506658653691006,0.0749770436991232,0.18338484295646426,0.1003528810059929
rowId144,0.07037493381792351,0.04774728846850738,0.02743976817762768,0.1175324079111423,0.045360789929056525,0.027892269653222723,0.04210500574751806,0.14343504384091949,0.10426991559030556,0.03994451649516368,0.1279124781470182,0.07755929807815137,0.013845486774718425,0.012216891820285111,0.1445201601817003,0.16903165089690644,0.19745924543290813,0.10421310024034515,0.01374440018485426,0.0181559662694938,0.03947508985661001,0.07844066975234061,0.16678773669465566,0.0419386775708471,0.10565873408288223,0.084028416742319,0.03294574279750345,0.014635708471241923,0.15795199457320505,0.03561139959328582,0.3468516279701624,0.16241222083888848,0.23158276126519725,0.0035574907143634156,0.09811087086971863,0.06097390686036244,0.34891311677638054,0.08448792858324237,0.03788775710543377,0.058789740339478584,0.018639036263385752,0.252546345387661,0.03935005438836094,0.0979135366345343,0.06071106900104466,0.1078497759557763,0.11266209052558614,0.07792447873124378,0.015701948111027837,0.33732251758153786,0.07252304152301488,0.07913518569135433,0.11684276578331389,0.2670740704633735,0.14939398150028746,0.1452086934270091,0.1445201601817003,0.1330630091351828,0.1615715416251067,0.06140680518445316,0.03775970949684174,0.052083190847696914,0.08154620190035185,0.03514363435872044,0.11338932753021252,0.031756706272599924,0.026276556651016393,0.03808331619262089,0.03735984974308029,0.05486872498828684,0.062045093156662276,0.036649896912632624,0.018700198478567746,0.10618502505903259,0.03386979239732146,0.009256460734643968,0.033106713589935485,0.02623006659696883,0.033506658653691006,0.008293484545749671,0.027739673843593833,0.07037567900853456,0.11730261187148877,0.031193985106960725,0.13106381999870861,0.03794816822754598,0.13106381999870861,0.13162212883887994,0.0415090335415429,0.06759523942494555,0.021030671122743688,0.0359447612391452,0.022197490518024013,0.048884152836856834,0.05686893322128239,0.013570794622076622,0.062303464678621655,0.12411607552736283,0.08684442825395526,0.06216262999539586,0.04292360038385886,0.05694070031043384,0.03794816822754598,0.05670052168664793,0.10328477219772461,0.030328569389991258,0.010581444816286216,0.0024663782729773404,0.08938470287517632,0.07658065332977336,0.1879263109057972,0.04462283994352437,0.02318646687325158,0.17061893930874097,0.11294952971498579,0.10307852310271426,0.04455737455271466,0.1342836024757118,0.13829512470271474,0.11174286545708143,0.030927021957536882,0.19690434088246628,0.02733218066286086,0.16426708102052753,0.06114028361909431,0.04364627000013338,0.0962274436407269,0.06759523942494555,0.04130264847584571,0.11443541100529811,0.03736430133007787,0.01986848339245085,0.07762287103978621,0.05618891157550481,0.03544353092451041,0.05942891483026106,0.07767748564375446,0.031876346560642095,0.06215243224595004,0.02281560115399537,0.06715056668121039,0.08004269499961067,0.2121707794512331,0.033579700002234446,0.025392678101793305,0.035056425684755754,0.18057994137607258,0.14896969453060246,0.056111954907429595,0.2578014176647156,0.08712547088757225,0.11772017342388433,0.06053130067514153,0.0979135366345343,0.01988777446856482,0.02774020260628076,0.2746187737836757,0.07137774300691742,0.2553151597134402,0.15086271529609083,0.03924490953398031,0.09097591582361568,0.09438867908508199,0.1932187420887361,0.09094831663440615,0.1789631763486703,0.10039258696788503,0.02273898861418235,0.053126077928174774,0.05686233393948718,0.11523398534945531,0.06503226309649579,0.056700360802280095,0.0361999467180642,0.0721305894263954,0.2333867513310674,0.05248745394216506,0.06693039258088294,0.16426708102052753,0.024377994979228636,0.010874952074147064,0.052956487694236526,0.1873828912940007,0.22840368924551568,0.04909027753160908,0.09379182321443247,0.12807209650745013,0.20939838941095246,0.035261434698328355,0.04095910770721359,0.03357781202869811,0.010343023728082419,0.015960476247937345,0.019127231002087627,0.15664252575486765,0.0461850859364933,0.017998176002266903,0.060795326079078026,0.220292524920484,0.18694592172753058,0.12319189475464339,0.11147700396371757,0.005679349701945355,0.09236449954720602,0.023846452282117396,0.2200078992959789,0.04095910770721359,0.1309239724605942,0.055084569082919255,0.047856065533528384,0.047691580699675384,0.07113296854299447,0.04542468396420786,0.1356380804867504,0.03315502653878524,0.13316941358652512,0.2606536427728311,0.021241772437108286,0.002450277267931671,0.0635494061796558,0.10250890973583873,0.015469941711065378,0.05986381853936585,0.07881535331481296,0.025029094172608478,0.0241525457096305,0.06216262999539586,0.04385903655213013,0.04375041821232045,0.1357009020748816,0.07708572147077516,0.11245629191416737,0.07593919617160745,0.027839708058538748,0.05952281701584533,0.09025769470979908,0.08586955293230615,0.03839846356265713,0.24358307554122477,0.14463515329590595,0.1141660897894949,0.19277381183983736,0.3003177616492855,0.020242087393360333,0.017264477451250176,0.023992342584586136,0.1297611414039591,0.03565841363186296,0.007194636632862728,0.220292524920484
rowId145,0.03319941164403907,0.04280986253284726,0.11836588863489117,0.18719690702186523,0.11402459448067369,0.0905182719978466,0.06069020644170173,0.10112773277521184,0.12481848783605332,0.049097617730240746,0.08048125822188523,0.021527467005206555,0.07278167971079125,0.1404080633955328,0.02054140468873364,0.07666916063144738,0.05758670702735719,0.03798354132414837,0.06035921583087826,0.06838553160708132,0.11626584452197324,0.18191540179836385,0.10751684760680322,0.0014042345243768168,0.03352815115625609,0.03366647778344107,0.05248745394216506,0.1792834397466763,0.010987912659858455,0.01817424356802463,0.03854625184302271,0.035898107525405044,0.08964431767445613,0.1078497759557763,0.05670052168664793,0.15673013638471428,0.20146058500594796,0.33732251758153786,0.062303464678621655,0.025897385529207652,0.02953407343919929,0.07381480878488941,0.23095548830597412,0.06675030899708037,0.08472293367978442,0.017686954574394967,0.10048285662540822,0.08865993303919399,0.03501514193951451,0.0793443096543359,0.038176370151236406,0.05170643345835024,0.11575658288256026,0.02278187826579537,0.16678773669465566,0.04102533692048867,0.10048285662540822,0.07178921113168528,0.01973453494446283,0.03775970949684174,0.2670740704633735,0.033106713589935485,0.06107495036395189,0.1266858152845967,0.0571866857956583,0.10187193224047701,0.012126675197217269,0.0878045545547013,0.20247490841399748,0.16638812160611435,0.11179989357123193,0.04095910770721359,0.045509685059433785,0.04676237280688779,0.1341652501913408,0.1647014841231385,0.03324955615323629,0.11072836442583536,0.1843844272071021,0.06306523644878903,0.1911693802116228,0.10190263505242705,0.07031572056692838,0.03486464801397875,0.1792834397466763,0.08837334186260187,0.14718307939982944,0.23543932595827535,0.05696289288454036,0.15883501452833554,0.08482005250119078,0.03357781202869811,0.172012297833012,0.02263772852861777,0.06220922433133476,0.18666027209475722,0.08970041153957714,0.05880646563927412,0.19009898732459152,0.19373147860601644,0.017450624484275826,0.08060394579563751,0.07486977280851757,0.07461071930135524,0.0628343017848615,0.029383760512826113,0.1310381700263656,0.18628808680826586,0.08698319649927172,0.14399552386602338,0.03157549614693655,0.1674209607725292,0.0955187759967584,0.13957516578622461,0.0738920103499353,0.03530730558576696,0.1380096912362205,0.3727138994028762,0.03563154151704626,0.012715153096983886,0.05861421065705314,0.00866723760616279,0.054938895266455595,0.05037667855411855,0.015793248160788205,0.11575658288256026,0.03387497164470329,0.06381984694513282,0.10639914686488107,0.06134163395735278,0.035261434698328355,0.02664862240992076,0.019048800579276583,0.02137279835562717,0.04370905553095802,0.055466322071612284,0.037558283967565914,0.0471885983259131,0.03489913479097014,0.021030671122743688,0.1932187420887361,0.039716931145939396,0.10667485251271967,0.014860908062084252,0.0201585408420951,0.05379965376413866,0.13315991708683086,0.08482614416438125,0.22321178026943483,0.03885148803211316,0.12380179439755364,0.04586860269306368,0.12347727137335505,0.07329327435539988,0.010399175499135192,0.0429850759827676,0.36368055324122,0.12865367008844464,0.2111621141291003,0.0764087364420143,0.054129586089871874,0.13315991708683086,0.05453101905055259,0.051687603420260464,0.1063164309380385,0.04817075298797411,0.5570239156008115,0.1452086934270091,0.05104160610971572,0.014981903813317581,0.1354156656773594,0.1115905840203343,0.12987758190099027,0.02765053618110973,0.03561139959328582,0.22840368924551568,0.07279057382105315,0.10252991989402437,0.025014108046232233,0.13091803247248263,0.06201881903401059,0.06070335427422454,0.179143948589297,0.08249538594581472,0.1911796698425654,0.0394077465670282,0.03007671168660523,0.09622246946358516,0.04094085519318643,0.08738340122130314,0.07426990010622855,0.09763967183037908,0.08061541586142089,0.06759523942494555,0.08924529259492195,0.03357781202869811,0.07805267957088467,0.07364483211004082,0.13277468211871718,0.03991607894800064,0.15530946107413995,0.0968109961971932,0.06262632535208257,0.0606517689478234,0.05212729291658361,0.11960470280766451,0.17327047237633048,0.19822721863685178,0.11954656336370266,0.07554793194649385,0.193635599882764,0.1364791135843468,0.025029094172608478,0.10981751210074983,0.20736683539202264,0.08060394579563751,0.031275357344309446,0.09438867908508199,0.1580817611002511,0.04791447870766466,0.0584438991170054,0.023969313841829896,0.06810160351913451,0.027839708058538748,0.15863599133732575,0.009230952109465151,0.07993950078430732,0.02313783907768579,0.05758175040859915,0.04463134321514318,0.08018129967829611,0.051687603420260464,0.023686072056975687,0.055217181988922066,0.07554793194649385,0.10708985912028696,0.10290633734405875,0.017264477451250176,0.010196507717486642,0.08060394579563751,0.03705585238141802,0.008136093675204323,0.14510798968466007,0.017264477451250176,0.16102481895057755,0.11630662596262815,0.08657764061190118,0.043406679589960986,0.03514363435872044,0.35546825740553917
rowId146,0.04521676151860069,0.03167120150154307,0.09510173084686854,0.0415090335415429,0.019845656749530753,0.142594228576919,0.08000910597483264,0.025031390642341268,0.2776265708225612,0.19822721863685178,0.3391137012024435,0.023828379467334102,0.02318646687325158,0.03815625801769054,0.0699667824915573,0.22380058753779314,0.06082818198831625,0.018432099923438347,0.05486084811073825,0.1185385584173658,0.026274800215107787,0.06605031758532445,0.14858535047801408,0.3228831316963086,0.2714605466469469,0.16172161237277496,0.035261434698328355,0.028255731759402766,0.013081264351617305,0.34891311677638054,0.13621507646855882,0.0030499094301360435,0.047691580699675384,0.06839934237827247,0.04095910770721359,0.012587335184230724,0.09018835436075119,0.03121060153353462,0.015258459652880734,0.09074726331961366,0.023908994145860896,0.06796177011202863,0.06631257114977637,0.031559092364981736,0.03887950188492328,0.5570239156008115,0.2200078992959789,0.03113679629243459,0.0505517010170282,0.012023196246579756,0.056111954907429595,0.034509813976437216,0.027694535126016932,0.14003920305160011,0.10485570365903252,0.045319880274969276,0.11575658288256026,0.020529509358829346,0.05248745394216506,0.023054019550028122,0.020982432959834096,0.27417998480996597,0.07554793194649385,0.09226955809382711,0.062350729694423915,0.03590586360127347,0.04435980035507822,0.025333958859089768,0.08079817537731275,0.023054019550028122,0.028715490854207354,0.10131679962040124,0.02313783907768579,0.03123999571671486,0.07185214553071906,0.06245472633172106,0.07720896244367571,0.45997384824528237,0.021595790954911927,0.01473791567634694,0.16102481895057755,0.0406149742766575,0.4140068328953792,0.0027510090008349614,0.07075565832710061,0.05848213623398934,0.024245729366474,0.06421392437529953,0.11266209052558614,0.03344599543635577,0.17042579593926416,0.1125391657576237,0.062888714605575,0.11882071775636806,0.06838553160708132,0.22664699653928227,0.09555741616989258,0.1789631763486703,0.13671306362195296,0.07103377565029463,0.08029710466537372,0.18619259208399594,0.05196947250218702,0.05580781562436631,0.16646448339576006,0.1550911996168274,0.18283152742229947,0.015352563380492361,0.09805566740007637,0.05422935740651338,0.06551654894201865,0.07462147873765274,0.07593919617160745,0.026932067970345412,0.0415090335415429,0.08048125822188523,0.22321178026943483,0.05109981097667743,0.02317179731502134,0.012018084666396207,0.05608147292049057,0.035898107525405044,0.08555483590857797,0.17042579593926416,0.08472293367978442,0.025897385529207652,0.04506801982299781,0.046388466784095875,0.031089106207021117,0.14716545133457043,0.20874618180906124,0.02263772852861777,0.2548275354194706,0.009230952109465151,0.032359818370631226,0.2417907223928248,0.04251837313333597,0.11218261353333293,0.39546404121520046,0.11179989357123193,0.0031098328052653304,0.02743976817762768,0.18338484295646426,0.30435797541633286,0.10252991989402437,0.05916657597753136,0.17172641547838768,0.05735692628781611,0.049508764798018974,0.028010747977871408,0.05196947250218702,0.04608240081918501,0.018275824150812713,0.0845594630992321,0.06759523942494555,0.06882577223500075,0.05090188545054481,0.03334952467146852,0.014635708471241923,0.05942891483026106,0.03822996370629155,0.02691960586289213,0.03648124451396212,0.08352530227143147,0.039463191802789024,0.08826146903160012,0.07426990010622855,0.04364627000013338,0.006246975601047956,0.03726148697091725,0.04305512182419307,0.11365898223390919,0.15492062769528012,0.1166785550069508,0.05692538241875496,0.06421392437529953,0.023806578256957357,0.08732456447569596,0.1323334003157555,0.1466377351705964,0.05487583547021357,0.2364121131322201,0.07956170583697932,0.015793248160788205,0.021527467005206555,0.20959641478555013,0.1452086934270091,0.02584657308877199,0.09280744993744025,0.03735839786408729,0.22628529374863732,0.06345286629684944,0.011239942713006513,0.023682065233235416,0.02419396447389655,0.057693300840760825,0.1250324649912175,0.00588991757559099,0.017106025771398956,0.05170643345835024,0.2394309350208083,0.013845486774718425,0.2553151597134402,0.08434440432053056,0.04305512182419307,0.09051342413235951,0.0190519723518334,0.037558283967565914,0.008293484545749671,0.27417998480996597,0.03086444059220104,0.023849798036602254,0.08148668066719446,0.18541752096511707,0.13683359295655975,0.07730301579951251,0.00588991757559099,0.03349720982818285,0.12700540400463725,0.06759523942494555,0.0537597443516009,0.20939838941095246,0.06886356171131285,0.06136603642967155,0.09094831663440615,0.01374440018485426,0.021055835138022262,0.060137038670072376,0.034867962672411844,0.1518192802005353,0.20476934866778262,0.11861451035848701,0.07586344697981773,0.015067319578338617,0.05880646563927412,0.09429267373051416,0.02278187826579537,0.07170174788096212,0.06123350526234784,0.08214468497383062,0.05399159008563422,0.12410549086147098,0.2632336066482097,0.051824934045968406,0.19562540965975656,0.07037493381792351,0.05769832902229535,0.05669748161081187,0.11523398534945531,0.05618891157550481
rowId147,0.015255115808022152,0.023826594959694768,0.02054140468873364,0.055466322071612284,0.06164151164633323,0.030614514599098204,0.041996588786748404,0.02313053330121862,0.0490597499275445,0.14718307939982944,0.07170174788096212,0.07805267957088467,0.05805212147369039,0.008293484545749671,0.055422642859247175,0.0878045545547013,0.04641012420267559,0.11276069009873572,0.08000910597483264,0.13091803247248263,0.0024663782729773404,0.10048285662540822,0.037320078735145645,0.014019535842511229,0.082456895347769,0.07125929557042193,0.02743976817762768,0.0848548636801642,0.11730261187148877,0.12972031364053122,0.06039117806019295,0.024266183679863794,0.09599121761833428,0.04485720077955179,0.07197347829236062,0.07963498296649549,0.10131679962040124,0.059236462286335244,0.07865097944924848,0.030153517681651424,0.11402459448067369,0.041712302511136355,0.04785285354146018,0.009482827252723503,0.22961718615419324,0.034746682318480944,0.03501514193951451,0.12558596605576303,0.11103531492787581,0.1342836024757118,0.06584732067285312,0.01895455216864403,0.045360789929056525,0.06220922433133476,0.09939811435029541,0.05429242909402791,0.0406149742766575,0.05472964640721986,0.03948408970897994,0.23928241693201163,0.03211573957942239,0.02466226316757737,0.05130884486760263,0.03409757716207294,0.14011744072666557,0.2496359041853222,0.03288713675441889,0.0630038274757027,0.049024242005896064,0.06114028361909431,0.04586860269306368,0.11061162161675382,0.044667915145341616,0.15217526271752516,0.07178921113168528,0.02580952453634657,0.04190173012996835,0.026585059228289947,0.3545963317289478,0.042797119164057644,0.2159207442663503,0.093388886946188,0.12972031364053122,0.0550416688137162,0.03674381607780177,0.027381273594172674,0.06675030899708037,0.012366508001763019,0.09325059267029452,0.12626963953472042,0.03418168625114799,0.16256286021822472,0.01660390198358485,0.0024663782729773404,0.027339415128827614,0.11337772438500815,0.008606575131975465,0.012095021669586549,0.01817424356802463,0.03248835396083318,0.11909544926042755,0.07058851242365444,0.3715749938643185,0.026709505515855436,0.3148892573261145,0.1563213946479865,0.021654483572879402,0.0196556399038762,0.024377994979228636,0.11218261353333293,0.07329327435539988,0.05240819850123343,0.2606536427728311,0.06302210618487246,0.0399806288070988,0.0984254873172523,0.023844478287064486,0.06297106234016792,0.02710899991417163,0.04187852298493348,0.026263694827171676,0.036649896912632624,0.04676237280688779,0.1295178019926262,0.023330181294667924,0.05379965376413866,0.08042163712152642,0.01374440018485426,0.05608147292049057,0.03351405703448733,0.18353317167795255,0.1625737309454052,0.06873054017857778,0.05196947250218702,0.2219849138281642,0.09704550650974093,0.03887950188492328,0.08195793823383195,0.15360233910270657,0.18338484295646426,0.03633334323186749,0.14146683755353875,0.018432099923438347,0.1860946727606127,0.045922997763917076,0.19373147860601644,0.025392678101793305,0.04809396790315217,0.03965121145683844,0.028943925314967582,0.11840644712166468,0.03574794240080859,0.20341448967898124,0.06841565862114168,0.20152512057686184,0.1479456936785445,0.01666493942349854,0.024338964763538914,0.06458494506397139,0.0181559662694938,0.027492306065426773,0.022573770900477633,0.017923659099580245,0.03530475507284041,0.08079535123336722,0.03288713675441889,0.03231724629731043,0.06675030899708037,0.11752161948341273,0.03871069082009698,0.11840644712166468,0.07882916111607614,0.01374440018485426,0.017072460048859595,0.0397050772708996,0.056111954907429595,0.056111954907429595,0.584049185076163,0.0540927417505276,0.04372229617401926,0.03160906145105333,0.054763426404342466,0.06308101847755063,0.07103377565029463,0.03835395733374427,0.1078497759557763,0.10155999662551508,0.027046187939357282,0.10203295344644954,0.0907346183323277,0.037452485883362904,0.021527467005206555,0.028547592901568733,0.04821058808631389,0.09545180886436631,0.03520873620064968,0.026932067970345412,0.2364121131322201,0.08048125822188523,0.08257032572084051,0.06381984694513282,0.042797119164057644,0.038971085005950805,0.24094477657595723,0.04525431632382581,0.09811087086971863,0.3594849603243823,0.0904686580562412,0.06922884638999138,0.07767748564375446,0.18283152742229947,0.3229171991097377,0.018425671901617,0.022386710360606483,0.023550772814327676,0.014661684040514657,0.1330630091351828,0.06134922898764997,0.03121060153353462,0.03924490953398031,0.062045093156662276,0.14638398611707923,0.0779192497212779,0.018955262996848417,0.01387351467132388,0.022573770900477633,0.1134198647261424,0.06053130067514153,0.1369968788708034,0.11815629172468389,0.01976819149240272,0.04744942273940095,0.022901222912728655,0.04589467591825148,0.0471885983259131,0.04379595926580875,0.007615392198972024,0.026483930919803868,0.1611631355227145,0.024338964763538914,0.036187468336751134,0.05354673072017464,0.1316345418035157,0.03588597300280466,0.10618502505903259,0.11338932753021252,0.15360233910270657,0.034865189638133724,0.0016594866843270078,0.10904500645234083
rowId148,0.05957042965684036,0.1789225102535176,0.10618502505903259,0.03788775710543377,0.35371062299421097,0.09734795100242262,0.0667889379457594,0.15627345005088242,0.05088840639974515,0.28033217266827043,0.06168603994923707,0.08984605018464675,0.0755963524074938,0.21415924083222407,0.024771235204193724,0.03999860299970289,0.16903165089690644,0.1086200947835858,0.035205111859481865,0.17600648064578514,0.05429242909402791,0.017923659099580245,0.016040533338174266,0.09684750332021232,0.09025769470979908,0.13671306362195296,0.26279658803543204,0.02814962589004989,0.14825661287507363,0.012302249161072084,0.045616126317840226,0.07785515459993708,0.031740260267190276,0.1825014914548815,0.04176343650280099,0.0017571564343280834,0.08263987967781321,0.14463515329590595,0.05334765586927046,0.03561139959328582,0.01970153680309463,0.09025769470979908,0.057983344683024504,0.031275357344309446,0.033106713589935485,0.4999321195827659,0.3182529286418399,0.11620181949525443,0.0069603434554135245,0.035363195774129205,0.2394309350208083,0.014716686096325607,0.016980287233531125,0.02535456283120991,0.1674209607725292,0.05609276012837682,0.02765053618110973,0.03400334190851857,0.021595790954911927,0.019620235341900393,0.03127487733751449,0.026709505515855436,0.03305393741437245,0.06485024265722507,0.08041896053972508,0.04440583666255198,0.1115905840203343,0.06631257114977637,0.025355727280114457,0.08684442825395526,0.014981903813317581,0.07114096024572565,0.01348667430785373,0.011353764515775563,0.05212729291658361,0.03735839786408729,0.3028211805111555,0.10618502505903259,0.03351128377193219,0.035617739209091205,0.07621505512326755,0.07593919617160745,0.05024722004133929,0.03084410864312551,0.0555072862063709,0.07031572056692838,0.05295063780666251,0.16822232470883255,0.0594686421835955,0.2999375541180197,0.04610325480715077,0.03766539871962317,0.055466322071612284,0.20397206245230323,0.10854730204208571,0.21804882164329722,0.028010747977871408,0.26785683595267257,0.2364121131322201,0.08196324862914352,0.033290774643300255,0.2483154695117704,0.09857740111087837,0.005588867695018397,0.40557282941627437,0.0325779914417661,0.028912686395979416,0.01666493942349854,0.23095548830597412,0.08984605018464675,0.06264437487725902,0.10724947234195165,0.07381480878488941,0.15664252575486765,0.010987912659858455,0.04070808234821544,0.2073555137067861,0.06451092060994358,0.054214800583152645,0.09543251971003722,0.0643135158345426,0.06828300839267314,0.04608240081918501,0.15217526271752516,0.021030671122743688,0.016980287233531125,0.03449769517907935,0.03231724629731043,0.05295063780666251,0.03514363435872044,0.008136093675204323,0.04509791694775669,0.12211806068723663,0.007131961602682052,0.01869083213487588,0.13079995882111786,0.060266059686105294,0.07886327830220485,0.02857897095131983,0.36457726444627037,0.21326958176696714,0.11186074983563712,0.08517001339279531,0.017430691886933358,0.1042569366773471,0.02953407343919929,0.14858535047801408,0.0330249773605309,0.023828379467334102,0.07438060590537096,0.09869680188678473,0.0785721462772907,0.10112773277521184,0.015352563380492361,0.10575797204979392,0.021118410496397552,0.04754028045988503,0.04083088049915265,0.06279852860220687,0.008203217482846543,0.027763038657373913,0.16842985562662227,0.25635908080830144,0.11103531492787581,0.09622246946358516,0.09244417169740099,0.06291784212017582,0.11218261353333293,0.220292524920484,0.04178727469312611,0.08786929151668124,0.0899400568571098,0.0054814593349430405,0.1309239724605942,0.023806578256957357,0.23095548830597412,0.02378384434336071,0.08653034708937724,0.04385903655213013,0.1834345178956457,0.14952523046457591,0.020621798518323027,0.18444224677760085,0.220292524920484,0.0397050772708996,0.029352972462383407,0.099652762165392,0.10236233413711866,0.15607134131012784,0.060266059686105294,0.07298990170758035,0.0016594866843270078,0.04070808234821544,0.0010202824078819834,0.17005480488327893,0.048464710066720464,0.034867962672411844,0.0899400568571098,0.025311766711087064,0.10552438389889687,0.06107495036395189,0.14146683755353875,0.033365314010788134,0.2606536427728311,0.17327047237633048,0.03935005438836094,0.23725070138533247,0.061844400965221764,0.10806418965376709,0.1279124781470182,0.036649896912632624,0.14825661287507363,0.055938634554263025,0.2003959170726871,0.07584865320171244,0.108774467065854,0.06693039258088294,0.0016594866843270078,0.08061541586142089,0.03503989682772746,0.02562141734791899,0.028010747977871408,0.03449769517907935,0.0031098328052653304,0.11530079725414541,0.038627933456537346,0.07417031644006374,0.22105905987919588,0.07666916063144738,0.07506896499436568,0.27036948105207664,0.3037920355828678,0.15778891138703702,0.09429267373051416,0.02264041966360618,0.09760076578435951,0.07593919617160745,0.01612460411241117,0.1263156157929624,0.1364655702278823,0.1447976279773046,0.038176370151236406,0.1380096912362205,0.024771235204193724,0.027606168990960488,0.36368055324122,0.09500916353817297,0.028174092892130336,0.08010368087486869,0.4140068328953792
rowId149,0.037452485883362904,0.06715841591553207,0.08966850965032691,0.03439272521163692,0.12321405941938406,0.12562638679141755,0.05834169532601587,0.023828379467334102,0.013570794622076622,0.02447860325380291,0.13881479140370268,0.029985474340503245,0.10708985912028696,0.13070215436176996,0.02419396447389655,0.027768061154365427,0.2199627082215403,0.05469840484931965,0.03588597300280466,0.1615715416251067,0.004004509703717296,0.051853501696350786,0.17966692845076357,0.03319675917204851,0.09865414033922758,0.0337456475259338,0.07988827723680285,0.21804882164329722,0.020247981163211536,0.04615049880844655,0.03056710604675929,0.10114236738919029,0.11960470280766451,0.13478958388347761,0.05390023838106589,0.04521676151860069,0.03486464801397875,0.10605325488426509,0.123826265711517,0.015170411416985165,0.01987491124064308,0.19690434088246628,0.05848213623398934,0.08425381116818527,0.1166785550069508,0.03409757716207294,0.09734795100242262,0.051082808073531286,0.2200078992959789,0.2333867513310674,0.030693479075619284,0.03417634251930709,0.13310438824799042,0.584049185076163,0.07309631450339381,0.018432099923438347,0.11538145086578852,0.1320554396711257,0.1265934144919582,0.004317486260476565,0.08907090607325127,0.015701948111027837,0.0630038274757027,0.04669969026339511,0.0362394855462694,0.11882319584165722,0.06556312471448641,0.16181108040061645,0.08434440432053056,0.06048729749479088,0.07228921937305575,0.40557282941627437,0.015241665720065582,0.03280757013644673,0.14112762206315058,0.5570239156008115,0.03563154151704626,0.0823375638533397,0.2003959170726871,0.23861576314397512,0.09868190931741555,0.02225068215494732,0.010071064154334532,0.06201881903401059,0.2746187737836757,0.039716931145939396,0.13725806414437652,0.0014311573718241751,0.025197618312624327,0.09893626269075131,0.017588295025992687,0.017923659099580245,0.030614514599098204,0.10981751210074983,0.06129987982429951,0.09811087086971863,0.08732456447569596,0.20959641478555013,0.050133515081212804,0.02347907098441795,0.06874798169201987,0.10290633734405875,0.014860908062084252,0.036649896912632624,0.15955399352998592,0.025392678101793305,0.03736430133007787,0.016358000002096352,0.11907757489265196,0.023054019550028122,0.0024735841903112434,0.14311180265807422,0.013563499102358852,0.09097591582361568,0.04270954807646496,0.14112762206315058,0.021035279389131245,0.1076361019752512,0.0474565992792932,0.03550697569405258,0.23928241693201163,0.22929229968146284,0.08196324862914352,0.10786140375021272,0.15360233910270657,0.09763967183037908,0.10038473659025345,0.022386710360606483,0.04379595926580875,0.0419386775708471,0.019496038612461016,0.03782898930479036,0.07131261226026689,0.05422935740651338,0.19435376875942542,0.10360607847073296,0.055938634554263025,0.04465075375308366,0.02957582199534259,0.33918533192477185,0.18541752096511707,0.09510173084686854,0.07785515459993708,0.09199831259661723,0.02562141734791899,0.06279852860220687,0.015258459652880734,0.45997384824528237,0.10934531532203123,0.0415504732210638,0.04917298652148906,0.060446261739116706,0.2578014176647156,0.03315502653878524,0.2076241358354501,0.06421392437529953,0.033097731182593564,0.14365904546732117,0.04916600786159446,0.00469153133525907,0.05436172829632793,0.05618891157550481,0.1266858152845967,0.2386319475261509,0.029383760512826113,0.05578830709588376,0.0536970880051042,0.15784646325867696,0.19745924543290813,0.024124754485251945,0.09734795100242262,0.14988539535299075,0.17492427915422573,0.14933438258730217,0.11103531492787581,0.07103377565029463,0.02049398507016983,0.022901702888118634,0.10575797204979392,0.013563499102358852,0.11288499704623164,0.021654483572879402,0.049024242005896064,0.0606517689478234,0.03908833083751431,0.049024242005896064,0.06035921583087826,0.19194275096689792,0.09199831259661723,0.12131608126838168,0.02081028375652667,0.18173888180230333,0.11276069009873572,0.035056425684755754,0.035260075015522224,0.12211068626932499,0.015241665720065582,0.06750234075417384,0.2578014176647156,0.02056781267910599,0.12251165950289139,0.06841565862114168,0.12562638679141755,0.005005215016144767,0.06588276610283748,0.025327660444154753,0.027606168990960488,0.046747789712766004,0.1843844272071021,0.07103377565029463,0.3556424361647484,0.07037493381792351,0.09684750332021232,0.018806418396416683,0.01316133287268846,0.0537597443516009,0.3064858950054413,0.09760076578435951,0.05952281701584533,0.03929745058332522,0.0607849939934305,0.1040932907750545,0.055615668272831646,0.010394252366224313,0.027694535126016932,0.012302249161072084,0.057693300840760825,0.055217181988922066,0.02535456283120991,0.06064146875180415,0.029356870216574262,0.10440381610333906,0.07988827723680285,0.06468796458830008,0.07963498296649549,0.11477596273895989,0.04516920421558451,0.04292360038385886,0.04455737455271466,0.023702634221545157,0.31529600635664984,0.07922861220116825,0.13021606959958118,0.03005283459482651,0.00424493197697294,0.08154620190035185,0.06882577223500075,0.127041027563886,0.2152643211484814,0.18173888180230333
rowId150,0.15863599133732575,0.047856065533528384,0.08732456447569596,0.04204329395914663,0.057346481122152716,0.05745113261848428,0.07666916063144738,0.03277899940354323,0.10241020114291999,0.03449769517907935,0.012366508001763019,0.036601858906629224,0.10349991225940729,0.020982432959834096,0.0689993063277523,0.14573659520976878,0.026059042153095482,0.04187852298493348,0.08657086839348747,0.025197618312624327,0.016040533338174266,0.04203818600440162,0.14463515329590595,0.10394473113420492,0.028912686395979416,0.02611256720996245,0.24967309262222043,0.1228991753105598,0.34468304846797815,0.04485720077955179,0.04251764915435123,0.08414673120938626,0.16552069044415763,0.03205144736031224,0.048297437251682875,0.06115579624633521,0.10806418965376709,0.025311766711087064,0.07020954388857871,0.050978000566798576,0.05379965376413866,0.08042163712152642,0.025355727280114457,0.0594686421835955,0.12425308649778367,0.13315991708683086,0.030801362127112646,0.02447860325380291,0.07755929807815137,0.13277468211871718,0.08895253341747135,0.11867710015527264,0.058797927090255935,0.05220606181220708,0.062350729694423915,0.08257032572084051,0.11752161948341273,0.029291059936358436,0.04754028045988503,0.041846755170547624,0.05533035481700348,0.11181024998578303,0.05109981097667743,0.11755973381021978,0.15784646325867696,0.11273450456651479,0.03839141000492729,0.028599325313790534,0.02318646687325158,0.04769708527913133,0.00469153133525907,0.1447976279773046,0.15883501452833554,0.10155999662551508,0.19690434088246628,0.07426990010622855,0.17822411405818522,0.014399625229580902,0.019332043777203257,0.1779344105324831,0.07125929557042193,0.10328477219772461,0.26879822329353653,0.21640617987221014,0.5193187597312484,0.06860051948882322,0.052384989966095176,0.1674209607725292,0.05260097431677552,0.01988777446856482,0.1789225102535176,0.3093554490731001,0.050133515081212804,0.047691580699675384,0.0485374725560171,0.02774020260628076,0.08326537255041222,0.10491625862270752,0.08865993303919399,0.19186399792315867,0.04647464526117058,0.03215927506634591,0.0441892550832111,0.06796177011202863,0.08600508125519364,0.12626963953472042,0.02957582199534259,0.1185385584173658,0.03782898930479036,0.0014734937643591185,0.06075676659749816,0.06203184337028378,0.2548275354194706,0.05088840639974515,0.34891311677638054,0.0628343017848615,0.051853501696350786,0.05453101905055259,0.0785721462772907,0.2642019076465018,0.03502074766405762,0.21384661491077844,0.08008595999373899,0.19078411262500236,0.05487583547021357,0.09487925635320633,0.07206168782554961,0.18666027209475722,0.1369968788708034,0.06588276610283748,0.15955399352998592,0.02966187467733761,0.05486872498828684,0.16870580819916503,0.024871013115369402,0.0017571564343280834,0.03235682904790616,0.027606168990960488,0.06070335427422454,0.03927340148775338,0.054129586089871874,0.045616126317840226,0.004252289108198878,0.028547592901568733,0.1342836024757118,0.01530033495826165,0.07800111967087671,0.041880081706703216,0.016063735838563173,0.014635708471241923,0.029105527801113307,0.19248095965164957,0.14343504384091949,0.03467003182642679,0.193635599882764,0.08226846302831745,0.04300577383145825,0.03839846356265713,0.21476115788320732,0.15249242112043093,0.06069020644170173,0.07800111967087671,0.1029843243690421,0.18338484295646426,0.04817075298797411,0.09854469621923163,0.03544353092451041,0.0359447612391452,0.0667889379457594,0.025100142065157392,0.053126077928174774,0.20857655664498323,0.03983635869480125,0.023826594959694768,0.2204852418369684,0.06390620491701236,0.0017571564343280834,0.05061685740582469,0.08496200088294405,0.033106713589935485,0.14896969453060246,0.45549265311912734,0.05086519017247306,0.15544147439358993,0.14716545133457043,0.26566501185002683,0.002316316510001745,0.13914740977622023,0.09045302062979264,0.13005508638955907,0.2038753946093372,0.030086858276874,0.25668347936274627,0.05787162479345371,0.10981751210074983,0.03121060153353462,0.11837185643558287,0.04615049880844655,0.2038753946093372,0.10007624563057085,0.09599121761833428,0.025197618312624327,0.12211068626932499,0.07584865320171244,0.008293484545749671,0.23095548830597412,0.08164072362909384,0.05024722004133929,0.12252495912844875,0.2223604653132783,0.06844674841574178,0.03561139959328582,0.030387354680054202,0.18353317167795255,0.08732456447569596,0.09094831663440615,0.03520400737034127,0.06164151164633323,0.27926771393662286,0.03849441112147166,0.0987284859740227,0.11954656336370266,0.06860051948882322,0.09165802437935143,0.002450277267931671,0.038176370151236406,0.04676237280688779,0.03163575376733747,0.40557282941627437,0.02278187826579537,0.060636570386870495,0.030801362127112646,0.15525086444828687,0.191928510251779,0.2153453683839955,0.26307161862603196,0.015927063990360178,0.09304335223163059,0.18191540179836385,0.10922571722489388,0.15258766027551868,0.0406149742766575,0.018639036263385752,0.0898435307738926,0.03666282831631107,0.1364791135843468,0.11726927412993757,0.1295383910867325,0.10904500645234083,0.05886391966927162
rowId151,0.07708572147077516,0.07228921937305575,0.11362113880128479,0.03217564722898496,0.13957516578622461,0.07988827723680285,0.1414196764074397,0.05758670702735719,0.012944281733999176,0.07800111967087671,0.013845486774718425,0.054763426404342466,0.17005480488327893,0.08924529259492195,0.06082818198831625,0.03794816822754598,0.015352563380492361,0.06557286050496769,0.04485720077955179,0.04251764915435123,0.0838457233068345,0.16710876139780362,0.04463134321514318,0.057350477925272175,0.03305393741437245,0.05104160610971572,0.09116752982577415,0.05735692628781611,0.04485720077955179,0.04541251652372214,0.11362113880128479,0.07373625391171952,0.05834169532601587,0.04230443740330246,0.09427147148233736,0.18758162931895178,0.24775353246930432,0.11862327645103342,0.02284163337380396,0.10618502505903259,0.1250324649912175,0.21326958176696714,0.07864944924210476,0.09857740111087837,0.05694070031043384,0.10670357252879333,0.033309323892934846,0.040845637903666084,0.05511425938721453,0.043406679589960986,0.055422642859247175,0.055217181988922066,0.04435980035507822,0.02815537823506851,0.15086271529609083,0.26879822329353653,0.08079510604588554,0.07734764030560726,0.04375041821232045,0.06675030899708037,0.14463515329590595,0.17530093677818082,0.01277488990260344,0.06860051948882322,0.04892163518420947,0.047113868993233096,0.40557282941627437,0.02660472372197752,0.11138415490383903,0.018955262996848417,0.03948408970897994,0.09703680934456076,0.21384661491077844,0.03786621570464605,0.11402291709174132,0.022201433566264018,0.03351405703448733,0.193635599882764,0.0329046009050689,0.0031098328052653304,0.026426546782911408,0.002786736453702084,0.011167719420105799,0.172012297833012,0.058797927090255935,0.10491625862270752,0.08048125822188523,0.1276348184276337,0.08685234331831665,0.06644712560729071,0.2111621141291003,0.1792834397466763,0.03086444059220104,0.18249217498805528,0.0632434822655344,0.036187468336751134,0.19054168358611942,0.10996811052562744,0.04385903655213013,0.19388151623358074,0.07252304152301488,0.07074577782997114,0.1381458096349222,0.07929262048894575,0.07117167890071133,0.039295265544470714,0.11523398534945531,0.056111954907429595,0.07170174788096212,0.04364627000013338,0.0361999467180642,0.08434440432053056,0.3681248789730256,0.06134163395735278,0.057983344683024504,0.020991286417138856,0.13357245140683496,0.04481391576928428,0.10879308328872195,0.04821058808631389,0.02481288025966938,0.05745113261848428,0.018955262996848417,0.05834169532601587,0.02029622361328579,0.08635270049928916,0.13957516578622461,0.029826891600890564,0.07230439312494019,0.03648124451396212,0.06458494506397139,0.03885148803211316,0.19388151623358074,0.04589955972427422,0.08635270049928916,0.015067319578338617,0.05787162479345371,0.03334952467146852,0.05365236410491182,0.08148668066719446,0.04864227679937645,0.06629030525291289,0.018432099923438347,0.1369968788708034,0.30435797541633286,0.13091803247248263,0.10879308328872195,0.03544609355570803,0.13671306362195296,0.21804882164329722,0.11726927412993757,0.1580817611002511,0.1563213946479865,0.11365898223390919,0.08061541586142089,0.07800111967087671,0.02664862240992076,0.052083190847696914,0.012961469731987266,0.012302249161072084,0.03160906145105333,0.0395962715405713,0.04521676151860069,0.08244247697781007,0.04816170391689469,0.49528609136595186,0.020242087393360333,0.14718307939982944,0.20736683539202264,0.09593659412577094,0.06796177011202863,0.11837185643558287,0.1356380804867504,0.025029094172608478,0.07262101302967139,0.10155999662551508,0.02081028375652667,0.03961435402692669,0.13357245140683496,0.026426546782911408,0.1297611414039591,0.02691960586289213,0.16266482666147805,0.14311180265807422,0.0627691656825544,0.023992342584586136,0.014956096707606049,0.020889833352379115,0.01316133287268846,0.1911693802116228,0.11218261353333293,0.029274926692899546,0.022201433566264018,0.0584438991170054,0.04744942273940095,0.261655810195167,0.035056425684755754,0.03885148803211316,0.09018835436075119,0.09388686176416415,0.191928510251779,0.06321851305053366,0.010343023728082419,0.06408883949666411,0.23543932595827535,0.06071106900104466,0.261655810195167,0.014019535842511229,0.002786736453702084,0.2364005381988082,0.056891079170697266,0.056111954907429595,0.05580781562436631,0.1178912662492186,0.06194984082576789,0.179143948589297,0.03056710604675929,0.01473791567634694,0.08826146903160012,0.11144192143260966,0.030387354680054202,0.2159207442663503,0.026336588642208864,0.017686954574394967,0.06485024265722507,0.3027496569786528,0.03216971260422346,0.1427773981478607,0.07262101302967139,0.33091766808774714,0.022190818518236684,0.11266209052558614,0.015258459652880734,0.0016584474346639983,0.025271682694782034,0.03359679780667776,0.004252289108198878,0.04864227679937645,0.06222357521808899,0.031089106207021117,0.2670740704633735,0.047162230417682645,0.2106587338270038,0.025392678101793305,0.10402096773709571,0.05834458195742017,0.1550911996168274,0.033106713589935485,0.13074656879043367,0.0397050772708996
rowId152,0.05952281701584533,0.179143948589297,0.034911584713727004,0.1647014841231385,0.045200432058649556,0.055251470079924085,0.03544353092451041,0.05745628713186052,0.06215243224595004,0.19039423461709837,0.05769832902229535,0.018150947067355323,0.04298511575898325,0.14718307939982944,0.009681513657680633,0.11118440660788745,0.09899324295735384,0.034867962672411844,0.12865367008844464,0.02691960586289213,0.09543251971003722,0.11512592140157864,0.0490597499275445,0.03235682904790616,0.051633899716894936,0.04444735794264896,0.06598354674678703,0.1968180510868663,0.03167120150154307,0.03544609355570803,0.11594780990046437,0.11443541100529811,0.03121060153353462,0.5193187597312484,0.028943925314967582,0.09835796675412416,0.04132392199381643,0.12228666395372358,0.11426457805788533,0.24358307554122477,0.05991102424496552,0.10249062815394472,0.06485024265722507,0.0955187759967584,0.062123878833392175,0.027339415128827614,0.07621505512326755,0.12410549086147098,0.06264437487725902,0.016588984493490472,0.027046187939357282,0.07241697745172099,0.10038797037179867,0.0016594866843270078,0.3175120038808173,0.05580781562436631,0.011030822511195562,0.16340254510766541,0.013145015428794026,0.09116752982577415,0.02966187467733761,0.0845594630992321,0.03991607894800064,0.1562688333715234,0.02284163337380396,0.12450729421284275,0.05248745394216506,0.14147342497775015,0.011353764515775563,0.03113679629243459,0.010343023728082419,0.1116571166056257,0.1911796698425654,0.045616126317840226,0.04998130919555556,0.056891079170697266,0.021595790954911927,0.10656782405670617,0.08970485982576791,0.05429242909402791,0.1479456936785445,0.05460540520056117,0.02660472372197752,0.14146683755353875,0.062430280141366375,0.022546309686991825,0.04820576052431156,0.027694535126016932,0.0421658790621041,0.07170174788096212,0.045791771541429424,0.10477976030004915,0.04521676151860069,0.042946920005675966,0.10879308328872195,0.05081679252632302,0.13310438824799042,0.15673013638471428,0.11583779486055595,0.06103237777299579,0.08008595999373899,0.18758162931895178,0.07658065332977336,0.252546345387661,0.1276348184276337,0.07079673407993524,0.2364121131322201,0.11882071775636806,0.051633899716894936,0.07734764030560726,0.029291059936358436,0.09720702222508476,0.019457210346014938,0.10307852310271426,0.06384464835745123,0.10007624563057085,0.08263987967781321,0.02002957821666919,0.099652762165392,0.023580556072726674,0.15427323840338192,0.08414673120938626,0.03674381607780177,0.1655563823290761,0.030927021957536882,0.005617077720564275,0.2644690882345289,0.09869680188678473,0.0699667824915573,0.07734764030560726,0.06113316301368413,0.03548375469695007,0.27298330321199804,0.05147005307257128,0.032264556125907624,0.02264041966360618,0.04253325415890776,0.16241222083888848,0.06924378137890005,0.012944281733999176,0.053628078709692925,0.009230952109465151,0.1911796698425654,0.19320656892222257,0.059802553182996904,0.1356380804867504,0.015165196934626564,0.1115905840203343,0.3194174998259263,0.05722470980939253,0.0689993063277523,0.18779475819152228,0.08196324862914352,0.02318646687325158,0.12450729421284275,0.05472964640721986,0.06458494506397139,0.03307704851652938,0.0607849939934305,0.027407112804122807,0.11538145086578852,0.30435797541633286,0.10076413849603529,0.06677823908643249,0.04230443740330246,0.0316759563735845,0.2111621141291003,0.11009175703346592,0.03387497164470329,0.02313783907768579,0.06557286050496769,0.06306523644878903,0.030614514599098204,0.03280757013644673,0.0857171521604164,0.007024772460824246,0.0522210458533132,0.30318879799301185,0.13106381999870861,0.20044102279815545,0.021055835138022262,0.3070058519568064,0.07565897206750936,0.22664699653928227,0.034958360764687876,0.045581527511999786,0.034911584713727004,0.06080458903783766,0.015335599796271132,0.062123878833392175,0.0752064061748442,0.0533719563635346,0.11752161948341273,0.09361426491082366,0.025897385529207652,0.0699667824915573,0.03942154954513675,0.028358287807441887,0.13005508638955907,0.023705378825243036,0.011447945396967713,0.18449154832084794,0.04058050711022771,0.027146168235100094,0.179143948589297,0.0181559662694938,0.07209222732767491,0.03822996370629155,0.40557282941627437,0.028358287807441887,0.3428503142213519,0.02419396447389655,0.07005594247260512,0.21476115788320732,0.23412335067903467,0.03187190381782426,0.08226846302831745,0.10820335962123553,0.14858535047801408,0.1562688333715234,0.08984605018464675,0.07864944924210476,0.03678678295654137,0.057363782537312245,0.04465075375308366,0.06810160351913451,0.08414673120938626,0.12096049534283558,0.12507654866951376,0.054763426404342466,0.07462147873765274,0.15326340587523377,0.06215243224595004,0.051853501696350786,0.20872635028747744,0.015258459652880734,0.18191540179836385,0.13625357738901228,0.016686140188555895,0.05429242909402791,0.042261196458572674,0.1452086934270091,0.03839141000492729,0.045376733613794906,0.2548275354194706,0.01907473378512423,0.03885148803211316,0.08152949166667502,0.11133391901952686,0.18338484295646426
rowId153,0.1788227873389219,0.20044102279815545,0.022201433566264018,0.0857171521604164,0.04261959859366956,0.04364627000013338,0.05772318999452151,0.06715056668121039,0.08874543296011354,0.03544353092451041,0.07309631450339381,0.08555483590857797,0.021157916276166023,0.028799829447790155,0.10902995955306398,0.14510798968466007,0.09772256989304996,0.07963498296649549,0.031089106207021117,0.05694070031043384,0.16592845940929335,0.025197618312624327,0.02317179731502134,0.07381480878488941,0.14113352939866172,0.051633899716894936,0.03822996370629155,0.07364483211004082,0.15249242112043093,0.05092201320945591,0.26566501185002683,0.06149509908870966,0.12558596605576303,0.027839708058538748,0.029237766048682105,0.06458494506397139,0.02613129831130594,0.08079510604588554,0.06303752745103712,0.21004634554321927,0.028599325313790534,0.027381273594172674,0.07381480878488941,0.08855830640387612,0.13625357738901228,0.1868962350416429,0.08008595999373899,0.07658065332977336,0.02957582199534259,0.05034077198458959,0.03419462071077893,0.08657764061190118,0.008203217482846543,0.11700851988804442,0.1386428392245063,0.072099642549982,0.04817075298797411,0.09244417169740099,0.07767994817908282,0.027363439804964036,0.04631310994474407,0.21215248245116475,0.062285713965148974,0.049744736908177364,0.0069603434554135245,0.05942891483026106,0.02580952453634657,0.015335599796271132,0.017998176002266903,0.14141812516099347,0.04375041821232045,0.03735984974308029,0.1427773981478607,0.04187852298493348,0.03520400737034127,0.0904686580562412,0.028923152962393183,0.0607849939934305,0.02580952453634657,0.027694535126016932,0.08545342411244973,0.07913518569135433,0.02635623173074948,0.03875353309490299,0.06384464835745123,0.08195793823383195,0.03871069082009698,0.13005508638955907,0.07074922075822708,0.19078411262500236,0.17492427915422573,0.03467003182642679,0.13990357565144373,0.06588276610283748,0.03540866522579982,0.04816170391689469,0.033579700002234446,0.04864227679937645,0.16841652266777207,0.05783041423428113,0.016040533338174266,0.045616126317840226,0.1860946727606127,0.04615049880844655,0.0014734937643591185,0.052405226629760854,0.02054140468873364,0.04631310994474407,0.179143948589297,0.034370664243488024,0.19009898732459152,0.030801362127112646,0.06677823908643249,0.2417907223928248,0.05722470980939253,0.14113031011126084,0.058487495737945545,0.048464710066720464,0.06399474151154907,0.09975901395039075,0.13396855290030701,0.03163575376733747,0.31529600635664984,0.1178912662492186,0.055251470079924085,0.14003920305160011,0.04083088049915265,0.026585122090765596,0.04820576052431156,0.28973263368498414,0.033220339547255416,0.13021606959958118,0.05861421065705314,0.07767994817908282,0.07659175563472435,0.02002957821666919,0.03574794240080859,0.09769224153143184,0.09045302062979264,0.03782898930479036,0.012126675197217269,0.07215257276062831,0.08966850965032691,0.08060394579563751,0.034370664243488024,0.20537268538925627,0.06071106900104466,0.0649477681015009,0.07554793194649385,0.11730261187148877,0.06556312471448641,0.03871069082009698,0.2386319475261509,0.0632434822655344,0.21463072383043022,0.11460330998056277,0.04322238139507759,0.04385903655213013,0.004332332792757682,0.04636684804944004,0.004004509703717296,0.03530475507284041,0.036230841073632856,0.048464710066720464,0.0415090335415429,0.22321178026943483,0.1295841708513099,0.3061785138368613,0.11588311427078586,0.015335599796271132,0.2483154695117704,0.05945534751366567,0.11245629191416737,0.1789631763486703,0.027839708058538748,0.10121866702268312,0.07929654641953629,0.15388354988563785,0.4140068328953792,0.033309323892934846,0.15346551334662537,0.037452485883362904,0.017106025771398956,0.16061958142217606,0.05170643345835024,0.45549265311912734,0.06496844226399118,0.11445004906312639,0.027876176803554725,0.07279057382105315,0.03386979239732146,0.1334709007063108,0.1078497759557763,0.09959952523575737,0.2200078992959789,0.34468304846797815,0.06457918226837461,0.3148892573261145,0.04203818600440162,0.03759004280874613,0.16903165089690644,0.04210500574751806,0.09236449954720602,0.03305393741437245,0.04305512182419307,0.0657465267103825,0.23543932595827535,0.04298511575898325,0.04471466947688636,0.2746187737836757,0.12972031364053122,0.14335025920532107,0.06874798169201987,0.30318879799301185,0.03253960227038006,0.07844066975234061,0.05212729291658361,0.11009175703346592,0.04210500574751806,0.06455453056223481,0.04990213832453254,0.017264477451250176,0.18249217498805528,0.012558098626810878,0.09669392721349093,0.10085216866489953,0.03387497164470329,0.015335599796271132,0.08079535123336722,0.10934531532203123,0.030086858276874,0.031275357344309446,0.17956653351301535,0.05453101905055259,0.12987758190099027,0.10038797037179867,0.062303464678621655,0.0505517010170282,0.11583779486055595,0.584049185076163,0.01915352288157754,0.03417634251930709,0.3428503142213519,0.08555483590857797,0.06053130067514153,0.08545342411244973,0.2469646889848434,0.045200432058649556,0.04785285354146018,0.01869083213487588
rowId154,0.014716686096325607,0.07993950078430732,0.045922997763917076,0.06053130067514153,0.12807209650745013,0.05259667703816095,0.012587335184230724,0.16613313457885215,0.09199831259661723,0.044860885474410195,0.07708572147077516,0.060636570386870495,0.16678773669465566,0.15863599133732575,0.10639914686488107,0.031756706272599924,0.05098374705089239,0.08041896053972508,0.3594849603243823,0.007131961602682052,0.022964712006800666,0.03775970949684174,0.05034077198458959,0.0606517689478234,0.0014195172520296124,0.0277221587397961,0.029488681130087475,0.06129987982429951,0.16172161237277496,0.15217526271752516,0.05834169532601587,0.029105527801113307,0.1466377351705964,0.0300759063062323,0.008422735088664578,0.0359447612391452,0.18894688715902186,0.14988539535299075,0.060137038670072376,0.1316345418035157,0.06468796458830008,0.02664862240992076,0.08377775022095811,0.04881095883136564,0.18435777333481965,0.10849236044690688,0.059236462286335244,0.028358287807441887,0.23861576314397512,0.04385903655213013,0.07117919171599127,0.06420564322210497,0.021055835138022262,0.03467003182642679,0.09869680188678473,0.03086444059220104,0.26279658803543204,0.0241525457096305,0.012161449214596332,0.252546345387661,0.08429347150409369,0.15086271529609083,0.025197618312624327,0.05618891157550481,0.0402292473641634,0.1078497759557763,0.1868962350416429,0.010467376051495317,0.028943925314967582,0.05334765586927046,0.12121331241289607,0.05090188545054481,0.01973453494446283,0.07913518569135433,0.05339413863343843,0.22507450032489837,0.13072710424841222,0.28973263368498414,0.019315778665033825,0.21004634554321927,0.19822721863685178,0.11954656336370266,0.07037567900853456,0.020756155523585302,0.05469840484931965,0.04864227679937645,0.01817424356802463,0.03299054287185349,0.07252304152301488,0.027531620896947936,0.23861576314397512,0.1276348184276337,0.17158028346212587,0.005588867695018397,0.026146505080541723,0.0325779914417661,0.04645193071360075,0.11840644712166468,0.0027510090008349614,0.05098374705089239,0.030153517681651424,0.14335025920532107,0.1711454650785608,0.1563681993870599,0.07482193533990962,0.06175482815656476,0.042797119164057644,0.044521419544169445,0.046092288886077,0.01927693647622441,0.06584863655866877,0.06601684212396985,0.035898107525405044,0.034192443862057706,0.035363195774129205,0.06053130067514153,0.06035921583087826,0.016588984493490472,0.19512175973379914,0.06451092060994358,0.04132392199381643,0.10939680651715215,0.14716545133457043,0.04185138268959872,0.01647513823739269,0.017672990361177764,0.02783085768444364,0.03929745058332522,0.038627933456537346,0.25635908080830144,0.2776265708225612,0.10849236044690688,0.15778891138703702,0.04647464526117058,0.00884621442655624,0.026426546782911408,0.02281560115399537,0.05486872498828684,0.02313783907768579,0.08004269499961067,0.0395962715405713,0.1788227873389219,0.047691580699675384,0.11630662596262815,0.028765196562273956,0.10939680651715215,0.0755963524074938,0.038627933456537346,0.027839708058538748,0.0359447612391452,0.018275824150812713,0.17492427915422573,0.044521419544169445,0.0031098328052653304,0.17327047237633048,0.12886494823050226,0.03589832647286954,0.06297106234016792,0.03121060153353462,0.1518192802005353,0.013003491916629327,0.021151515504727717,0.10902995955306398,0.0441892550832111,0.08338120696561022,0.2534575377415102,0.07101758254728814,0.020122083008015757,0.0695040546611142,0.21475093122862896,0.0793443096543359,0.03845064532152613,0.025024671166916177,0.06796177011202863,0.07844066975234061,0.049933419816022,0.06924378137890005,0.0009565827979865296,0.040486436781981466,0.06390620491701236,0.056700360802280095,0.07023972692722037,0.0699667824915573,0.05745628713186052,0.11009175703346592,0.017430691886933358,0.07864944924210476,0.0954788470012861,0.0984254873172523,0.039872841557605905,0.1798948556160159,0.09222861443600389,0.033301821495489534,0.09760076578435951,0.004252289108198878,0.05305495148621203,0.05436874168032864,0.0656152538296495,0.002121882473025589,0.03887950188492328,0.02535456283120991,0.10534266627030402,0.046092288886077,0.14311180265807422,0.09543761332904574,0.06107495036395189,0.43441487236169335,0.04276085660505043,0.04595539194754334,0.18449154832084794,0.04251837313333597,0.049097617730240746,0.17042579593926416,0.3175120038808173,0.13671306362195296,0.05095963412617053,0.14454419744297103,0.04375041821232045,0.055217181988922066,0.04190173012996835,0.36457726444627037,0.028547592901568733,0.12558596605576303,0.0268184986299694,0.017588295025992687,0.252546345387661,0.06757375974048797,0.03007671168660523,0.06222357521808899,0.3003177616492855,0.10670357252879333,0.1369968788708034,0.0337456475259338,0.041436914536371376,0.049933419816022,0.2553151597134402,0.02352782975286913,0.03288713675441889,0.16061958142217606,0.012409812198573015,0.014399625229580902,0.10394473113420492,0.12526723464431033,0.013145015428794026,0.18353317167795255,0.007131961602682052,0.034058891602593,0.020242087393360333,0.07554793194649385,0.03253960227038006
rowId155,0.020321361358463564,0.1868962350416429,0.35371062299421097,0.02840022742037241,0.0594686421835955,0.09379182321443247,0.06744074606654175,0.33732251758153786,0.03706550616195868,0.03292973864397497,0.031740260267190276,0.11740460218514133,0.03005283459482651,0.10854730204208571,0.06867273616548764,0.045360789929056525,0.03157549614693655,0.028303357240390212,0.10751684760680322,0.09970243584113091,0.03735839786408729,0.03319941164403907,0.06791251188713673,0.13070215436176996,0.03927340148775338,0.043858403215920334,0.051075750530004446,0.10325348019017183,0.13091803247248263,0.02385857807363168,0.07734764030560726,0.025100142065157392,0.19054168358611942,0.11862327645103342,0.09769224153143184,0.019663016356227418,0.10155999662551508,0.06455453056223481,0.20736683539202264,0.1295383910867325,0.03530730558576696,0.03854164996678236,0.03193248632198632,0.012302249161072084,0.17061893930874097,0.04676237280688779,0.03887950188492328,0.015469941711065378,0.033106713589935485,0.09543251971003722,0.039295265544470714,0.07131261226026689,0.01520413806018166,0.03292973864397497,0.08938470287517632,0.035056425684755754,0.15227726780942955,0.03351405703448733,0.021118410496397552,0.02774020260628076,0.4140068328953792,0.05769832902229535,0.08472293367978442,0.05578830709588376,0.007194636632862728,0.12481848783605332,0.049024242005896064,0.05945534751366567,0.026876565589276938,0.025327660444154753,0.031275357344309446,0.06136603642967155,0.45549265311912734,0.1356380804867504,0.046388466784095875,0.05147005307257128,0.09599121761833428,0.10922571722489388,0.05623017099871448,0.16172161237277496,0.08472293367978442,0.3469715121223475,0.03292973864397497,0.034000464186655505,0.039097178403433,0.03839846356265713,0.028943925314967582,0.15492062769528012,0.0629887879839539,0.02629983587546414,0.05399159008563422,0.10337740311861805,0.11138415490383903,0.127041027563886,0.03294574279750345,0.09051342413235951,0.027768061154365427,0.08078607664578705,0.09236449954720602,0.02116821400719217,0.1321701883802027,0.054763426404342466,0.06791251188713673,0.013719858586891658,0.04455737455271466,0.053126077928174774,0.04485720077955179,0.034865189638133724,0.10186479796660679,0.04516920421558451,0.07554793194649385,0.0490379695395885,0.051633899716894936,0.09487925635320633,0.1824389242971646,0.1615715416251067,0.0035574907143634156,0.06092904102196162,0.08964431767445613,0.1233723421551813,0.047113868993233096,0.02225068215494732,0.024618591499328494,0.03256549912379051,0.07460163473835035,0.11186074983563712,0.024338964763538914,0.05334765586927046,0.00588991757559099,0.021654483572879402,0.028067500025218257,0.03542607471918619,0.08635270049928916,0.02263917793753184,0.13316941358652512,0.0190519723518334,0.06250849925275137,0.036846528821193866,0.012023196246579756,0.06302210618487246,0.07460163473835035,0.07445848668361738,0.07044365083545326,0.12211806068723663,0.00193613108216705,0.038971085005950805,0.14825661287507363,0.0905182719978466,0.0938511877510938,0.09699257399247305,0.12972031364053122,0.06345286629684944,0.2073555137067861,0.027839708058538748,0.19248095965164957,0.00501509556765598,0.12138970524070905,0.10708985912028696,0.024618591499328494,0.04727763522576811,0.09361426491082366,0.05307977036299651,0.16340254510766541,0.09462622765743829,0.22321178026943483,0.0987284859740227,0.07584865320171244,0.26307161862603196,0.027839708058538748,0.0325779914417661,0.09272063992965827,0.021030671122743688,0.08698319649927172,0.03885148803211316,0.0755963524074938,0.028547592901568733,0.1452086934270091,0.16689987759202496,0.023705378825243036,0.08481315466306634,0.14952523046457591,0.04610325480715077,0.04130264847584571,0.2670740704633735,0.05945534751366567,0.11181024998578303,0.027892269653222723,0.10039258696788503,0.03924510396556578,0.004799042885886919,0.12211068626932499,0.014716686096325607,0.14638398611707923,0.10575797204979392,0.01348667430785373,0.017766762353292203,0.1968180510868663,0.19629602978222907,0.15785882849713337,0.07865097944924848,0.07800111967087671,0.05745113261848428,0.057693300840760825,0.030693479075619284,0.03503989682772746,0.0878045545547013,0.08004269499961067,0.3194174998259263,0.09769224153143184,0.07734764030560726,0.1029843243690421,0.0519431516812059,0.04071275281232493,0.04879590076482457,0.1323334003157555,0.051366119186550645,0.16181108040061645,0.18191540179836385,0.04509791694775669,0.03648124451396212,0.04821058808631389,0.0490597499275445,0.0555072862063709,0.020122083008015757,0.15627345005088242,0.04529767279955678,0.26785683595267257,0.06130051184028606,0.15955399352998592,0.045200432058649556,0.18545904204552274,0.0689993063277523,0.33091766808774714,0.10421310024034515,0.13829512470271474,0.2200078992959789,0.05130884486760263,0.04372229617401926,0.028765196562273956,0.0527981832657547,0.02696601461760173,0.06485024265722507,0.023992342584586136,0.26913692879840234,0.03134987981722057,0.03772199700644724,0.19277381183983736,0.07131261226026689,0.05940037972146779,0.09427147148233736
rowId156,0.0673440682358704,0.07364483211004082,0.10249062815394472,0.05787162479345371,0.04230443740330246,0.08614679481226657,0.030086858276874,0.19039423461709837,0.03080378095493439,0.14011744072666557,0.055084569082919255,0.14143183671796988,0.032264556125907624,0.1228991753105598,0.07020954388857871,0.07853026456257887,0.04506801982299781,0.04379595926580875,0.0627691656825544,0.056700360802280095,0.06420564322210497,0.13554704684960045,0.08380283722038466,0.009873194535136116,0.13571850953256293,0.023580556072726674,0.15758099506012443,0.08445385072126431,0.03520873620064968,0.055256227649755706,0.16678773669465566,0.16870580819916503,0.04892163518420947,0.13323971897869835,0.09244417169740099,0.026263694827171676,0.09593659412577094,0.0014195172520296124,0.00501509556765598,0.08566758211999098,0.08555483590857797,0.0898435307738926,0.20537268538925627,0.031756706272599924,0.06103237777299579,0.08010368087486869,0.13829512470271474,0.10155999662551508,0.04542468396420786,0.04541251652372214,0.04795333646108831,0.07417031644006374,0.10155896546150484,0.025327660444154753,0.053628078709692925,0.1615715416251067,0.08938470287517632,0.0337456475259338,0.36368055324122,0.05469840484931965,0.0673440682358704,0.06485024265722507,0.16710876139780362,0.0330249773605309,0.11907757489265196,0.09165802437935143,0.03240034146396136,0.12248603223318161,0.16190114586296384,0.05805212147369039,0.060137038670072376,0.06791251188713673,0.054129586089871874,0.024871013115369402,0.0550416688137162,0.09975901395039075,0.001393729645481836,0.033579700002234446,0.07462147873765274,0.03590586360127347,0.15778891138703702,0.054214800583152645,0.013719858586891658,0.014772500230663017,0.052083190847696914,0.12361762312368559,0.012382517878824474,0.02137279835562717,0.05486872498828684,0.08195793823383195,0.09304335223163059,0.14129435327272127,0.02284163337380396,0.03211573957942239,0.07864944924210476,0.036763862238349515,0.05260097431677552,0.08196324862914352,0.3556424361647484,0.048884152836856834,0.013719858586891658,0.00469153133525907,0.05533035481700348,0.036405905071761224,0.07963498296649549,0.035260075015522224,0.16340254510766541,0.06306523644878903,0.11144192143260966,0.11529490747573133,0.072099642549982,0.036405905071761224,0.03965121145683844,0.19248095965164957,0.018425671901617,0.0979135366345343,0.18593018660940214,0.03235926346470298,0.03235926346470298,0.057363782537312245,0.08984605018464675,0.02352782975286913,0.0905182719978466,0.041880081706703216,0.0754669708164873,0.03400334190851857,0.0627691656825544,0.012961469731987266,0.04806025016521924,0.1445093638682014,0.020807297962228015,0.14638398611707923,0.039876557026929625,0.1364655702278823,0.27298330321199804,0.0779192497212779,0.3545963317289478,0.19629602978222907,0.01647513823739269,0.02081028375652667,0.06313882087780895,0.02056781267910599,0.025100142065157392,0.04982025888411105,0.027492306065426773,0.02225068215494732,0.10038473659025345,0.2349367485001284,0.01238592740711079,0.02642587952391636,0.0735112610680996,0.20874618180906124,0.015960476247937345,0.06415207462311867,0.04727763522576811,0.09684750332021232,0.01647513823739269,0.04465075375308366,0.026585059228289947,0.23303426545035244,0.03899315372958534,0.03678678295654137,0.35371062299421097,0.045376733613794906,0.09244417169740099,0.03835395733374427,0.035260075015522224,0.1789225102535176,0.03915384690431336,0.13396855290030701,0.3228831316963086,0.261655810195167,0.45549265311912734,0.18283152742229947,0.01647513823739269,0.02794422929916819,0.1342836024757118,0.03822996370629155,0.11147700396371757,0.012302249161072084,0.042797119164057644,0.00884621442655624,0.08657086839348747,0.021922161283611755,0.018432099923438347,0.04070808234821544,0.03565841363186296,0.0722395239920576,0.019663016356227418,0.16241222083888848,0.02629983587546414,0.050749717000185206,0.1297611414039591,0.07044365083545326,0.2644690882345289,0.04481391576928428,0.05848213623398934,0.14371991382089253,0.05578830709588376,0.09097591582361568,0.14858535047801408,0.1369571476989645,0.13316941358652512,0.1677536341409256,0.27298330321199804,0.04379595926580875,0.12096049534283558,0.10236233413711866,0.04094085519318643,0.062285713965148974,0.029352972462383407,0.06873054017857778,0.08352530227143147,0.1090167930446169,0.11840644712166468,0.0657465267103825,0.07400884668123524,0.034746682318480944,0.04222978811763968,0.12558596605576303,0.1640993206899182,0.10491625862270752,0.03137587953540144,0.04070808234821544,0.03386979239732146,0.02840389634552638,0.13022584200540502,0.123826265711517,0.03056710604675929,0.11338932753021252,0.10737095420916197,0.0899923145289757,0.041712302511136355,0.013145015428794026,0.04190173012996835,0.03885148803211316,0.03705585238141802,0.17966692845076357,0.053552928875930855,0.061019999055244085,0.046881382097812806,0.09226955809382711,0.04270954807646496,0.0656170881376967,0.24562228218208193,0.060636570386870495,0.06759523942494555,0.062045093156662276,0.009681513657680633,0.03574794240080859
rowId157,0.1581044432373948,0.03253960227038006,0.016980287233531125,0.037500805942635745,0.014860908062084252,0.0571866857956583,0.3003177616492855,0.017273800303183713,0.0673440682358704,0.0507553338290804,0.03121060153353462,0.024771235204193724,0.08244247697781007,0.010673337756590316,0.026824400993290573,0.03052038560590705,0.04210500574751806,0.10552438389889687,0.09703680934456076,0.14988539535299075,0.18191540179836385,0.022901222912728655,0.010874952074147064,0.028154251193438836,0.11954656336370266,0.059004586079247745,0.03366647778344107,0.06053130067514153,0.034695106210996585,0.05758175040859915,0.17327047237633048,0.040202306975338144,0.047691580699675384,0.04579692809366499,0.017630175192375756,0.03706550616195868,0.11072836442583536,0.04631310994474407,0.07185214553071906,0.10854730204208571,0.057214840644141694,0.018364172732089117,0.10897046204943009,0.0955187759967584,0.04435980035507822,0.15217526271752516,0.017430691886933358,0.004152926940190109,0.02029622361328579,0.052153667803229845,0.07767994817908282,0.172012297833012,0.058789740339478584,0.05058439109993849,0.11426457805788533,0.0793443096543359,0.006885013636356038,0.0594686421835955,0.07876470710772351,0.03681279137599688,0.08249538594581472,0.05365236410491182,0.021226796448345624,0.057350477925272175,0.20579014505034474,0.0899790526173496,0.4999321195827659,0.0268184986299694,0.07438060590537096,0.20428805750621565,0.05180395422007624,0.1563213946479865,0.0771158955617825,0.06369774307302835,0.06873054017857778,0.14147342497775015,0.03983059066932128,0.033358740680036456,0.10294895835231888,0.17061893930874097,0.018275824150812713,0.022386710360606483,0.06496844226399118,0.04785285354146018,0.06196559736719907,0.14454419744297103,0.10565873408288223,0.07381480878488941,0.029356870216574262,0.022901222912728655,0.11072836442583536,0.014860908062084252,0.06515893991520305,0.15243063322524364,0.127041027563886,0.015801451102450778,0.02696476681248785,0.0490379695395885,0.0027510090008349614,0.04222067134673445,0.08577860073031916,0.3545963317289478,0.06345286629684944,0.10426991559030556,0.09841710633466864,0.03965121145683844,0.026263694827171676,0.1356380804867504,0.009482827252723503,0.06375824879173388,0.082456895347769,0.0461850859364933,0.1283805700797791,0.024338964763538914,0.05245383369473509,0.05758175040859915,0.17327047237633048,0.03674381607780177,0.051853501696350786,0.17638672838815636,0.22080184262869307,0.1364655702278823,0.03753501969203252,0.057693300840760825,0.11458761931764577,0.03839141000492729,0.03737447382194406,0.10085216866489953,0.08429347150409369,0.036763862238349515,0.012018084666396207,0.10360607847073296,0.03983059066932128,0.03808331619262089,0.08448792858324237,0.1414196764074397,0.0277221587397961,0.11960470280766451,0.14638398611707923,0.12228666395372358,0.012161449214596332,0.09593659412577094,0.15919559162073024,0.033365314010788134,0.07241697745172099,0.03319941164403907,0.11755973381021978,0.03253960227038006,0.04058050711022771,0.07426990010622855,0.0848548636801642,0.06584863655866877,0.027339415128827614,0.062888714605575,0.09897951380933881,0.06455453056223481,0.027046187939357282,0.06744074606654175,0.027504269865620715,0.13914740977622023,0.16903165089690644,0.028174092892130336,0.014661684040514657,0.05436874168032864,0.14687038373156372,0.010874952074147064,0.013484203769131214,0.08195793823383195,0.18444224677760085,0.05130884486760263,0.022579196739952512,0.03359679780667776,0.18435777333481965,0.11245629191416737,0.03915384690431336,0.1677536341409256,0.04424430627846097,0.019457210346014938,0.09593659412577094,0.01988249542172972,0.023705378825243036,0.11909544926042755,0.08583343789693548,0.1295841708513099,0.10039594338350237,0.01647513823739269,0.18666027209475722,0.07844066975234061,0.03633334323186749,0.38875735910827086,0.025327660444154753,0.17956653351301535,0.03084410864312551,0.09811087086971863,0.06250849925275137,0.051633899716894936,0.04516920421558451,0.050749717000185206,0.3468516279701624,0.15258766027551868,0.011030822511195562,0.10618502505903259,0.11179989357123193,0.04379595926580875,0.049508764798018974,0.06924378137890005,0.16556059057061148,0.010581444816286216,0.03942154954513675,0.06080458903783766,0.038971085005950805,0.016040533338174266,0.02977049159155893,0.021527467005206555,0.11593151931672963,0.022901702888118634,0.06420564322210497,0.06796177011202863,0.01660390198358485,0.055251470079924085,0.0752064061748442,0.054763426404342466,0.072099642549982,0.0987284859740227,0.07152735509648726,0.09763967183037908,0.2632336066482097,0.09772256989304996,0.021226796448345624,0.1677536341409256,0.07805267957088467,0.04774617208099574,0.13990357565144373,0.01869525894530098,0.04921266724526593,0.1696726005404289,0.04071275281232493,0.03307704851652938,0.38875735910827086,0.09760076578435951,0.1116571166056257,0.12205572874413355,0.22321178026943483,0.09510212707801179,0.026059042153095482,0.252546345387661,0.029237766048682105,0.06644712560729071,0.08481315466306634,0.08855830640387612
rowId158,0.03418437605602435,0.06677823908643249,0.0699667824915573,0.042946920005675966,0.14952523046457591,0.14335025920532107,0.05037667855411855,0.06420564322210497,0.1125391657576237,0.07658065332977336,0.01512409783235807,0.27554240885943343,0.18057994137607258,0.02710899991417163,0.035056425684755754,0.08230037117986294,0.0954788470012861,0.05669748161081187,0.05103956064333818,0.1417595897119603,0.028906179387724443,0.05670052168664793,0.02966187467733761,0.014635708471241923,0.018432099923438347,0.009256460734643968,0.16592845940929335,0.07956170583697932,0.025024671166916177,0.0890191691639798,0.09611385024571852,0.10056264620920957,0.062350729694423915,0.01770105402259905,0.057346481122152716,0.03736430133007787,0.11245629191416737,0.08004269499961067,0.04372229617401926,0.10670357252879333,0.26149081198054147,0.04424430627846097,0.021055835138022262,0.07101758254728814,0.05769832902229535,0.12886494823050226,0.09429267373051416,0.03835395733374427,0.14764441014550456,0.018639036263385752,0.060266059686105294,0.0984254873172523,0.024871013115369402,0.057983344683024504,0.10738461346976483,0.01869525894530098,0.16241222083888848,0.013003491916629327,0.027768061154365427,0.14011744072666557,0.019287301519781058,0.04647464526117058,0.02814962589004989,0.06291784212017582,0.05061685740582469,0.18758162931895178,0.18003070762950393,0.06896073906595404,0.031275357344309446,0.15758099506012443,0.10440381610333906,0.20537268538925627,0.10729126503837018,0.036230841073632856,0.048297437251682875,0.024124754485251945,0.11710710220545238,0.21640617987221014,0.04177562316439023,0.05661462709928093,0.1404080633955328,0.03727036506772215,0.015165196934626564,0.15919559162073024,0.22664699653928227,0.014860908062084252,0.21095702757387483,0.002786736453702084,0.055938634554263025,0.012558098626810878,0.002121882473025589,0.1323334003157555,0.04126416055933206,0.11882071775636806,0.045795797598099486,0.15673013638471428,0.03387497164470329,0.02710899991417163,0.2223604653132783,0.07125929557042193,0.04821058808631389,0.09865414033922758,0.03705585238141802,0.04270954807646496,0.07379161689293162,0.23412335067903467,0.03211573957942239,0.029237766048682105,0.09699257399247305,0.10360607847073296,0.14871072430793672,0.009256460734643968,0.093388886946188,0.06053130067514153,0.00569868141837213,0.08895253341747135,0.03518168490499371,0.06650081836383148,0.08949112162957971,0.045581527511999786,0.04070808234821544,0.07844066975234061,0.0401083087727199,0.057350477925272175,0.06631257114977637,0.02660472372197752,0.05088840639974515,0.05295063780666251,0.19078411262500236,0.0536970880051042,0.08000910597483264,0.0594686421835955,0.026336588642208864,0.02012066757282389,0.027722067837179065,0.14632140965753745,0.12626963953472042,0.03503989682772746,0.3061785138368613,0.08847280145958716,0.0330249773605309,0.038627933456537346,0.04509791694775669,0.054214800583152645,0.05271634220676527,0.022198968675706938,0.0627691656825544,0.30318879799301185,0.030801362127112646,0.06039117806019295,0.08352530227143147,0.10820335962123553,0.02760353810210546,0.11538145086578852,0.01988249542172972,0.0607849939934305,0.03674381607780177,0.03294574279750345,0.009230952109465151,0.02049398507016983,0.027046187939357282,0.08800441714809738,0.08712547088757225,0.11689600783611202,0.16841652266777207,0.06103237777299579,0.09156471727650593,0.2606536427728311,0.025311766711087064,0.04462283994352437,0.07206168782554961,0.093388886946188,0.02452123900545794,0.02002957821666919,0.04589955972427422,0.05037667855411855,0.022234943294891715,0.045360789929056525,0.039872841557605905,0.03871069082009698,0.11710710220545238,0.061019999055244085,0.0519431516812059,0.06715056668121039,0.04444735794264896,0.047113868993233096,0.034192443862057706,0.051633899716894936,0.1655563823290761,0.013409590494440833,0.06262632535208257,0.11772017342388433,0.021226796448345624,0.0025689959322691643,0.12987758190099027,0.07279057382105315,0.0968109961971932,0.08583343789693548,0.04322238139507759,0.0329315213687575,0.02574444028713122,0.11730261187148877,0.3093554490731001,0.04774728846850738,0.026336588642208864,0.0899790526173496,0.02054140468873364,0.01669423581904388,0.08226846302831745,0.06838469631026628,0.020982432959834096,0.05882174479512728,0.12211806068723663,0.029237766048682105,0.12319189475464339,0.0490597499275445,0.05429242909402791,0.2223604653132783,0.0664158250271298,0.10164575434174027,0.10729126503837018,0.10820335962123553,0.05034077198458959,0.02584657308877199,0.1427773981478607,0.019315778665033825,0.14812399391349337,0.029985474340503245,0.20874618180906124,0.06302210618487246,0.10197873909666125,0.027876176803554725,0.0987284859740227,0.07079673407993524,0.05092201320945591,0.13070215436176996,0.03489886399072764,0.05291159731953287,0.10444233613991619,0.027531620896947936,0.10349991225940729,0.3194174998259263,0.19512175973379914,0.06220922433133476,0.10970978460661515,0.04529767279955678,0.0878045545547013,0.16316697912643482,0.03292973864397497,0.019457210346014938
rowId159,0.021527467005206555,0.03253960227038006,0.04126416055933206,0.06134922898764997,0.07044365083545326,0.0735112610680996,0.1767565322514853,0.0241525457096305,0.036187468336751134,0.08380283722038466,0.02696476681248785,0.07915161640724724,0.07554793194649385,0.07460163473835035,0.20736683539202264,0.03005283459482651,0.09599121761833428,0.16241222083888848,0.01976819149240272,0.03520400737034127,0.045922997763917076,0.3180651754385313,0.07988827723680285,0.07627885643610594,0.21095702757387483,0.03419462071077893,0.021055835138022262,0.16340254510766541,0.01647513823739269,0.07206168782554961,0.05061685740582469,0.09272063992965827,0.07309631450339381,0.04952331415873677,0.017264477451250176,0.03759004280874613,0.04097984159837939,0.10552438389889687,0.02263772852861777,0.03045556880439479,0.1788227873389219,0.15863599133732575,0.0419386775708471,0.02002957821666919,0.1250324649912175,0.21476115788320732,0.025271682694782034,0.07767994817908282,0.016588984493490472,0.12481848783605332,0.06113316301368413,0.056700360802280095,0.10491625862270752,0.04542468396420786,0.08963884549822916,0.021595790954911927,0.021226796448345624,0.10491625862270752,0.05399159008563422,0.12251165950289139,0.023702634221545157,0.3162993595987294,0.03215927506634591,0.24172811512025913,0.0017202596135649285,0.12941427028674948,0.040202306975338144,0.3194174998259263,0.20540485068688014,0.08949112162957971,0.04465075375308366,0.039872841557605905,0.1354156656773594,0.12562638679141755,0.036187468336751134,0.08892913104888106,0.14971586933495437,0.34567410193402004,0.021157916276166023,0.1412294811690744,0.06149509908870966,0.07262101302967139,0.049024242005896064,0.06750234075417384,0.1295841708513099,0.06451092060994358,0.08938470287517632,0.03845064532152613,0.24172811512025913,0.08352530227143147,0.018979402176076767,0.08892913104888106,0.03736430133007787,0.03501514193951451,0.004975004103988152,0.04521676151860069,0.03736430133007787,0.05220606181220708,0.048464710066720464,0.05995406151271267,0.09045302062979264,0.10006566146445842,0.07942359275213501,0.03231724629731043,0.11245629191416737,0.0394077465670282,0.0507553338290804,0.04298511575898325,0.27036948105207664,0.014860908062084252,0.15778891138703702,0.05942891483026106,0.2200078992959789,0.0537597443516009,0.038486313482753644,0.07101758254728814,0.029488681130087475,0.06321851305053366,0.07659175563472435,0.1581044432373948,0.19320656892222257,0.013081264351617305,0.0597815607672343,0.03045556880439479,0.38875735910827086,0.06420564322210497,0.05393921197358413,0.08406858724476178,0.06053130067514153,0.12228666395372358,0.04203818600440162,0.1250324649912175,0.13829512470271474,0.012161449214596332,0.04463134321514318,0.023969313841829896,0.016063735838563173,0.034192443862057706,0.047113868993233096,0.03540866522579982,0.0505517010170282,0.12228666395372358,0.04610325480715077,0.03052038560590705,0.10241594063559417,0.15227726780942955,0.22961718615419324,0.030387354680054202,0.001393729645481836,0.03574794240080859,0.0848548636801642,0.01238592740711079,0.01869083213487588,0.10241020114291999,0.13829512470271474,0.02642587952391636,0.015801451102450778,0.01612460411241117,0.3061785138368613,0.04056119255652058,0.13021606959958118,0.027739673843593833,0.06107495036395189,0.2606536427728311,0.08152949166667502,0.06345286629684944,0.10656782405670617,0.4100194020764493,0.04589955972427422,0.21476115788320732,0.0606517689478234,0.02313783907768579,0.02273898861418235,0.028010747977871408,0.0419386775708471,0.09510212707801179,0.04641012420267559,0.04615049880844655,0.03235926346470298,0.02774020260628076,0.38875735910827086,0.10426991559030556,0.2106587338270038,0.014019535842511229,0.029507745076402716,0.2199627082215403,0.2073555137067861,0.14958268588671825,0.12558596605576303,0.05061685740582469,0.029383760512826113,0.022964712006800666,0.0014311573718241751,0.047162230417682645,0.03854164996678236,0.14463515329590595,0.08892913104888106,0.1911796698425654,0.02278187826579537,0.0878045545547013,0.05486084811073825,0.04586860269306368,0.034370664243488024,0.25881898426779637,0.03256549912379051,0.07956170583697932,0.04647464526117058,0.16903165089690644,0.191928510251779,0.1445093638682014,0.10241594063559417,0.15669038074703903,0.14718307939982944,0.020321361358463564,0.01988777446856482,0.02562141734791899,0.041436914536371376,0.26879822329353653,0.04585573014994079,0.029826891600890564,0.059480149237931254,0.09897951380933881,0.1029843243690421,0.03548375469695007,0.1134198647261424,0.06944514977390738,0.1386428392245063,0.0938511877510938,0.021067898405439718,0.04267621179097056,0.07103377565029463,0.06844674841574178,0.02351782199413517,0.04647464526117058,0.13571850953256293,0.026585122090765596,0.22321178026943483,0.021423618077814347,0.1321701883802027,0.019620235341900393,0.11077466046246393,0.19629602978222907,0.04270954807646496,0.11477596273895989,0.05942891483026106,0.10398192488485646,0.036187468336751134,0.0899400568571098,0.36457726444627037,0.1655563823290761
rowId160,0.10197873909666125,0.07074577782997114,0.11618044237816691,0.030182422378276723,0.40557282941627437,0.04962240834602832,0.10038797037179867,0.03574794240080859,0.11926490911450775,0.06039117806019295,0.03786621570464605,0.1596607802709601,0.039295265544470714,0.2251822106904705,0.06262632535208257,0.03788775710543377,0.05745628713186052,0.020064425577496253,0.017923659099580245,0.07755929807815137,0.035260075015522224,0.06203184337028378,0.016137772223863426,0.11755973381021978,0.03814931609514115,0.10897046204943009,0.04917032852208639,0.031193985106960725,0.03205144736031224,0.10114236738919029,0.06369774307302835,0.017998176002266903,0.08579832894478713,0.04251764915435123,0.14365904546732117,0.04444735794264896,0.16241222083888848,0.021035279389131245,0.09899324295735384,0.07767748564375446,0.09094831663440615,0.03848544513246123,0.1052622382613658,0.06873054017857778,0.16689987759202496,0.05882174479512728,0.039463191802789024,0.01973453494446283,0.14190502455906753,0.1137250587043581,0.16841652266777207,0.02399030813264455,0.2186621908474496,0.018784945065822876,0.0764087364420143,0.03775970949684174,0.10007624563057085,0.03849441112147166,0.07942359275213501,0.057350477925272175,0.0421658790621041,0.020991286417138856,0.11861451035848701,0.062350729694423915,0.1364655702278823,0.08445385072126431,0.11530079725414541,0.01520413806018166,0.08653034708937724,0.02273898861418235,0.0824477990648991,0.028943925314967582,0.11061162161675382,0.06382012832209755,0.04222067134673445,0.07074065692092224,0.0429850759827676,0.07601437163497518,0.017264477451250176,0.027407112804122807,0.1185385584173658,0.08482005250119078,0.08034193349068149,0.08018129967829611,0.11402291709174132,0.14896969453060246,0.009873194535136116,0.03550697569405258,0.06216262999539586,0.07929262048894575,0.15673013638471428,0.021527467005206555,0.2200078992959789,0.058487495737945545,0.022201433566264018,0.13323027286096276,0.059194134118890046,0.0402292473641634,0.06838469631026628,0.0656152538296495,0.13554704684960045,0.05623017099871448,0.25881898426779637,0.1868962350416429,0.07194821538076857,0.04036084414354057,0.010987912659858455,0.047113868993233096,0.06114028361909431,0.047635917976653605,0.04267621179097056,0.05005063723535282,0.21415924083222407,0.00176492202251769,0.014716686096325607,0.018784945065822876,0.040202306975338144,0.1178912662492186,0.20247490841399748,0.015335599796271132,0.023844478287064486,0.029339572424451857,0.06838469631026628,0.02650003550771703,0.06070335427422454,0.16340254510766541,0.03351405703448733,0.22929229968146284,0.08429347150409369,0.11174286545708143,0.02953407343919929,0.06203825029697983,0.0749770436991232,0.05360222657306117,0.033506658653691006,0.063784276915804,0.05880646563927412,0.026276556651016393,0.06715056668121039,0.03875747499066945,0.27554240885943343,0.1754565304756922,0.02814962589004989,0.031876346560642095,0.04071275281232493,0.03915384690431336,0.021055835138022262,0.015801451102450778,0.02481288025966938,0.01839084429740458,0.0962274436407269,0.12138970524070905,0.16256286021822472,0.0014734937643591185,0.03123999571671486,0.12121331241289607,0.13357245140683496,0.08152949166667502,0.16592845940929335,0.020247981163211536,0.0300759063062323,0.07389922166867542,0.07364483211004082,0.00469153133525907,0.15758099506012443,0.10279955933541127,0.06250205948427942,0.18619259208399594,0.18350589336633658,0.19078411262500236,0.03550697569405258,0.051082808073531286,0.026336588642208864,0.08034193349068149,0.0755963524074938,0.025271682694782034,0.1356380804867504,0.08482005250119078,0.01612460411241117,0.07113296854299447,0.025392678101793305,0.07586344697981773,0.22080184262869307,0.03759004280874613,0.055466322071612284,0.05436874168032864,0.11218261353333293,0.015258459652880734,0.22380058753779314,0.020321361358463564,0.07389922166867542,0.11325291449263311,0.04298511575898325,0.1563213946479865,0.028010747977871408,0.3334925090390668,0.09950116357986438,0.09074726331961366,0.191928510251779,0.10656782405670617,0.08257032572084051,0.015927063990360178,0.02765053618110973,0.054938895266455595,0.03256549912379051,0.07417031644006374,0.14141812516099347,0.06107495036395189,0.19039423461709837,0.20874618180906124,0.0325779914417661,0.025327660444154753,0.012018084666396207,0.10056264620920957,0.09970243584113091,0.03908833083751431,0.01986848339245085,0.10934531532203123,0.18583451268168535,0.01520413806018166,0.1228991753105598,0.05758175040859915,0.027046187939357282,0.037500805942635745,0.03468003074247901,0.21004634554321927,0.12361762312368559,0.062888714605575,0.008281152186413676,0.03574794240080859,0.03735839786408729,0.06035921583087826,0.047856065533528384,0.03359679780667776,0.07178921113168528,0.02481288025966938,0.07734764030560726,0.11174286545708143,0.01987491124064308,0.06097390686036244,0.03319675917204851,0.045509685059433785,0.18283152742229947,0.055256227649755706,0.06159513328574669,0.24595226603168896,0.12912460435442497,0.00723332362833648,0.1417595897119603,0.20857655664498323
rowId161,0.08840250238522263,0.03610503296908216,0.00866723760616279,0.015801451102450778,0.07252304152301488,0.03705585238141802,0.11118440660788745,0.028348923763038197,0.03359679780667776,0.02574444028713122,0.1968180510868663,0.0014042345243768168,0.025355727280114457,0.04804952846042931,0.2200078992959789,0.04816170391689469,0.043406679589960986,0.09593659412577094,0.11625513295709856,0.05608147292049057,0.032264556125907624,0.04401643776890336,0.06435750665381641,0.0554855060325719,0.01513130881026172,0.028067500025218257,0.06486139555434021,0.04542468396420786,0.0419386775708471,0.10708985912028696,0.04070808234821544,0.06584732067285312,0.028547592901568733,0.0025689959322691643,0.08517001339279531,0.0190519723518334,0.18611516817269508,0.11402291709174132,0.03530730558576696,0.1042569366773471,0.10639914686488107,0.052153667803229845,0.1137250587043581,0.03875747499066945,0.02574444028713122,0.26913692879840234,0.00424493197697294,0.027363439804964036,0.05834458195742017,0.15627345005088242,0.1134198647261424,0.052153667803229845,0.16266482666147805,0.15673013638471428,0.07400884668123524,0.04095910770721359,0.015469941711065378,0.05130884486760263,0.11837185643558287,0.05940037972146779,0.3260595187431702,0.2153453683839955,0.022901222912728655,0.11593151931672963,0.01895455216864403,0.06873054017857778,0.08586955293230615,0.1452086934270091,0.13072710424841222,0.2091523714731809,0.10430790309244155,0.18426750232774555,0.038627933456537346,0.0772783426344131,0.03588597300280466,0.0857171521604164,0.05978660310536649,0.04251764915435123,0.0054814593349430405,0.15883501452833554,0.05248745394216506,0.11432857919387622,0.10724947234195165,0.20476934866778262,0.07185214553071906,0.05469840484931965,0.09970243584113091,0.1316345418035157,0.09611385024571852,0.04177562316439023,0.11598418326398066,0.0399806288070988,0.15778891138703702,0.058260940532916396,0.09097591582361568,0.12481848783605332,0.05061685740582469,0.06021094519756196,0.04097984159837939,0.055217181988922066,0.0054814593349430405,0.021423618077814347,0.06707224149513806,0.0429850759827676,0.08865993303919399,0.05365236410491182,0.00193613108216705,0.04916600786159446,0.13671306362195296,0.04261959859366956,0.2776265708225612,0.2632336066482097,0.04364627000013338,0.002786736453702084,0.11124057942966953,0.12558596605576303,0.07103377565029463,0.07197347829236062,0.052956487694236526,0.03215927506634591,0.09805566740007637,0.04458682553622899,0.2199627082215403,0.07988827723680285,0.012366508001763019,0.02481288025966938,0.04759092305037301,0.008136093675204323,0.06757375974048797,0.10421310024034515,0.03334952467146852,0.05636390858181385,0.04095516332527793,0.1356380804867504,0.11777693041468404,0.03530475507284041,0.10249062815394472,0.027381273594172674,0.04641012420267559,0.10060492240923555,0.09487925635320633,0.02613129831130594,0.14638398611707923,0.04401643776890336,0.09939811435029541,0.07131261226026689,0.02351782199413517,0.26881345614637076,0.19248095965164957,0.0402292473641634,0.05357940536723349,0.16592845940929335,0.26307161862603196,0.36457726444627037,0.08325662503095924,0.06584863655866877,0.014470794131012073,0.009873194535136116,0.05850393617212031,0.03486464801397875,0.08406858724476178,0.14858535047801408,0.047113868993233096,0.18283152742229947,0.15962122246056037,0.008136093675204323,0.004799042885886919,0.012715153096983886,0.06421392437529953,0.3594849603243823,0.02574444028713122,0.10131679962040124,0.07309631450339381,0.062045093156662276,0.1611631355227145,0.0838457233068345,0.033220339547255416,0.36799292665354805,0.047113868993233096,0.1295383910867325,0.10252991989402437,0.024245729366474,0.03957776695492004,0.05220606181220708,0.0618648465896002,0.22840368924551568,0.03319941164403907,0.04917032852208639,0.12562638679141755,0.03520873620064968,0.04573619491427452,0.04261959859366956,0.13990357565144373,0.021067898405439718,0.02696476681248785,0.027407112804122807,0.01612460411241117,0.04458682553622899,0.07667281301684715,0.08429347150409369,0.0630038274757027,0.04998130919555556,0.14933438258730217,0.017128430737049664,0.18694592172753058,0.1968180510868663,0.06420564322210497,0.11432857919387622,0.15492062769528012,0.047113868993233096,0.07389922166867542,0.10440381610333906,0.0245809366740213,0.16689987759202496,0.019287301519781058,0.3194174998259263,0.06069020644170173,0.19248095965164957,0.014772500230663017,0.11052145071876468,0.010581444816286216,0.03726148697091725,0.055256227649755706,0.0632434822655344,0.13881479140370268,0.09206805513314008,0.08507553736647443,0.03835395733374427,0.052083190847696914,0.034370664243488024,0.01976819149240272,0.07381480878488941,0.03351128377193219,0.14971586933495437,0.023550772814327676,0.19223830649177262,0.034058891602593,0.07851951477554499,0.03748970445464128,0.1968180510868663,0.08061541586142089,0.45997384824528237,0.08545342411244973,0.05692538241875496,0.093388886946188,0.1321701883802027,0.04631310994474407,0.1125391657576237,0.1111333338491525,0.15919559162073024
rowId162,0.03942154954513675,0.15835562061705558,0.030328569389991258,0.07584865320171244,0.021151515504727717,0.04525431632382581,0.025014108046232233,0.032210831267687964,0.026483930919803868,0.05460540520056117,0.12391169721127608,0.031756706272599924,0.12252495912844875,0.07876470710772351,0.07666916063144738,0.06420564322210497,0.056111954907429595,0.055084569082919255,0.007024772460824246,0.06321851305053366,0.10491625862270752,0.04251837313333597,0.027146168235100094,0.0277221587397961,0.12700540400463725,0.07075565832710061,0.03277899940354323,0.08966850965032691,0.19512175973379914,0.03766539871962317,0.10605325488426509,0.04921266724526593,0.06250205948427942,0.1647014841231385,0.028923152962393183,0.015469941711065378,0.11625513295709856,0.21825403355153195,0.06384464835745123,0.08061541586142089,0.025311766711087064,0.09599121761833428,0.14858535047801408,0.033106713589935485,0.04056119255652058,0.07926505648786575,0.029826891600890564,0.02352782975286913,0.0014311573718241751,0.13162212883887994,0.0406149742766575,0.030439379557517934,0.10006566146445842,0.001160583601150869,0.04892163518420947,0.07785515459993708,0.08034193349068149,0.15664252575486765,0.03157549614693655,0.013081264351617305,0.11426457805788533,0.27298330321199804,0.11103531492787581,0.002450277267931671,0.10325348019017183,0.0904686580562412,0.07381480878488941,0.10939680651715215,0.009482827252723503,0.03674381607780177,0.12205572874413355,0.018432099923438347,0.045319880274969276,0.01277488990260344,0.024663062392871464,0.01869525894530098,0.009230952109465151,0.027722067837179065,0.05260097431677552,0.11179989357123193,0.072099642549982,0.10902995955306398,0.033555591874811025,0.04463339559281491,0.0017202596135649285,0.03256549912379051,0.04276085660505043,0.023844478287064486,0.09510212707801179,0.05180395422007624,0.08429347150409369,0.15530946107413995,0.02313783907768579,0.08000910597483264,0.2999375541180197,0.06644184695473425,0.2644690882345289,0.07037567900853456,0.01895455216864403,0.05259667703816095,0.15673013638471428,0.179143948589297,0.03899315372958534,0.018150947067355323,0.09225130635784731,0.10360607847073296,0.11954656336370266,0.08195793823383195,0.019092016924790765,0.03080378095493439,0.09835796675412416,0.06644184695473425,0.04982025888411105,0.017947202939576485,0.06203184337028378,0.12558596605576303,0.018374990323745136,0.0555072862063709,0.05487583547021357,0.1596607802709601,0.0779192497212779,0.17158028346212587,0.11726927412993757,0.18694592172753058,0.11009175703346592,0.04322238139507759,0.13957516578622461,0.051687603420260464,0.023330181294667924,0.05180395422007624,0.06069020644170173,0.1125644642390023,0.06159513328574669,0.010673337756590316,0.1562688333715234,0.012366508001763019,0.04909027753160908,0.03782898930479036,0.195916188529966,0.1612891967285631,0.0533719563635346,0.10364937774625661,0.024266183679863794,0.11179989357123193,0.18779475819152228,0.12219537683003356,0.02783085768444364,0.12361762312368559,0.11118440660788745,0.24358307554122477,0.05945534751366567,0.05758670702735719,0.1357760968140226,0.027892269653222723,0.04222978811763968,0.04570153127571757,0.10897046204943009,0.04509791694775669,0.03530475507284041,0.07309631450339381,0.3194174998259263,0.03875353309490299,0.018432099923438347,0.18545904204552274,0.12860464508678013,0.07137774300691742,0.03578457377357328,0.08583343789693548,0.08352530227143147,0.09206805513314008,0.016754799503522624,0.1342836024757118,0.032952065867482595,0.08244247697781007,0.11186074983563712,0.065728013099982,0.19014511813092702,0.06356196425814355,0.028174092892130336,0.06496844226399118,0.5193187597312484,0.20872635028747744,0.06279852860220687,0.13091803247248263,0.23725070138533247,0.031798389482455613,0.029291059936358436,0.06882577223500075,0.18435777333481965,0.02664862240992076,0.05487583547021357,0.04300577383145825,0.05103956064333818,0.04586860269306368,0.04132392199381643,0.06390620491701236,0.04210500574751806,0.2483154695117704,0.0014195172520296124,0.17849674179298197,0.19277381183983736,0.030439379557517934,0.10565873408288223,0.050749717000185206,0.09510173084686854,0.004252289108198878,0.029706759699468954,0.14011744072666557,0.043406971336301,0.06810160351913451,0.05694070031043384,0.18694592172753058,0.21326958176696714,0.04509791694775669,0.08230037117986294,0.015067319578338617,0.2632336066482097,0.021226796448345624,0.0325779914417661,0.008422735088664578,0.002450277267931671,0.0329046009050689,0.051082808073531286,0.07856483488912339,0.18338484295646426,0.05460540520056117,0.09868190931741555,0.22664699653928227,0.04585573014994079,0.055256227649755706,0.17419125449951103,0.03924490953398031,0.03825583218523496,0.026709505515855436,0.09510212707801179,0.1640993206899182,0.02584657308877199,0.03565841363186296,0.019892428173312823,0.08907090607325127,0.12248603223318161,0.027146168235100094,0.023702634221545157,0.20872635028747744,0.12558596605576303,0.04754028045988503,0.06435750665381641,0.1655563823290761,0.05104574543442532,0.012587335184230724
rowId163,0.1042569366773471,0.06129987982429951,0.062285713965148974,0.15778891138703702,0.07074065692092224,0.03875747499066945,0.12219537683003356,0.06601684212396985,0.14952523046457591,0.06168446572573735,0.1086200947835858,0.261655810195167,0.04261959859366956,0.04222978811763968,0.01869083213487588,0.18249217498805528,0.041712302511136355,0.2186621908474496,0.07058851242365444,0.08966850965032691,0.043145974762119024,0.15962122246056037,0.13072710424841222,0.04608240081918501,0.032818997701746046,0.09888230924825035,0.033358740680036456,0.03885148803211316,0.11186074983563712,0.035260075015522224,0.030153517681651424,0.03004152838787338,0.09330931421783428,0.15868440580585322,0.046607082917171326,0.03292973864397497,0.00501509556765598,0.10334672978344611,0.0890191691639798,0.05952281701584533,0.10349991225940729,0.021030671122743688,0.08481315466306634,0.05669748161081187,0.07710103079442301,0.1040932907750545,0.025817662585343973,0.1563681993870599,0.11882319584165722,0.09225130635784731,0.06215243224595004,0.07075565832710061,0.15673013638471428,0.030182422378276723,0.07467052724840187,0.03542607471918619,0.040202306975338144,0.04071275281232493,0.18593018660940214,0.21825403355153195,0.15258766027551868,0.03123999571671486,0.11625767060285853,0.019996810121400154,0.07279057382105315,0.03915384690431336,0.10491625862270752,0.032359818370631226,0.09325059267029452,0.03211573957942239,0.06136603642967155,0.08472293367978442,0.2223604653132783,0.15919559162073024,0.053990798115460266,0.043763658440362514,0.39546404121520046,0.18426750232774555,0.015352563380492361,0.08614679481226657,0.06873054017857778,0.26913692879840234,0.024663062392871464,0.0673440682358704,0.11061162161675382,0.11963798953386495,0.0026465754916795395,0.0019743672866612385,0.03205144736031224,0.09272063992965827,0.06313882087780895,0.01348667430785373,0.04669969026339511,0.03086444059220104,0.07637491113170373,0.0722395239920576,0.18583451268168535,0.10167435577256531,0.027381273594172674,0.0689993063277523,0.20989097606091836,0.07090457711116659,0.1788227873389219,0.03565841363186296,0.0024663782729773404,0.10670357252879333,0.033097731182593564,0.33091766808774714,0.03578457377357328,0.26913692879840234,0.13464322407379928,0.020350234254141973,0.03782898930479036,0.05240819850123343,0.15967368453543784,0.021654483572879402,0.014470794131012073,0.07194821538076857,0.06369774307302835,0.07667281301684715,0.03798354132414837,0.10565873408288223,0.04185138268959872,0.08814272218469847,0.018806418396416683,0.04795333646108831,0.3228831316963086,0.18719690702186523,0.11538145086578852,0.1341652501913408,0.05618891157550481,0.04990213832453254,0.0522210458533132,0.2394309350208083,0.01855574938879523,0.030693479075619284,0.04322238139507759,0.0406149742766575,0.08738340122130314,0.15883501452833554,0.13949900142465416,0.27554240885943343,0.11575658288256026,0.1655563823290761,0.08800441714809738,0.02263917793753184,0.04821058808631389,0.004975004103988152,0.10639914686488107,0.033579700002234446,0.0419386775708471,0.0755963524074938,0.055615668272831646,0.1357009020748816,0.019892428173312823,0.01277488990260344,0.0363676403973819,0.19512175973379914,0.03983059066932128,0.09865414033922758,0.06031646013147246,0.03766539871962317,0.04253325415890776,0.062045093156662276,0.040845637903666084,0.01915352288157754,0.05694070031043384,0.04754028045988503,0.17061893930874097,0.03351128377193219,0.018275824150812713,0.15249242112043093,0.028010747977871408,0.11174286545708143,0.03887950188492328,0.02650003550771703,0.03612476729242831,0.03825583218523496,0.05147005307257128,0.05357940536723349,0.09045302062979264,0.11118440660788745,0.252546345387661,0.1625737309454052,0.06922884638999138,0.07601437163497518,0.0823375638533397,0.016980287233531125,0.034865189638133724,0.07090457711116659,0.08814272218469847,0.4100194020764493,0.30152961729774447,0.027739673843593833,0.043406971336301,0.045616126317840226,0.025355727280114457,0.04509791694775669,0.062123878833392175,0.03387939669877388,0.014772500230663017,0.04036084414354057,0.17158028346212587,0.023303430075389122,0.00501509556765598,0.06584863655866877,0.09772256989304996,0.050978000566798576,0.15962122246056037,0.08614679481226657,0.15544147439358993,0.05170643345835024,0.03815625801769054,0.039295265544470714,0.04276085660505043,0.18283152742229947,0.17158028346212587,0.055084569082919255,0.07400648649450245,0.045200432058649556,0.022546309686991825,0.16689987759202496,0.08010368087486869,0.06069020644170173,0.07373625391171952,0.015258459652880734,0.04506801982299781,0.09510212707801179,0.13021606959958118,0.023550772814327676,0.03056710604675929,0.045319880274969276,0.20537268538925627,0.03935005438836094,0.021030671122743688,0.04070808234821544,0.21384661491077844,0.09409381491828588,0.014878934411381101,0.08034193349068149,0.3093554490731001,0.023686072056975687,0.11181024998578303,0.055774104685159004,0.02774020260628076,0.127041027563886,0.01976819149240272,0.02957582199534259,0.049131978517202565,0.11530079725414541
rowId164,0.04817075298797411,0.0401083087727199,0.05758175040859915,0.07913518569135433,0.03419462071077893,0.055466322071612284,0.20537268538925627,0.07963498296649549,0.10337740311861805,0.09222861443600389,0.16678773669465566,0.014375380660155637,0.19078411262500236,0.14129435327272127,0.01915352288157754,0.3197689405850322,0.12205572874413355,0.0695040546611142,0.11530079725414541,0.039295265544470714,0.13021606959958118,0.0027510090008349614,0.051366119186550645,0.03815625801769054,0.05940037972146779,0.2534575377415102,0.017686954574394967,0.013484203769131214,0.09812427323413456,0.04213882884517572,0.06810160351913451,0.07800111967087671,0.35546825740553917,0.050978000566798576,0.584049185076163,0.03502074766405762,0.04509791694775669,0.021580403233670803,0.03610503296908216,0.15795199457320505,0.20428805750621565,0.2003959170726871,0.07117919171599127,0.03294574279750345,0.054822115843996516,0.14146683755353875,0.2111621141291003,0.023686072056975687,0.09865414033922758,0.019916581577746697,0.0429850759827676,0.36400503546692115,0.001393729645481836,0.18353317167795255,0.06097390686036244,0.002450277267931671,0.007024772460824246,0.15784646325867696,0.09510173084686854,0.021157916276166023,0.031089106207021117,0.018700198478567746,0.20476934866778262,0.05696289288454036,0.11926490911450775,0.025392678101793305,0.03786621570464605,0.13468626386236254,0.18353317167795255,0.06303752745103712,0.038627933456537346,0.030996936519047814,0.03439272521163692,0.028599325313790534,0.07805267957088467,0.16172161237277496,0.028303357240390212,0.022579196739952512,0.0905182719978466,0.1563681993870599,0.17005480488327893,0.06130051184028606,0.06149509908870966,0.2394309350208083,0.039876557026929625,0.03449769517907935,0.046747789712766004,0.10751684760680322,0.052956487694236526,0.1615715416251067,0.08583343789693548,0.10729126503837018,0.03409757716207294,0.13621507646855882,0.45549265311912734,0.021595790954911927,0.09279965872048816,0.00569868141837213,0.2394309350208083,0.03486464801397875,0.06075676659749816,0.24562228218208193,0.19512175973379914,0.11365898223390919,0.046607082917171326,0.03929745058332522,0.03540866522579982,0.019892428173312823,0.09812427323413456,0.05005063723535282,0.16677513400863042,0.03735839786408729,0.02419396447389655,0.0792544397720208,0.16822232470883255,0.14365904546732117,0.0316759563735845,0.08964431767445613,0.17492427915422573,0.09325059267029452,0.030387354680054202,0.17419125449951103,0.4999321195827659,0.10252991989402437,0.0024735841903112434,0.04583884293867521,0.015529893083447616,0.19016002304180096,0.08152949166667502,0.0704920209854422,0.11614626967264054,0.03351405703448733,0.03315502653878524,0.10485570365903252,0.06267275232069118,0.007024772460824246,0.04375041821232045,0.05469840484931965,0.12441356900095034,0.13886235682904702,0.05240819850123343,0.14871072430793672,0.021654483572879402,0.046092288886077,0.1111333338491525,0.10874647795539916,0.05580781562436631,0.21475093122862896,0.021226796448345624,0.08041896053972508,0.06926103601658354,0.01895455216864403,0.042261196458572674,0.06103237777299579,0.03848727934251136,0.03578457377357328,0.025174039322353518,0.02957582199534259,0.06149509908870966,0.1040932907750545,0.11625513295709856,0.1078497759557763,0.10444233613991619,0.04222067134673445,0.11726927412993757,0.027146168235100094,0.017264477451250176,0.04804952846042931,0.04078779991944996,0.028547592901568733,0.025271682694782034,0.03216971260422346,0.031740260267190276,0.01647513823739269,0.11458761931764577,0.14812399391349337,0.05291159731953287,0.021151515504727717,0.07090457711116659,0.028358287807441887,0.05578830709588376,0.034210362222606545,0.03748970445464128,0.03489886399072764,0.07853026456257887,0.13844044529711408,0.08406858724476178,0.11954656336370266,0.11402459448067369,0.011167719420105799,0.2200078992959789,0.06841565862114168,0.27926771393662286,0.2578014176647156,0.07659175563472435,0.043071005021486634,0.11027956864797933,0.09409381491828588,0.10241020114291999,0.11777693041468404,0.014956096707606049,0.3194174998259263,0.05103956064333818,0.042797119164057644,0.03514363435872044,0.05334765586927046,0.12248603223318161,0.09510173084686854,0.09669392721349093,0.15883501452833554,0.004004509703717296,0.05092201320945591,0.03417634251930709,0.04809396790315217,0.06468796458830008,0.10656782405670617,0.13625357738901228,0.02760353810210546,0.021580403233670803,0.05552993223624501,0.08984605018464675,0.017947202939576485,0.0027510090008349614,0.08048125822188523,0.11009175703346592,0.0738920103499353,0.20341448967898124,0.002121882473025589,0.04754028045988503,0.03544609355570803,0.021328364187053844,0.04509791694775669,0.0630038274757027,0.3070058519568064,0.05886391966927162,0.033365314010788134,0.11614626967264054,0.06264437487725902,0.029237766048682105,0.01869083213487588,0.15388354988563785,0.08895253341747135,0.021527467005206555,0.05945534751366567,0.013902640332945745,0.13554704684960045,0.02664862240992076,0.05095963412617053,0.1051118587615843,0.11752161948341273
rowId165,0.09361426491082366,0.0537597443516009,0.14371991382089253,0.01473791567634694,0.046607082917171326,0.1563213946479865,0.03387497164470329,0.03908833083751431,0.05109981097667743,0.001393729645481836,0.12886494823050226,0.07593919617160745,0.2078788065117053,0.06860051948882322,0.11530079725414541,0.01869083213487588,0.01907033912262752,0.2076241358354501,0.02957582199534259,0.022234943294891715,0.08263987967781321,0.035260075015522224,0.016686140188555895,0.1767565322514853,0.11954656336370266,0.03648124451396212,0.11867710015527264,0.10006566146445842,0.09300221264141717,0.11443541100529811,0.10355086589252654,0.02696476681248785,0.1445201601817003,0.1246497705187889,0.1042569366773471,0.21415924083222407,0.052153667803229845,0.023705378825243036,0.013719858586891658,0.10921701078819221,0.18444224677760085,0.050133515081212804,0.04370905553095802,0.06944514977390738,0.11445004906312639,0.16364977061611355,0.06216262999539586,0.06415207462311867,0.09018835436075119,0.08545342411244973,0.023682065233235416,0.012095021669586549,0.04444735794264896,0.04700080692243039,0.012715153096983886,0.05486084811073825,0.11293500613327476,0.0329315213687575,0.02089366322938851,0.026274800215107787,0.015469941711065378,0.17966692845076357,0.3027496569786528,0.016980287233531125,0.10121866702268312,0.06313882087780895,0.11365898223390919,0.21384661491077844,0.06069020644170173,0.07215257276062831,0.1798948556160159,0.0465363904616811,0.3334925090390668,0.04754028045988503,0.04881095883136564,0.04641012420267559,0.02419396447389655,0.18758162931895178,0.021151515504727717,0.07006921752847214,0.15607134131012784,0.04036084414354057,0.01927693647622441,0.08000910597483264,0.03449769517907935,0.18666027209475722,0.029446283759633547,0.05694070031043384,0.05513978848235159,0.19745924543290813,0.02580952453634657,0.2003959170726871,0.047113868993233096,0.09244417169740099,0.08938470287517632,0.3771672212472896,0.04471466947688636,0.019845656749530753,0.0035574907143634156,0.0245809366740213,0.3556424361647484,0.04322238139507759,0.022197490518024013,0.015793248160788205,0.2483154695117704,0.0667889379457594,0.26785683595267257,0.03418437605602435,0.0014195172520296124,0.08445385072126431,0.021423618077814347,0.051075750530004446,0.03814931609514115,0.08984605018464675,0.026861697918467726,0.14529841026851467,0.08685226182184991,0.08653034708937724,0.13106381999870861,0.030387354680054202,0.1175324079111423,0.07090457711116659,0.1115905840203343,0.019457210346014938,0.16364977061611355,0.08018129967829611,0.11118440660788745,0.0010202824078819834,0.07417031644006374,0.03550697569405258,0.14113352939866172,0.1029843243690421,0.06201881903401059,0.10252991989402437,0.24775353246930432,0.08577860073031916,0.06291784212017582,0.15919559162073024,0.026824400993290573,0.019092016924790765,0.1834345178956457,0.03735984974308029,0.03848727934251136,0.13323027286096276,0.08018129967829611,0.15868440580585322,0.08847280145958716,0.049621278745842524,0.23861576314397512,0.08600508125519364,0.1696726005404289,0.02555328322910774,0.029826891600890564,0.07364483211004082,0.018374990323745136,0.17158028346212587,0.0009565827979865296,0.04261959859366956,0.031559092364981736,0.08482614416438125,0.035260075015522224,0.10241594063559417,0.04102533692048867,0.07131261226026689,0.016686140188555895,0.05992858240965832,0.11960470280766451,0.02113556481743805,0.26785683595267257,0.0635494061796558,0.11174286545708143,0.058260940532916396,0.020498449919657748,0.019845656749530753,0.0026465754916795395,0.09379182321443247,0.024338964763538914,0.07023972692722037,0.0554855060325719,0.04795333646108831,0.04791447870766466,0.06584863655866877,0.10197873909666125,0.11620181949525443,0.03736430133007787,0.2999375541180197,0.06515893991520305,0.07800111967087671,0.06203825029697983,0.06644712560729071,0.08914338531565498,0.04187852298493348,0.004317486260476565,0.1228991753105598,0.060137038670072376,0.0397050772708996,0.20152512057686184,0.10155999662551508,0.05245383369473509,0.10039594338350237,0.0643135158345426,0.02263772852861777,0.07460163473835035,0.019048800579276583,0.16190114586296384,0.0014734937643591185,0.026585122090765596,0.13962037808819094,0.0014311573718241751,0.2746187737836757,0.18435777333481965,0.07554793194649385,0.05952281701584533,0.08855830640387612,0.03137587953540144,0.15217526271752516,0.10668520722708796,0.061302009339381985,0.027739673843593833,0.04516920421558451,0.025160760491888617,0.029237766048682105,0.0699667824915573,0.0268184986299694,0.12236543073654657,0.044521419544169445,0.10024902971260209,0.10131679962040124,0.03193248632198632,0.09025769470979908,0.05104574543442532,0.03854625184302271,0.04516920421558451,0.020345966248878473,0.03814931609514115,0.27926771393662286,0.08984605018464675,0.053990798115460266,0.14146683755353875,0.06114028361909431,0.3715749938643185,0.3771672212472896,0.06097390686036244,0.15326340587523377,0.03292973864397497,0.014956096707606049,0.09772256989304996,0.09939811435029541,0.11186074983563712,0.1297611414039591
rowId166,0.02520256731126624,0.18353317167795255,0.03294574279750345,0.11133391901952686,0.0270145524300177,0.12941427028674948,0.024871013115369402,0.059194134118890046,0.03387497164470329,0.0618648465896002,0.21476115788320732,0.02613129831130594,0.0378669845402935,0.1369571476989645,0.06838469631026628,0.008660115293498229,0.017072460048859595,0.04647464526117058,0.11052145071876468,0.05295063780666251,0.07785515459993708,0.19562540965975656,0.12972031364053122,0.017923659099580245,0.12450729421284275,0.12481848783605332,0.026146505080541723,0.0656170881376967,0.04610325480715077,0.06922884638999138,0.2111621141291003,0.18978437954448157,0.03086444059220104,0.03735839786408729,0.06515893991520305,0.3064858950054413,0.06070335427422454,0.05371547389741796,0.021226796448345624,0.1611631355227145,0.04589955972427422,0.17158028346212587,0.0890191691639798,0.08577860073031916,0.027492306065426773,0.09595609125389327,0.0749770436991232,0.023992342584586136,0.01869525894530098,0.03215927506634591,0.0019743672866612385,0.10430790309244155,0.09025769470979908,0.16556059057061148,0.08352530227143147,0.0984254873172523,0.05103956064333818,0.052384989966095176,0.12865367008844464,0.015793248160788205,0.03520873620064968,0.09593659412577094,0.15249242112043093,0.051602939631941826,0.08263987967781321,0.10656782405670617,0.016040533338174266,0.13554704684960045,0.017947202939576485,0.03514363435872044,0.045360789929056525,0.030801362127112646,0.0190519723518334,0.26566501185002683,0.18545904204552274,0.07400884668123524,0.029826891600890564,0.04213882884517572,0.03735984974308029,0.042261196458572674,0.04444735794264896,0.04213882884517572,0.09884639407295902,0.03794816822754598,0.0876026134183375,0.1711454650785608,0.09199831259661723,0.04375041821232045,0.047921103849625876,0.009482827252723503,0.03766539871962317,0.09970243584113091,0.07882916111607614,0.193635599882764,0.07090457711116659,0.039463191802789024,0.2153453683839955,0.09857740111087837,0.018639036263385752,0.10131679962040124,0.06759523942494555,0.065728013099982,0.1968180510868663,0.036405905071761224,0.1798948556160159,0.16316697912643482,0.06944514977390738,0.08481315466306634,0.08154620190035185,0.06129987982429951,0.021118410496397552,0.051141409945534407,0.03080378095493439,0.10426384688641321,0.025817662585343973,0.0024663782729773404,0.03942154954513675,0.12700540400463725,0.09510173084686854,0.047162230417682645,0.028358287807441887,0.029826891600890564,0.020064425577496253,0.2333867513310674,0.08685226182184991,0.16842985562662227,0.04506801982299781,0.06644712560729071,0.02273898861418235,0.10076413849603529,0.11625767060285853,0.052153667803229845,0.14454419744297103,0.02783085768444364,0.04203818600440162,0.09051342413235951,0.1297611414039591,0.1767565322514853,0.06750234075417384,0.07044365083545326,0.05670052168664793,0.0542228987442999,0.2258985049700433,0.09519306227719453,0.13106381999870861,0.11477596273895989,0.14988539535299075,0.13072710424841222,0.009873194535136116,0.04372229617401926,0.04270954807646496,0.13289247623394812,0.11963798953386495,0.04909027753160908,0.025392678101793305,0.11288499704623164,0.11726927412993757,0.02696601461760173,0.027492306065426773,0.08826146903160012,0.009256460734643968,0.02611256720996245,0.15326340587523377,0.06384464835745123,0.0954788470012861,0.08892913104888106,0.23158276126519725,0.015067319578338617,0.05783041423428113,0.09543761332904574,0.02733218066286086,0.047691580699675384,0.025817662585343973,0.16710876139780362,0.2204852418369684,0.025197618312624327,0.057214840644141694,0.4140068328953792,0.08010368087486869,0.030693479075619284,0.06262632535208257,0.06369774307302835,0.03563154151704626,0.16556059057061148,0.029326273724277544,0.07178921113168528,0.0656170881376967,0.03235682904790616,0.18978437954448157,0.0014734937643591185,0.03887950188492328,0.04401643776890336,0.05034077198458959,0.05245383369473509,0.18628808680826586,0.03518168490499371,0.02977049159155893,0.023303430075389122,0.24172811512025913,0.0329315213687575,0.1580817611002511,0.18191540179836385,0.10737095420916197,0.030996936519047814,0.08712547088757225,0.13421121227743957,0.02857897095131983,0.053866987442392295,0.15360233910270657,0.014257324378410534,0.19320656892222257,0.2483154695117704,0.05552993223624501,0.027407112804122807,0.10398192488485646,0.026585059228289947,0.18173888180230333,0.012802176579163431,0.10995881609813189,0.05694070031043384,0.018958315266224966,0.062303464678621655,0.059802553182996904,0.012366508001763019,0.099652762165392,0.04774617208099574,0.13881479140370268,0.016063735838563173,0.02629983587546414,0.1320554396711257,0.03256549912379051,0.060137038670072376,0.025271682694782034,0.021151515504727717,0.03294574279750345,0.14113031011126084,0.0241525457096305,0.03942154954513675,0.05992858240965832,0.05295063780666251,0.022546309686991825,0.04916600786159446,0.23928241693201163,0.059194134118890046,0.016588984493490472,0.0014195172520296124,0.10786140375021272,0.14939398150028746,0.03530475507284041,0.10203295344644954
rowId167,0.13072710424841222,0.0014311573718241751,0.029105527801113307,0.013725977296703391,0.09226955809382711,0.1166785550069508,0.03822996370629155,0.048464710066720464,0.008136093675204323,0.2553151597134402,0.016137772223863426,0.07586344697981773,0.09500916353817297,0.048464710066720464,0.07044365083545326,0.08970485982576791,0.010196507717486642,0.15784646325867696,0.04385903655213013,0.02611256720996245,0.0618648465896002,0.09970243584113091,0.0439131798692914,0.017273800303183713,0.04516920421558451,0.1116571166056257,0.023702634221545157,0.027363439804964036,0.04385903655213013,0.030328569389991258,0.047856065533528384,0.04645193071360075,0.03561139959328582,0.018291443294187214,0.19690434088246628,0.08517001339279531,0.015165196934626564,0.057363782537312245,0.09409381491828588,0.26785683595267257,0.02381888579015437,0.02313783907768579,0.03885148803211316,0.04837986921081425,0.027381273594172674,0.13625357738901228,0.07700547832610954,0.1427773981478607,0.06844674841574178,0.06439905526673266,0.20397206245230323,0.031089106207021117,0.11009175703346592,0.027606168990960488,0.01530033495826165,0.016137772223863426,0.053552928875930855,0.09519306227719453,0.10534266627030402,0.06215243224595004,0.054763426404342466,0.07482193533990962,0.09427147148233736,0.029291059936358436,0.07445848668361738,0.015335599796271132,0.027768061154365427,0.024098780808221292,0.013484203769131214,0.052153667803229845,0.018639036263385752,0.2644690882345289,0.0441892550832111,0.19248095965164957,0.026861697918467726,0.1246497705187889,0.09226955809382711,0.051770520819839676,0.08325662503095924,0.006885013636356038,0.10668520722708796,0.06159513328574669,0.06584863655866877,0.12361762312368559,0.16241222083888848,0.0325779914417661,0.05245383369473509,0.11710710220545238,0.03875353309490299,0.13316941358652512,0.0402292473641634,0.11755973381021978,0.5570239156008115,0.030439379557517934,0.08938879861991139,0.04132392199381643,0.05090188545054481,0.06048729749479088,0.0314607697635493,0.11402291709174132,0.048619139107471364,0.03334952467146852,0.1266858152845967,0.08148668066719446,0.0722395239920576,0.1798948556160159,0.1354156656773594,0.15525086444828687,0.20476934866778262,0.13914740977622023,0.021772511529288482,0.01678977509604229,0.06715841591553207,0.062285713965148974,0.1789225102535176,0.03288713675441889,0.04424430627846097,0.0764087364420143,0.002786736453702084,0.19690434088246628,0.1500421363925138,0.036601858906629224,0.05354673072017464,0.03235682904790616,0.2003959170726871,0.06810160351913451,0.06169254292998417,0.04222067134673445,0.33918533192477185,0.15758099506012443,0.0657465267103825,0.04213882884517572,0.04608240081918501,0.01915352288157754,0.1412294811690744,0.05436172829632793,0.07565897206750936,0.08963884549822916,0.13554704684960045,0.03387497164470329,0.03307704851652938,0.2258985049700433,0.06867273616548764,0.08970485982576791,0.19261294250040287,0.0471885983259131,0.06064146875180415,0.036291896834200026,0.1868962350416429,0.09855186215742719,0.03211573957942239,0.023686072056975687,0.10639914686488107,0.014772500230663017,0.127041027563886,0.03854164996678236,0.06303752745103712,0.13468626386236254,0.05487583547021357,0.022201433566264018,0.049621278745842524,0.10618502505903259,0.19435376875942542,0.059004586079247745,0.02089366322938851,0.15326340587523377,0.09429267373051416,0.050749717000185206,0.22840368924551568,0.0030499094301360435,0.1295841708513099,0.03248835396083318,0.014257324378410534,0.033097731182593564,0.18619259208399594,0.07278167971079125,0.03782898930479036,0.02137279835562717,0.06082818198831625,0.40557282941627437,0.03849441112147166,0.0968109961971932,0.05696271235707727,0.012715153096983886,0.21215248245116475,0.04529767279955678,0.16710876139780362,0.15249242112043093,0.0329315213687575,0.06203825029697983,0.06356196425814355,0.072099642549982,0.09519306227719453,0.06316832941713058,0.11118440660788745,0.014981903813317581,0.025031390642341268,0.0069603434554135245,0.06064146875180415,0.08148668066719446,0.06134163395735278,0.18283726985167884,0.3468516279701624,0.0201585408420951,0.03726148697091725,0.1185385584173658,0.040202306975338144,0.014772500230663017,0.037500805942635745,0.3028211805111555,0.042261196458572674,0.1125644642390023,0.1215872123146998,0.19277381183983736,0.053866987442392295,0.04521676151860069,0.019620235341900393,0.05058439109993849,0.04864227679937645,0.02318646687325158,0.029488681130087475,0.04462283994352437,0.02273898861418235,0.02452123900545794,0.06421392437529953,0.3162993595987294,0.06926103601658354,0.03808331619262089,0.10618502505903259,0.14147342497775015,0.0010202824078819834,0.06134922898764997,0.08226846302831745,0.05772318999452151,0.21415924083222407,0.13990357565144373,0.0629887879839539,0.015927063990360178,0.20476934866778262,0.009230952109465151,0.0542228987442999,0.0955187759967584,0.04791447870766466,0.1518192802005353,0.11960470280766451,0.05745628713186052,0.24595226603168896,0.11103531492787581,0.027363439804964036,0.01976819149240272
rowId168,0.10039594338350237,0.15530946107413995,0.14529841026851467,0.0772783426344131,0.06485024265722507,0.12526723464431033,0.09769224153143184,0.057363782537312245,0.012409812198573015,0.03737447382194406,0.03961435402692669,0.252546345387661,0.01869525894530098,0.03005283459482651,0.06952257454552643,0.1246497705187889,0.24562228218208193,0.10879308328872195,0.02466226316757737,0.06321851305053366,0.031868410667312,0.19223830649177262,0.018955262996848417,0.10048285662540822,0.057214840644141694,0.017630175192375756,0.03344599543635577,0.00469153133525907,0.057214840644141694,0.09543761332904574,0.062303464678621655,0.06369774307302835,0.14481002004165813,0.04579692809366499,0.03736430133007787,0.0754669708164873,0.08826146903160012,0.019996810121400154,0.03983059066932128,0.2364121131322201,0.1380096912362205,0.13881479140370268,0.07627885643610594,0.07031572056692838,0.03502074766405762,0.06787691772128103,0.10874647795539916,0.06375824879173388,0.06408883949666411,0.11122896499749457,0.3194174998259263,0.1550396469231862,0.054129586089871874,0.03885148803211316,0.13881479140370268,0.0595199526671757,0.09841710633466864,0.03835395733374427,0.04322238139507759,0.14764441014550456,0.06303752745103712,0.04253325415890776,0.0649477681015009,0.15243063322524364,0.053866987442392295,0.023054019550028122,0.1090167930446169,0.05330037918976837,0.09429267373051416,0.013845486774718425,0.11133391901952686,0.03681645588138558,0.055256227649755706,0.06039117806019295,0.10786140375021272,0.05268225340870092,0.15795199457320505,0.09051342413235951,0.24775353246930432,0.09543761332904574,0.026932067970345412,0.09854469621923163,0.024124754485251945,0.07601437163497518,0.0397050772708996,0.051853501696350786,0.17042579593926416,0.1452086934270091,0.0316759563735845,0.25169580570047323,0.034865189638133724,0.019287301519781058,0.19039423461709837,0.02953407343919929,0.06264437487725902,0.09409381491828588,0.06485024265722507,0.021067898405439718,0.0673440682358704,0.06707224149513806,0.04222067134673445,0.018784945065822876,0.02953407343919929,0.05880646563927412,0.03633334323186749,0.13829512470271474,0.06944514977390738,0.07194821538076857,0.1825014914548815,0.03418168625114799,0.07031572056692838,0.03542607471918619,0.25169580570047323,0.07381480878488941,0.19009898732459152,0.024124754485251945,0.0025689959322691643,0.0268184986299694,0.3162993595987294,0.020498449919657748,0.0627691656825544,0.05834458195742017,0.10820335962123553,0.04178727469312611,0.03248835396083318,0.02555328322910774,0.03292973864397497,0.072099642549982,0.11412182255391809,0.0052680624270637945,0.11402459448067369,0.1357009020748816,0.09325059267029452,0.058487495737945545,0.048297437251682875,0.2644690882345289,0.07762287103978621,0.010336929883731765,0.0415090335415429,0.03387939669877388,0.28973263368498414,0.39546404121520046,0.23303426545035244,0.19320656892222257,0.0522210458533132,0.03503989682772746,0.05259667703816095,0.0395962715405713,0.11458761931764577,0.05787162479345371,0.027910207489554757,0.14939398150028746,0.142594228576919,0.2469646889848434,0.055256227649755706,0.01987491124064308,0.05248745394216506,0.08079510604588554,0.04471466947688636,0.0024663782729773404,0.10639914686488107,0.016980287233531125,0.1265934144919582,0.02794422929916819,0.07389922166867542,0.04458682553622899,0.0695040546611142,0.14143183671796988,0.06168446572573735,0.15544147439358993,0.03467003182642679,0.15664252575486765,0.03544609355570803,0.06264437487725902,0.06201881903401059,0.06620182671010647,0.04542468396420786,0.07734764030560726,0.07381480878488941,0.16061958142217606,0.03163575376733747,0.020889833352379115,0.12441356900095034,0.015927063990360178,0.19078411262500236,0.11583779486055595,0.1911796698425654,0.04585573014994079,0.03885148803211316,0.07785515459993708,0.0536970880051042,0.06175482815656476,0.02313053330121862,0.027606168990960488,0.19054168358611942,0.012382517878824474,0.08048125822188523,0.04769708527913133,0.05130884486760263,0.11147700396371757,0.16426708102052753,0.14988539535299075,0.0890610933244565,0.0722395239920576,0.027980646120439018,0.06035921583087826,0.00469153133525907,0.05357940536723349,0.10444233613991619,0.07090457711116659,0.06031646013147246,0.036763862238349515,0.05882174479512728,0.04636684804944004,0.15968786781821426,0.0987284859740227,0.1860946727606127,0.17600648064578514,0.034058891602593,0.03235926346470298,0.019092016924790765,0.02263772852861777,0.16841652266777207,0.051824934045968406,0.07031572056692838,0.13886235682904702,0.01513130881026172,0.03321758702491373,0.08406858724476178,0.03231724629731043,0.1612891967285631,0.13464322407379928,0.020756155523585302,0.031740260267190276,0.03280757013644673,0.06839934237827247,0.03231724629731043,0.008606575131975465,0.059004586079247745,0.07565897206750936,0.05240819850123343,0.09045302062979264,0.21386519591590655,0.051824934045968406,0.04261959859366956,0.08895253341747135,0.07710103079442301,0.055084569082919255,0.058260940532916396,0.2159207442663503
rowId169,0.16822232470883255,0.045376733613794906,0.06384464835745123,0.14896969453060246,0.1040932907750545,0.17956653351301535,0.11726927412993757,0.18978437954448157,0.12211806068723663,0.10485570365903252,0.028255731759402766,0.252546345387661,0.0527981832657547,0.025327660444154753,0.06222357521808899,0.16266482666147805,0.007131961602682052,0.11530079725414541,0.08414673120938626,0.05147005307257128,0.030439379557517934,0.10552438389889687,0.10307852310271426,0.0618648465896002,0.01988777446856482,0.014635708471241923,0.02347907098441795,0.2394309350208083,0.07710103079442301,0.03503989682772746,0.21326958176696714,0.09325059267029452,0.09884639407295902,0.1233723421551813,0.06215243224595004,0.04346462473617179,0.08970485982576791,0.07785515459993708,0.001160583601150869,0.054129586089871874,0.03905296466375901,0.1677536341409256,0.09812427323413456,0.07844066975234061,0.004004509703717296,0.16613313457885215,0.06675030899708037,0.08907090607325127,0.050133515081212804,0.14529841026851467,0.08060394579563751,0.02317179731502134,0.12425308649778367,0.15868440580585322,0.12987758190099027,0.03845064532152613,0.15627345005088242,0.36062337047888127,0.04754028045988503,0.012558098626810878,0.26149081198054147,0.03825583218523496,0.18896364773024418,0.04177562316439023,0.012587335184230724,0.026146505080541723,0.026483930919803868,0.03449769517907935,0.056891079170697266,0.05670052168664793,0.05886391966927162,0.035898107525405044,0.04541251652372214,0.03395120652051321,0.029274926692899546,0.03386979239732146,0.0313772043267731,0.054280931684650695,0.03590586360127347,0.016358000002096352,0.10922571722489388,0.39546404121520046,0.15607134131012784,0.09684750332021232,0.16556059057061148,0.07882916111607614,0.021328364187053844,0.08840250238522263,0.021241772437108286,0.1767565322514853,0.034210362222606545,0.0874903467327799,0.025392678101793305,0.01513130881026172,0.09761890088074457,0.22840368924551568,0.04078779991944996,0.20540485068688014,0.04083088049915265,0.05104160610971572,0.02447860325380291,0.0898435307738926,0.08380283722038466,0.06134922898764997,0.05486084811073825,0.09379182321443247,0.07364483211004082,0.019996810121400154,0.06250849925275137,0.024245729366474,0.2642019076465018,0.04631310994474407,0.07044365083545326,0.03788775710543377,0.05942891483026106,0.12705315503216075,0.028943925314967582,0.26149081198054147,0.20736683539202264,0.07298990170758035,0.08496200088294405,0.06952257454552643,0.05533035481700348,0.03280757013644673,0.15962122246056037,0.1037583457617435,0.021226796448345624,0.06264437487725902,0.082456895347769,0.048464710066720464,0.09427147148233736,0.013409590494440833,0.10902995955306398,0.0793443096543359,0.05240819850123343,0.016588984493490472,0.11626584452197324,0.1447976279773046,0.4140068328953792,0.06159513328574669,0.04769708527913133,0.0397050772708996,0.045791771541429424,0.19014511813092702,0.023846452282117396,0.13829512470271474,0.15835562061705558,0.04525431632382581,0.03080378095493439,0.2553151597134402,0.0699128580206811,0.15217526271752516,0.0542228987442999,0.04921266724526593,0.02089366322938851,0.0467562821725928,0.04070700659105985,0.023550772814327676,0.06069020644170173,0.12987758190099027,0.01927693647622441,0.3727138994028762,0.002786736453702084,0.033309323892934846,0.1580817611002511,0.11755973381021978,0.00424493197697294,0.0628343017848615,0.04595539194754334,0.03084410864312551,0.14190502455906753,0.11862327645103342,0.27298330321199804,0.05101712555052155,0.05834458195742017,0.0474565992792932,0.1115905840203343,0.27926771393662286,0.020242087393360333,0.123826265711517,0.06844674841574178,0.11365898223390919,0.004332332792757682,0.179143948589297,0.06839934237827247,0.06679846799465182,0.04529767279955678,0.07993950078430732,0.17849674179298197,0.1334709007063108,0.010336929883731765,0.05511425938721453,0.08425381116818527,0.2480913783478117,0.022234943294891715,0.1295841708513099,0.07467052724840187,0.03319941164403907,0.06071106900104466,0.032562388630048615,0.05103956064333818,0.09017447478088754,0.14764441014550456,0.04177562316439023,0.11598418326398066,0.05848213623398934,0.08325662503095924,0.03439272521163692,0.027876176803554725,0.20397206245230323,0.057693300840760825,0.1788227873389219,0.04375041821232045,0.025100142065157392,0.20872635028747744,0.014635708471241923,0.03324955615323629,0.02381888579015437,0.05861421065705314,0.039463191802789024,0.10668520722708796,0.02642587952391636,0.1283805700797791,0.18249217498805528,0.21463072383043022,0.0014195172520296124,0.17042579593926416,0.07882916111607614,0.10048285662540822,0.0764087364420143,0.004799042885886919,0.13949900142465416,0.0019743672866612385,0.04506801982299781,0.03868360349542509,0.19562540965975656,0.2548275354194706,0.013719858586891658,0.03540866522579982,0.3428503142213519,0.03681645588138558,0.09760076578435951,0.03814931609514115,0.053990798115460266,0.02313783907768579,0.14112762206315058,0.02660472372197752,0.027531620896947936,0.093388886946188,0.04586860269306368
rowId170,0.027492306065426773,0.0890191691639798,0.024365487239746613,0.10294895835231888,0.03550697569405258,0.017106025771398956,0.1380096912362205,0.08048125822188523,0.036230841073632856,0.0904686580562412,0.09734795100242262,0.0955187759967584,0.19512175973379914,0.0699128580206811,0.09018835436075119,0.04982025888411105,0.03733659973021283,0.0467562821725928,0.061302009339381985,0.050978000566798576,0.08635270049928916,0.4999321195827659,0.0348058819147593,0.08984605018464675,0.3194174998259263,0.39546404121520046,0.042797119164057644,0.055217181988922066,0.10485570365903252,0.009681513657680633,0.08614679481226657,0.3028211805111555,0.06039117806019295,0.021772511529288482,0.12886494823050226,0.009482827252723503,0.027492306065426773,0.1380096912362205,0.07131261226026689,0.06136603642967155,0.11575658288256026,0.22929229968146284,0.13091803247248263,0.005679349701945355,0.0874903467327799,0.49528609136595186,0.04349725231215473,0.1596607802709601,0.09300221264141717,0.09720702222508476,0.019315778665033825,0.07261732845551341,0.013570794622076622,0.10440381610333906,0.004252289108198878,0.11443541100529811,0.10038473659025345,0.12941427028674948,0.06103237777299579,0.2159207442663503,0.019845656749530753,0.1562688333715234,0.18449154832084794,0.08938879861991139,0.0667889379457594,0.05533035481700348,0.031559092364981736,0.009873194535136116,0.04521676151860069,0.02284163337380396,0.06598354674678703,0.05745113261848428,0.04804952846042931,0.11626584452197324,0.04370905553095802,0.10131679962040124,0.016973271370151134,0.03419462071077893,0.21804882164329722,0.04107797825956584,0.057983344683024504,0.0722395239920576,0.142594228576919,0.18173888180230333,0.08249538594581472,0.09611385024571852,0.1779344105324831,0.019663016356227418,0.13072710424841222,0.07913518569135433,0.018364172732089117,0.2003959170726871,0.027763038657373913,0.0313772043267731,0.0010202824078819834,0.08214468497383062,0.08249538594581472,0.04669969026339511,0.049933419816022,0.16316697912643482,0.1445201601817003,0.09429267373051416,0.07658065332977336,0.12865367008844464,0.02977049159155893,0.0196556399038762,0.04579692809366499,0.028351876179501967,0.0752064061748442,0.028923152962393183,0.06791251188713673,0.08732456447569596,0.1287191263258841,0.03277899940354323,0.09622246946358516,0.014772500230663017,0.04579692809366499,0.11174286545708143,0.034210362222606545,0.3162993595987294,0.10738461346976483,0.032952065867482595,0.028303357240390212,0.1357009020748816,0.034958360764687876,0.24775353246930432,0.08654471896219404,0.06115579624633521,0.07117167890071133,0.08195793823383195,0.02696601461760173,0.027892269653222723,0.12441356900095034,0.024266183679863794,0.029446283759633547,0.040845637903666084,0.021226796448345624,0.02953407343919929,0.05147005307257128,0.012944281733999176,0.14825661287507363,0.09699257399247305,0.011167719420105799,0.11201857577179962,0.09593659412577094,0.015793248160788205,0.1076361019752512,0.15086271529609083,0.017800098837098807,0.03929745058332522,0.01647513823739269,0.015701948111027837,0.00723332362833648,0.014470794131012073,0.12860464508678013,0.049097617730240746,0.05694070031043384,0.023846452282117396,0.060137038670072376,0.1369968788708034,0.01970153680309463,0.05422935740651338,0.1580817611002511,0.04185138268959872,0.0785721462772907,0.04177562316439023,0.06262632535208257,0.13957516578622461,0.12972031364053122,0.03835395733374427,0.17042579593926416,0.0208339993927098,0.05086519017247306,0.05390023838106589,0.02381888579015437,0.09684750332021232,0.043763658440362514,0.2159207442663503,0.036187468336751134,0.03612476729242831,0.021067898405439718,0.06390620491701236,0.13066122595384033,0.03825583218523496,0.09462622765743829,0.028799829447790155,0.06455453056223481,0.04892163518420947,0.17327047237633048,0.056700360802280095,0.0938511877510938,0.09857740111087837,0.10249062815394472,0.062123878833392175,0.026426546782911408,0.1369571476989645,0.11245629191416737,0.044049624822995334,0.02351782199413517,0.04095516332527793,0.03080378095493439,0.2258985049700433,0.02857897095131983,0.07445848668361738,0.002316316510001745,0.02481288025966938,0.002316316510001745,0.02642587952391636,0.11288499704623164,0.1052622382613658,0.1968180510868663,0.19320656892222257,0.07460163473835035,0.09165802437935143,0.14638398611707923,0.13021606959958118,0.11538145086578852,0.043763658440362514,0.1563681993870599,0.172012297833012,0.04570153127571757,0.08079535123336722,0.0890610933244565,0.21326958176696714,0.047921103849625876,0.02840022742037241,0.10167435577256531,0.09462622765743829,0.03307704851652938,0.012366508001763019,0.1386428392245063,0.15673013638471428,0.20857655664498323,0.05834458195742017,0.18173888180230333,0.1381458096349222,0.051853501696350786,0.022386710360606483,0.014951362342960125,0.02029622361328579,0.11245629191416737,0.020598295357288864,0.1957036499749003,0.012023196246579756,0.09025769470979908,0.015529893083447616,0.02225068215494732,0.11103531492787581,0.028255731759402766,0.12865367008844464
rowId171,0.05552993223624501,0.03706550616195868,0.1342836024757118,0.03056710604675929,0.3197689405850322,0.10729126503837018,0.015258459652880734,0.06458494506397139,0.0876026134183375,0.0527981832657547,0.03387497164470329,0.0406149742766575,0.07125929557042193,0.021595790954911927,0.054938895266455595,0.03419462071077893,0.012944281733999176,0.09593659412577094,0.10155999662551508,0.03748970445464128,0.06250205948427942,0.03839846356265713,0.08230037117986294,0.1518192802005353,0.017430691886933358,0.049131978517202565,0.05339413863343843,0.04070808234821544,0.26307161862603196,0.20989097606091836,0.193635599882764,0.1655563823290761,0.06677823908643249,0.08712547088757225,0.10904500645234083,0.2714605466469469,0.0749770436991232,0.024663062392871464,0.0329046009050689,0.27298330321199804,0.03848727934251136,0.03908833083751431,0.0968109961971932,0.11625767060285853,0.1357009020748816,0.021035279389131245,0.06319030421927102,0.09970243584113091,0.10605325488426509,0.027146168235100094,0.06215243224595004,0.03235682904790616,0.0735112610680996,0.10724947234195165,0.3428503142213519,0.0667889379457594,0.1417595897119603,0.02783085768444364,0.00569868141837213,0.20736683539202264,0.023705378825243036,0.14573659520976878,0.051824934045968406,0.04349725231215473,0.30124595258678216,0.07074922075822708,0.1134198647261424,0.017106025771398956,0.07797456036523379,0.0025689959322691643,0.2076241358354501,0.02116821400719217,0.06468796458830008,0.14335025920532107,0.06382012832209755,0.0657465267103825,0.19277381183983736,0.026932067970345412,0.02840022742037241,0.057350477925272175,0.03948408970897994,0.05694070031043384,0.08837334186260187,0.04435980035507822,0.02002957821666919,0.03351128377193219,0.06420564322210497,0.08164072362909384,0.026980568448242415,0.11362113880128479,0.05104574543442532,0.35546825740553917,0.20397206245230323,0.08914338531565498,0.03493008876530704,0.04210500574751806,0.029326273724277544,0.020386609431187586,0.055938634554263025,0.09280744993744025,0.16061958142217606,0.20247490841399748,0.0024663782729773404,0.24094477657595723,0.09279965872048816,0.03786621570464605,0.04465075375308366,0.1334709007063108,0.12252495912844875,0.04610325480715077,0.07220956990215752,0.1310381700263656,0.1233723421551813,0.21640617987221014,0.06136603642967155,0.20872635028747744,0.0265530593515837,0.03211573957942239,0.02580952453634657,0.03005283459482651,0.1834345178956457,0.12425308649778367,0.03849441112147166,0.022052915920142253,0.07929654641953629,0.046794393761696036,0.261655810195167,0.06390620491701236,0.14939398150028746,0.06220922433133476,0.051075750530004446,0.04541251652372214,0.010196507717486642,0.05623017099871448,0.14812399391349337,0.03815625801769054,0.020386609431187586,0.10981751210074983,0.08425381116818527,0.35546825740553917,0.04892163518420947,0.014951362342960125,0.05365236410491182,0.004004509703717296,0.07856483488912339,0.10922571722489388,0.0632434822655344,0.09684750332021232,0.09156471727650593,0.07942359275213501,0.035261434698328355,0.07993950078430732,0.059802553182996904,0.17419125449951103,0.0968109961971932,0.1215872123146998,0.2776265708225612,0.14933438258730217,0.019194145876443882,0.22380058753779314,0.033290774643300255,0.025311766711087064,0.059194134118890046,0.04816170391689469,0.0673440682358704,0.04270954807646496,0.010071064154334532,0.13962037808819094,0.08136133338035202,0.056891079170697266,0.05339413863343843,0.04372229617401926,0.013409590494440833,0.060636570386870495,0.1369571476989645,0.026426546782911408,0.04322238139507759,0.027763038657373913,0.10934531532203123,0.0429850759827676,0.02351227273072225,0.06677823908643249,0.03351405703448733,0.04078779991944996,0.07805267957088467,0.04881095883136564,0.17600648064578514,0.3681248789730256,0.0643135158345426,0.09304335223163059,0.055084569082919255,0.09593659412577094,0.04256926151243291,0.03633334323186749,0.34891311677638054,0.014375380660155637,0.07215257276062831,0.018979402176076767,0.06092904102196162,0.18619259208399594,0.3545963317289478,0.0507314920588211,0.0069603434554135245,0.03187190381782426,0.03514363435872044,0.046747789712766004,0.051082808073531286,0.059236462286335244,0.15360233910270657,0.017923659099580245,0.11218261353333293,0.008149511298223012,0.14146683755353875,0.0606517689478234,0.01678977509604229,0.1412294811690744,0.3727138994028762,0.13070215436176996,0.02999614690083302,0.04107797825956584,0.03815625801769054,0.1611631355227145,0.05722470980939253,0.024377994979228636,0.2658849877817125,0.15607134131012784,0.06382012832209755,0.1166785550069508,0.4140068328953792,0.05354673072017464,0.07666916063144738,0.03735984974308029,0.0657465267103825,0.09025769470979908,0.017923659099580245,0.013570794622076622,0.05436874168032864,0.09772256989304996,0.04251837313333597,0.10038797037179867,0.05850393617212031,0.16556059057061148,0.09959952523575737,0.04509791694775669,0.056891079170697266,0.1265934144919582,0.06650081836383148,0.10355086589252654,0.04401643776890336,0.01277488990260344
rowId172,0.16102481895057755,0.020242087393360333,0.0013854556807550518,0.11181024998578303,0.2469646889848434,0.20736683539202264,0.011447945396967713,0.06136603642967155,0.04203818600440162,0.05357940536723349,0.018979402176076767,0.16841652266777207,0.0465363904616811,0.035205111859481865,0.08569440272150812,0.1076361019752512,0.14958268588671825,0.08569440272150812,0.08698319649927172,0.03514363435872044,0.13571850953256293,0.08874543296011354,0.13468626386236254,0.09429267373051416,0.08583343789693548,0.02002957821666919,0.028351876179501967,0.09897951380933881,0.021067898405439718,0.07929654641953629,0.03167120150154307,0.018979402176076767,0.11477596273895989,0.07006921752847214,0.06744074606654175,0.252546345387661,0.03924490953398031,0.009482827252723503,0.012961469731987266,0.16842985562662227,0.0245809366740213,0.20857655664498323,0.28033217266827043,0.09888230924825035,0.047856065533528384,0.10334672978344611,0.07942359275213501,0.03612476729242831,0.029274926692899546,0.1159413949746028,0.15544147439358993,0.04267621179097056,0.0190519723518334,0.1581044432373948,0.15178022389544338,0.0330249773605309,0.09763967183037908,0.04631310994474407,0.0314607697635493,0.16266482666147805,0.33918533192477185,0.13625357738901228,0.021226796448345624,0.08907090607325127,0.09760076578435951,0.16102481895057755,0.03211573957942239,0.05692538241875496,0.021067898405439718,0.1625737309454052,0.055217181988922066,0.03193248632198632,0.028154251193438836,0.04998130919555556,0.00723332362833648,0.1334709007063108,0.01612460411241117,0.06588276610283748,0.04305512182419307,0.020807297962228015,0.15968786781821426,0.26785683595267257,0.019315778665033825,0.07074065692092224,0.09897951380933881,0.024338964763538914,0.07586344697981773,0.044521419544169445,0.03772199700644724,0.08847280145958716,0.0938511877510938,0.059443151246513115,0.0010202824078819834,0.12211806068723663,0.08048125822188523,0.0899790526173496,0.08060394579563751,0.13005508638955907,0.2506406475823802,0.08496200088294405,0.11523398534945531,0.15249242112043093,0.04203818600440162,0.033301821495489534,0.039716931145939396,0.3468516279701624,0.12096049534283558,0.10007624563057085,0.034192443862057706,0.023303430075389122,0.03134987981722057,0.035617739209091205,0.14011744072666557,0.037558283967565914,0.01988777446856482,0.11882071775636806,0.048297437251682875,0.07228921937305575,0.1445093638682014,0.0772783426344131,0.06867273616548764,0.10854730204208571,0.12252495912844875,0.017072460048859595,0.03231724629731043,0.01895455216864403,0.04292360038385886,0.43441487236169335,0.038176370151236406,0.08566758211999098,0.10007624563057085,0.016063735838563173,0.11443541100529811,0.02584657308877199,0.07621505512326755,0.08010368087486869,0.025311766711087064,0.10430790309244155,0.02313053330121862,0.2364005381988082,0.1166785550069508,0.08034193349068149,0.08984605018464675,0.16181108040061645,0.018374990323745136,0.1386428392245063,0.052956487694236526,0.0899790526173496,0.03350840518769029,0.08814272218469847,0.018844236993921484,0.03489913479097014,0.40557282941627437,0.0025689959322691643,0.05469840484931965,0.041846755170547624,0.060266059686105294,0.05745113261848428,0.032562388630048615,0.020756155523585302,0.0014195172520296124,0.12096049534283558,0.07810796492859388,0.029985474340503245,0.060636570386870495,0.12121331241289607,0.027768061154365427,0.20540485068688014,0.0024735841903112434,0.07621505512326755,0.2152643211484814,0.10112773277521184,0.029352972462383407,0.04768002594368225,0.010581444816286216,0.10426991559030556,0.009256460734643968,0.036649896912632624,0.1631943737956888,0.037320078735145645,0.05245383369473509,0.022201433566264018,0.040845637903666084,0.026336588642208864,0.23158276126519725,0.062888714605575,0.1647014841231385,0.019892428173312823,0.05248745394216506,0.3180651754385313,0.0024663782729773404,0.07170174788096212,0.0710315829658983,0.08226846302831745,0.24094477657595723,0.04070700659105985,0.21475093122862896,0.015960476247937345,0.03127487733751449,0.15669038074703903,0.015793248160788205,0.04595539194754334,0.03727036506772215,0.10534266627030402,0.08712547088757225,0.07031572056692838,0.0024663782729773404,0.0878045545547013,0.012134930745230818,0.03717821775032464,0.06408883949666411,0.2523686063220783,0.1029843243690421,0.07230439312494019,0.1309239724605942,0.027407112804122807,0.14143183671796988,0.1414196764074397,0.036405905071761224,0.03514363435872044,0.05735692628781611,0.03080378095493439,0.16638812160611435,0.10167435577256531,0.07865097944924848,0.3070058519568064,0.09206805513314008,0.017106025771398956,0.05092201320945591,0.018432099923438347,0.029339572424451857,0.06415207462311867,0.1823869310687453,0.03235926346470298,0.10364937774625661,0.10426991559030556,0.03735839786408729,0.12252495912844875,0.03772199700644724,0.1868962350416429,0.03253960227038006,0.13829512470271474,0.1309239724605942,0.02580952453634657,0.08517001339279531,0.0325779914417661,0.07956170583697932,0.20939838941095246,0.07851951477554499,0.015469941711065378
rowId173,0.21134613596198915,0.12205572874413355,0.017128430737049664,0.27417998480996597,0.017686954574394967,0.01869525894530098,0.041846755170547624,0.04589955972427422,0.172012297833012,0.09545180886436631,0.07117919171599127,0.1342836024757118,0.19822721863685178,0.09699257399247305,0.03948408970897994,0.06715056668121039,0.030086858276874,0.061844400965221764,0.07278167971079125,0.02696476681248785,0.14463515329590595,0.179143948589297,0.09820919447804341,0.12211806068723663,0.1382327865214983,0.03849441112147166,0.1479456936785445,0.06588276610283748,0.054129586089871874,0.035205111859481865,0.08517001339279531,0.035205111859481865,0.03215927506634591,0.19320656892222257,0.02562141734791899,0.19054168358611942,0.09593659412577094,0.1518192802005353,0.0419386775708471,0.13396855290030701,0.0026465754916795395,0.01817424356802463,0.12236543073654657,0.1295383910867325,0.1386428392245063,0.01907473378512423,0.021035279389131245,0.05370653215934189,0.04058050711022771,0.09545180886436631,0.011239942713006513,0.022197490518024013,0.11593151931672963,0.0429850759827676,0.12526723464431033,0.00884621442655624,0.11710710220545238,0.09880416150985406,0.2258985049700433,0.020321361358463564,0.13323027286096276,0.10426991559030556,0.06070335427422454,0.038627933456537346,0.07554793194649385,0.03905296466375901,0.019048800579276583,0.02814962589004989,0.18758162931895178,0.0533719563635346,0.057214840644141694,0.06097390686036244,0.03007671168660523,0.019845656749530753,0.02273898861418235,0.02623006659696883,0.009681513657680633,0.2642019076465018,0.08712547088757225,0.08377775022095811,0.12807209650745013,0.05722470980939253,0.2523686063220783,0.04676237280688779,0.1490411053187102,0.0016594866843270078,0.03299054287185349,0.06164151164633323,0.16364977061611355,0.1596607802709601,0.03357781202869811,0.1116571166056257,0.014415037939537852,0.013653968348247239,0.03961435402692669,0.035898107525405044,0.07278167971079125,0.13074656879043367,0.0026465754916795395,0.037558283967565914,0.0013854556807550518,0.14311180265807422,0.08600508125519364,0.15388354988563785,0.03678678295654137,0.09097591582361568,0.05196947250218702,0.05220606181220708,0.048297437251682875,0.056891079170697266,0.00588991757559099,0.05260097431677552,0.10197873909666125,0.04631310994474407,0.10294895835231888,0.012095021669586549,0.04586860269306368,0.1111333338491525,0.025817662585343973,0.099652762165392,0.11626584452197324,0.08566758211999098,0.056111954907429595,0.09462622765743829,0.10187193224047701,0.03775970949684174,0.03648124451396212,0.15607134131012784,0.012095021669586549,0.06114028361909431,0.1086200947835858,0.08583343789693548,0.02225068215494732,0.055938634554263025,0.07482193533990962,0.1957036499749003,0.10121866702268312,0.11412182255391809,0.021226796448345624,0.11618044237816691,0.0643135158345426,0.06631257114977637,0.09279965872048816,0.01678977509604229,0.14365904546732117,0.25668347936274627,0.10252991989402437,0.05834458195742017,0.09519306227719453,0.13421121227743957,0.08895253341747135,0.2534575377415102,0.028912686395979416,0.02264041966360618,0.09409381491828588,0.20939838941095246,0.3061785138368613,0.10197873909666125,0.14871072430793672,0.00866723760616279,0.03574794240080859,0.02281560115399537,0.04097984159837939,0.06796177011202863,0.07152735509648726,0.03648124451396212,0.02580952453634657,0.07445848668361738,0.02466226316757737,0.06860051948882322,0.027381273594172674,0.0068412080772048455,0.039295265544470714,0.1647014841231385,0.2251822106904705,0.2386319475261509,0.04107797825956584,0.010581444816286216,0.10639914686488107,0.05037667855411855,0.027407112804122807,0.019663016356227418,0.06134922898764997,0.0541445986603901,0.09543251971003722,0.018425671901617,0.13478958388347761,0.24595226603168896,0.07913518569135433,0.16678773669465566,0.24595226603168896,0.0704920209854422,0.008660115293498229,0.15758099506012443,0.3468516279701624,0.09409381491828588,0.10294895835231888,0.10981751210074983,0.10921701078819221,0.1342836024757118,0.04465075375308366,0.11426457805788533,0.028351876179501967,0.03395120652051321,0.07627885643610594,0.04056119255652058,0.2521000479886916,0.029826891600890564,0.03908833083751431,0.0394077465670282,0.012382517878824474,0.02284163337380396,0.11294952971498579,0.1297611414039591,0.06791251188713673,0.2632336066482097,0.05636390858181385,0.11445004906312639,0.0785721462772907,0.06551654894201865,0.0632434822655344,0.054129586089871874,0.026483930919803868,0.13021606959958118,0.01387351467132388,0.07090457711116659,0.033555591874811025,0.04589955972427422,0.06886356171131285,0.010343023728082419,0.06194984082576789,0.06460373209232116,0.0316759563735845,0.02352782975286913,0.1412294811690744,0.059480149237931254,0.022198968675706938,0.3003177616492855,0.025029094172608478,0.03678678295654137,0.050749717000185206,0.03253960227038006,0.0779192497212779,0.03848544513246123,0.028765196562273956,0.06250849925275137,0.033301821495489534,0.06070335427422454,0.027722067837179065,0.07506896499436568
rowId174,0.02263917793753184,0.06435750665381641,0.008281152186413676,0.1295383910867325,0.23928241693201163,0.0899923145289757,0.034192443862057706,0.1386428392245063,0.10236233413711866,0.09720702222508476,0.032210831267687964,0.021922161283611755,0.04251764915435123,0.04676237280688779,0.02351227273072225,0.04816170391689469,0.1295841708513099,0.07851951477554499,0.053628078709692925,0.16677513400863042,0.01660390198358485,0.0201585408420951,0.05992858240965832,0.048619139107471364,0.08152949166667502,0.09272063992965827,0.10236233413711866,0.06715056668121039,0.056700360802280095,0.06601684212396985,0.24172811512025913,0.03588597300280466,0.05092201320945591,0.03957776695492004,0.03395120652051321,0.09959952523575737,0.04816170391689469,0.2199627082215403,0.03961435402692669,0.19562540965975656,0.05834169532601587,0.1873828912940007,0.05916657597753136,0.18338484295646426,0.02243896273490084,0.04506801982299781,0.04071275281232493,0.04346462473617179,0.01986848339245085,0.04346231377022084,0.1321701883802027,0.03425876494478175,0.056891079170697266,0.07262101302967139,0.05330037918976837,0.08257032572084051,0.034000464186655505,0.016973271370151134,0.04305512182419307,0.025817662585343973,0.1316345418035157,0.08257032572084051,0.029706759699468954,0.22380058753779314,0.3070058519568064,0.02029622361328579,0.025392678101793305,0.03681645588138558,0.04481391576928428,0.07800111967087671,0.024663062392871464,0.03822996370629155,0.1825014914548815,0.03905296466375901,0.03835395733374427,0.14147342497775015,0.1323933915099046,0.14896969453060246,0.010336929883731765,0.02002952840479787,0.09097591582361568,0.07876470710772351,0.05487583547021357,0.0699667824915573,0.1364791135843468,0.10724947234195165,0.03854625184302271,0.3391137012024435,0.19039423461709837,0.13914740977622023,0.11882319584165722,0.023828379467334102,0.08274407282366453,0.11276069009873572,0.07426990010622855,0.029446283759633547,0.05735692628781611,0.04462283994352437,0.026146505080541723,0.16172161237277496,0.0890191691639798,0.07075565832710061,0.026274800215107787,0.07621505512326755,0.11362113880128479,0.15968786781821426,0.04251837313333597,0.14365904546732117,0.04676237280688779,0.057693300840760825,0.13396855290030701,0.04321949947062577,0.033106713589935485,0.0785721462772907,0.10921701078819221,0.06415207462311867,0.08847280145958716,0.1932187420887361,0.08472293367978442,0.15863599133732575,0.032359818370631226,0.03417634251930709,0.03319941164403907,0.08135120198795744,0.40557282941627437,0.08257032572084051,0.1051118587615843,0.04917298652148906,0.014635708471241923,0.039876557026929625,0.07864944924210476,0.05334765586927046,0.07090457711116659,0.11954656336370266,0.058789740339478584,0.11072836442583536,0.1843844272071021,0.08964431767445613,0.0597815607672343,0.03548375469695007,0.05940037972146779,0.26149081198054147,0.06075676659749816,0.05694070031043384,0.07942359275213501,0.14632140965753745,0.06262632535208257,0.05103956064333818,0.023844478287064486,0.06944514977390738,0.09340039086107733,0.0361999467180642,0.008606575131975465,0.14113031011126084,0.03352815115625609,0.04292360038385886,0.11867710015527264,0.0584438991170054,0.1696726005404289,0.12558596605576303,0.04521676151860069,0.07851951477554499,0.11103531492787581,0.15217526271752516,0.11960470280766451,0.2521000479886916,0.01316133287268846,0.04641012420267559,0.031089106207021117,0.034695106210996585,0.13277468211871718,0.055422642859247175,0.24967309262222043,0.09206805513314008,0.09769224153143184,0.015241665720065582,0.04506801982299781,0.06149509908870966,0.07461071930135524,0.03489886399072764,0.3037920355828678,0.16552069044415763,0.11432857919387622,0.07462147873765274,0.014399625229580902,0.04222067134673445,0.16689987759202496,0.0979135366345343,0.0052680624270637945,0.10112773277521184,0.15388354988563785,0.0196556399038762,0.15178022389544338,0.08840250238522263,0.04589955972427422,0.008281152186413676,0.07020954388857871,0.08738340122130314,0.08414673120938626,0.024124754485251945,0.02999614690083302,0.1295082634805193,0.1825014914548815,0.04816170391689469,0.07805267957088467,0.3197689405850322,0.11583779486055595,0.04178727469312611,0.03425876494478175,0.05334765586927046,0.04595539194754334,0.01348667430785373,0.017072460048859595,0.04816170391689469,0.1447976279773046,0.0597815607672343,0.026059042153095482,0.078934870899722,0.18283152742229947,0.15530946107413995,0.05669748161081187,0.07580490169761156,0.0842820761735914,0.0857171521604164,0.10394473113420492,0.03387939669877388,0.06874798169201987,0.04321949947062577,0.10131679962040124,0.08685226182184991,0.1596607802709601,0.06308101847755063,0.18057994137607258,0.06250205948427942,0.0550416688137162,0.3182529286418399,0.06250849925275137,0.1581044432373948,0.1134198647261424,0.20872635028747744,0.06451092060994358,0.08249538594581472,0.0876026134183375,0.0838457233068345,0.05370653215934189,0.12228666395372358,0.03899315372958534,0.04222978811763968,0.0699128580206811,0.021226796448345624
rowId175,0.07942359275213501,0.07074922075822708,0.07037567900853456,0.028943925314967582,0.08938879861991139,0.07667281301684715,0.35371062299421097,0.023686072056975687,0.06092904102196162,0.26913692879840234,0.24358307554122477,0.08963884549822916,0.03280757013644673,0.04795333646108831,0.11837185643558287,0.09025769470979908,0.1040932907750545,0.1696726005404289,0.05758175040859915,0.03319941164403907,0.04525431632382581,0.027606168990960488,0.054822115843996516,0.07461071930135524,0.2506406475823802,0.0329046009050689,0.06744074606654175,0.05880646563927412,0.09545180886436631,0.044049624822995334,0.03352815115625609,0.06134163395735278,0.03305393741437245,0.025327660444154753,0.034865189638133724,0.07659175563472435,0.08010368087486869,0.017923659099580245,0.033555591874811025,0.18666027209475722,0.12252495912844875,0.07178921113168528,0.08984605018464675,0.20874618180906124,0.15525234849131536,0.12236543073654657,0.07710780672072709,0.013409590494440833,0.020350234254141973,0.0522210458533132,0.036846528821193866,0.14510798968466007,0.024365487239746613,0.16870580819916503,0.048619139107471364,0.25635908080830144,0.05104574543442532,0.11867710015527264,0.20874618180906124,0.030182422378276723,0.26785683595267257,0.024124754485251945,0.00723332362833648,0.056891079170697266,0.07103377565029463,0.045376733613794906,0.1265934144919582,0.033097731182593564,0.01927693647622441,0.11954656336370266,0.18353317167795255,0.022386710360606483,0.026585122090765596,0.06399474151154907,0.018425671901617,0.1369968788708034,0.07170174788096212,0.04481391576928428,0.11325291449263311,0.16822232470883255,0.1295082634805193,0.11338932753021252,0.0016584474346639983,0.0507314920588211,0.35371062299421097,0.02263772852861777,0.06316832941713058,0.03489913479097014,0.015469941711065378,0.03425876494478175,0.07426990010622855,0.03514363435872044,0.014375380660155637,0.06556312471448641,0.08042163712152642,0.014661684040514657,0.023908994145860896,0.12526723464431033,0.05472964640721986,0.0823375638533397,0.09880416150985406,0.04219281776284814,0.10121866702268312,0.04370905553095802,0.025311766711087064,0.023969313841829896,0.03187190381782426,0.21386519591590655,0.03351128377193219,0.19039423461709837,0.04132392199381643,0.017273800303183713,0.0537597443516009,0.058487495737945545,0.04463339559281491,0.12252495912844875,0.0550416688137162,0.08079510604588554,0.03321758702491373,0.011239942713006513,0.21386519591590655,0.0054814593349430405,0.10349991225940729,0.051602939631941826,0.07074922075822708,0.0689993063277523,0.047635917976653605,0.04128466076665463,0.01660390198358485,0.019845656749530753,0.11118440660788745,0.07125929557042193,0.15249242112043093,0.022901222912728655,0.10575797204979392,0.07400648649450245,0.07389922166867542,0.1166785550069508,0.020350234254141973,0.01839084429740458,0.08042163712152642,0.11273450456651479,0.06844674841574178,0.057983344683024504,0.072099642549982,0.04253325415890776,0.06264437487725902,0.004799042885886919,0.2223604653132783,0.030801362127112646,0.02623006659696883,0.031756706272599924,0.13554704684960045,0.16678773669465566,0.006246975601047956,0.10667485251271967,0.023580556072726674,0.05696271235707727,0.23543932595827535,0.15669038074703903,0.06384464835745123,0.038669056209247425,0.0695040546611142,0.24967309262222043,0.11963798953386495,0.261655810195167,0.11625767060285853,0.07090457711116659,0.0823375638533397,0.05370653215934189,0.021580403233670803,0.02385857807363168,0.004004509703717296,0.06140680518445316,0.20959641478555013,0.078934870899722,0.05365236410491182,0.18593018660940214,0.11027956864797933,0.20476934866778262,0.022052915920142253,0.04589467591825148,0.036230841073632856,0.03794816822754598,0.07800111967087671,0.04917032852208639,0.14365904546732117,0.10241594063559417,0.09340039086107733,0.10639914686488107,0.2642019076465018,0.05669748161081187,0.024266183679863794,0.007131961602682052,0.14481002004165813,0.04481391576928428,0.14463515329590595,0.06844674841574178,0.1309239724605942,0.028351876179501967,0.02574444028713122,0.018806418396416683,0.002121882473025589,0.03832618871610142,0.13671306362195296,0.2417907223928248,0.06601684212396985,0.16172161237277496,0.02743976817762768,0.05533035481700348,0.05037667855411855,0.029237766048682105,0.17061893930874097,0.20857655664498323,0.07886327830220485,0.07734764030560726,0.018364172732089117,0.04213882884517572,0.15217526271752516,0.18057994137607258,0.05696271235707727,0.006801340860506317,0.08061541586142089,0.013570794622076622,0.10921701078819221,0.11294952971498579,0.04321949947062577,0.018291443294187214,0.038669056209247425,0.018291443294187214,0.08865993303919399,0.08448792858324237,0.012382517878824474,0.09763967183037908,0.01666493942349854,0.008293484545749671,0.02555328322910774,0.019663016356227418,0.0752064061748442,0.11432857919387622,0.08135120198795744,0.039463191802789024,0.08970041153957714,0.1427773981478607,0.09855186215742719,0.03839846356265713,0.17005480488327893,0.03359679780667776,0.20720819671893126,0.08214468497383062
rowId176,0.02012066757282389,0.11338932753021252,0.01473791567634694,0.10409300769221103,0.036405905071761224,0.01988777446856482,0.05379965376413866,0.0657465267103825,0.019663016356227418,0.18249217498805528,0.13621507646855882,0.05005063723535282,0.24562228218208193,0.09330931421783428,0.03957776695492004,0.019457210346014938,0.08786929151668124,0.09699257399247305,0.010196507717486642,0.17956653351301535,0.09272063992965827,0.055466322071612284,0.07020954388857871,0.10249062815394472,0.0537597443516009,0.06381984694513282,0.10552438389889687,0.27554240885943343,0.06503226309649579,0.029488681130087475,0.02664862240992076,0.10737095420916197,0.0555072862063709,0.027876176803554725,0.046881382097812806,0.02385857807363168,0.03924490953398031,0.022201433566264018,0.059194134118890046,0.03542607471918619,0.038669056209247425,0.11512592140157864,0.11445004906312639,0.13066122595384033,0.02284163337380396,0.12236543073654657,0.14113352939866172,0.07929262048894575,0.08152949166667502,0.06316832941713058,0.044667915145341616,0.03121060153353462,0.1323933915099046,0.06308101847755063,0.07810796492859388,0.08938879861991139,0.07730301579951251,0.020982432959834096,0.13990357565144373,0.10056264620920957,0.013409590494440833,0.08000910597483264,0.07720896244367571,0.17005480488327893,0.11710710220545238,0.15492062769528012,0.063784276915804,0.0019743672866612385,0.019332043777203257,0.05670052168664793,0.1798948556160159,0.01970153680309463,0.14113031011126084,0.06421392437529953,0.11426457805788533,0.0069603434554135245,0.03409757716207294,0.0069603434554135245,0.33734359445085255,0.06194984082576789,0.06874798169201987,0.013081264351617305,0.09051342413235951,0.05552993223624501,0.15525086444828687,0.09669392721349093,0.05533035481700348,0.05472964640721986,0.09116752982577415,0.026483930919803868,0.03905296466375901,0.07956170583697932,0.12236543073654657,0.10190263505242705,0.0505517010170282,0.012216891820285111,0.03815625801769054,0.04185138268959872,0.18249217498805528,0.17327047237633048,0.03409757716207294,0.14113031011126084,0.11218261353333293,0.047921103849625876,0.028506084278041223,0.0395962715405713,0.023686072056975687,0.11201857577179962,0.17822411405818522,0.01374440018485426,0.09897951380933881,0.1051118587615843,0.04210500574751806,0.16689987759202496,0.016137772223863426,0.09545180886436631,0.04837986921081425,0.21825403355153195,0.035205111859481865,0.02273898861418235,0.020598295357288864,0.0749770436991232,0.11862327645103342,0.046092288886077,0.06896073906595404,0.08048125822188523,0.04516920421558451,0.0968109961971932,0.07926505648786575,0.05952281701584533,0.03324955615323629,0.11179989357123193,0.26913692879840234,0.11882071775636806,0.10729126503837018,0.056700360802280095,0.023580556072726674,0.028010747977871408,0.03733659973021283,0.05098374705089239,0.05092201320945591,0.033220339547255416,0.0361999467180642,0.028923152962393183,0.11288499704623164,0.06922884638999138,0.025355727280114457,0.052956487694236526,0.0024663782729773404,0.13990357565144373,0.15525234849131536,0.02049398507016983,0.03825583218523496,0.029826891600890564,0.020991286417138856,0.026336588642208864,0.09225130635784731,0.017072460048859595,0.12205572874413355,0.07462147873765274,0.033579700002234446,0.044049624822995334,0.04529767279955678,0.019332043777203257,0.013081264351617305,0.021423618077814347,0.2642019076465018,0.012302249161072084,0.09094831663440615,0.17966692845076357,0.06345286629684944,0.05196947250218702,0.24775353246930432,0.1341652501913408,0.1295841708513099,0.08352530227143147,0.10939680651715215,0.0026465754916795395,0.053552928875930855,0.0874074118222219,0.27298330321199804,0.05661462709928093,0.061302009339381985,0.020982432959834096,0.007615392198972024,0.06750234075417384,0.0527981832657547,0.060636570386870495,0.084028416742319,0.025174039322353518,0.05694070031043384,0.10485570365903252,0.041712302511136355,0.07593919617160745,0.2186621908474496,0.05429242909402791,0.0035574907143634156,0.13022584200540502,0.0635494061796558,0.0010202824078819834,0.0845594630992321,0.15673013638471428,0.07993950078430732,0.03409757716207294,0.05101712555052155,0.020386609431187586,0.15664252575486765,0.0017571564343280834,0.05735692628781611,0.27298330321199804,0.028154251193438836,0.016588984493490472,0.06601684212396985,0.3070058519568064,0.02584657308877199,0.04521676151860069,0.07117167890071133,0.028943925314967582,0.07988827723680285,0.0190519723518334,0.09599121761833428,0.10250890973583873,0.09300221264141717,0.02696601461760173,0.03706550616195868,0.10007624563057085,0.2106587338270038,0.02857897095131983,0.1754565304756922,0.11575658288256026,0.17638672838815636,0.039097178403433,0.0722395239920576,0.20872635028747744,0.0635494061796558,0.022198968675706938,0.1316345418035157,0.025311766711087064,0.0329046009050689,0.051853501696350786,0.004799042885886919,0.078934870899722,0.0429850759827676,0.04261959859366956,0.0878045545547013,0.03080378095493439,0.04521676151860069,0.00424493197697294,0.045795797598099486,0.12121331241289607
rowId177,0.2999375541180197,0.18426750232774555,0.0030499094301360435,0.03080378095493439,0.18186820160151645,0.24094477657595723,0.024365487239746613,0.03947508985661001,0.10112773277521184,0.03563154151704626,0.052956487694236526,0.03947508985661001,0.06867273616548764,0.05686233393948718,0.15835562061705558,0.009256460734643968,0.046747789712766004,0.033555591874811025,0.05240819850123343,0.04267621179097056,0.05295063780666251,0.039716931145939396,0.023826594959694768,0.20720819671893126,0.05058439109993849,0.00723332362833648,0.14147342497775015,0.09017447478088754,0.23158276126519725,0.008660115293498229,0.05608147292049057,0.05092201320945591,0.10402096773709571,0.05533035481700348,0.03299054287185349,0.06922884638999138,0.0068412080772048455,0.17966692845076357,0.03352815115625609,0.3468516279701624,0.04481391576928428,0.03814931609514115,0.2333867513310674,0.03991607894800064,0.0474565992792932,0.3468516279701624,0.15835562061705558,0.027146168235100094,0.06496844226399118,0.30152961729774447,0.0555072862063709,0.04036084414354057,0.07262101302967139,0.10656782405670617,0.12211068626932499,0.04102533692048867,0.052405226629760854,0.2523686063220783,0.08079535123336722,0.04424430627846097,0.027980646120439018,0.03359679780667776,0.11144192143260966,0.14343504384091949,0.15326340587523377,0.02696601461760173,0.0467562821725928,0.060137038670072376,0.10007624563057085,0.05942891483026106,0.02381888579015437,0.09684750332021232,0.023826594959694768,0.19223830649177262,0.07438060590537096,0.01987491124064308,0.005745803733773644,0.30318879799301185,0.3260595187431702,0.07785515459993708,0.07659175563472435,0.018955262996848417,0.05037667855411855,0.19277381183983736,0.060795326079078026,0.1860946727606127,0.04270954807646496,0.001160583601150869,0.0857171521604164,0.055217181988922066,0.020982432959834096,0.07090457711116659,0.1364655702278823,0.2506406475823802,0.11598418326398066,0.06175482815656476,0.09884639407295902,0.045319880274969276,0.20872635028747744,0.06458494506397139,0.018150947067355323,0.017947202939576485,0.06707224149513806,0.06134922898764997,0.017450624484275826,0.2106587338270038,0.05745628713186052,0.10364937774625661,0.06216262999539586,0.09429267373051416,0.10444233613991619,0.01666493942349854,0.06924378137890005,0.03163575376733747,0.21134613596198915,0.07881535331481296,0.04952331415873677,0.07601437163497518,0.013563499102358852,0.14687038373156372,0.22961718615419324,0.03935005438836094,0.04219281776284814,0.031740260267190276,0.15967368453543784,0.0649477681015009,0.03344599543635577,0.01612460411241117,0.08008595999373899,0.12941427028674948,0.05772318999452151,0.027768061154365427,0.06201881903401059,0.025897385529207652,0.03351128377193219,0.0329046009050689,0.12972031364053122,0.039463191802789024,0.07194821538076857,0.11402459448067369,0.03815638308977166,0.033579700002234446,0.10038473659025345,0.108774467065854,0.3070058519568064,0.0899400568571098,0.1003528810059929,0.252546345387661,0.45997384824528237,0.0009565827979865296,0.18350589336633658,0.10394473113420492,0.23928241693201163,0.04700080692243039,0.13571850953256293,0.06390620491701236,0.07206168782554961,0.05095963412617053,0.08496200088294405,0.017630175192375756,0.22321178026943483,0.03753501969203252,0.0363676403973819,0.13323971897869835,0.05661462709928093,0.010581444816286216,0.18545904204552274,0.05511425938721453,0.10007624563057085,0.043406971336301,0.14933438258730217,0.1754565304756922,0.13162212883887994,0.0643135158345426,0.03334952467146852,0.04589955972427422,0.26881345614637076,0.00193613108216705,0.12526723464431033,0.03983635869480125,0.034058891602593,0.054214800583152645,0.07206168782554961,0.09950116357986438,0.19629602978222907,0.1911693802116228,0.03400334190851857,0.014772500230663017,0.14764441014550456,0.3037920355828678,0.0507553338290804,0.046092288886077,0.03418437605602435,0.17172641547838768,0.06107495036395189,0.06080458903783766,0.1873828912940007,0.020889833352379115,0.019048800579276583,0.058797927090255935,0.07298990170758035,0.11276069009873572,0.10729126503837018,0.07882916111607614,0.06693039258088294,0.049621278745842524,0.0507314920588211,0.03759004280874613,0.05783041423428113,0.1090167930446169,0.02957582199534259,0.015258459652880734,0.06399474151154907,0.014716686096325607,0.03726148697091725,0.26566501185002683,0.3003177616492855,0.04458682553622899,0.04444735794264896,0.06207113531016131,0.027910207489554757,0.026336588642208864,0.18444224677760085,0.08472293367978442,0.14481002004165813,0.056700360802280095,0.09300221264141717,0.03772199700644724,0.025817662585343973,0.061013159375091844,0.06693039258088294,0.01387351467132388,0.06744074606654175,0.015352563380492361,0.05180395422007624,0.10250890973583873,0.12860464508678013,0.06382012832209755,0.06070335427422454,0.06750050498598165,0.06841565862114168,0.07230439312494019,0.22380058753779314,0.07279057382105315,0.02012066757282389,0.12411607552736283,0.14952523046457591,0.2606536427728311,0.014399625229580902,0.05260097431677552
rowId178,0.15427323840338192,0.195916188529966,0.10039258696788503,0.07101758254728814,0.10897046204943009,0.021151515504727717,0.24562228218208193,0.05735692628781611,0.015469941711065378,0.03113679629243459,0.06844674841574178,0.10155896546150484,0.0987284859740227,0.06149509908870966,0.07637491113170373,0.08786929151668124,0.08949112162957971,0.06134163395735278,0.10708985912028696,0.03822996370629155,0.016754799503522624,0.1029843243690421,0.07023972692722037,0.03216971260422346,0.11614626967264054,0.03489913479097014,0.05245383369473509,0.09857740111087837,0.06031646013147246,0.18541752096511707,0.06134922898764997,0.02263917793753184,0.00588991757559099,0.09763967183037908,0.04305512182419307,0.060795326079078026,0.01520413806018166,0.10203295344644954,0.04185138268959872,0.009482827252723503,0.049024242005896064,0.012018084666396207,0.03822996370629155,0.031740260267190276,0.06267275232069118,0.20874618180906124,0.1381458096349222,0.04542468396420786,0.11529490747573133,0.10325348019017183,0.11836588863489117,0.07074577782997114,0.041996588786748404,0.05379965376413866,0.039876557026929625,0.09462622765743829,0.04222978811763968,0.046881382097812806,0.14343504384091949,0.16552069044415763,0.06677823908643249,0.03240034146396136,0.05399159008563422,0.05735692628781611,0.07844066975234061,0.10197873909666125,0.05295063780666251,0.09555741616989258,0.09545180886436631,0.021067898405439718,0.07426990010622855,0.273296513704592,0.33918533192477185,0.17492427915422573,0.01277488990260344,0.10249062815394472,0.018979402176076767,0.03187190381782426,0.051602939631941826,0.09543761332904574,0.03319941164403907,0.018700198478567746,0.11288499704623164,0.06451092060994358,0.0627691656825544,0.04070700659105985,0.15868440580585322,0.05861421065705314,0.10398192488485646,0.045319880274969276,0.06629030525291289,0.015255115808022152,0.03705585238141802,0.037320078735145645,0.03808331619262089,0.07438060590537096,0.03307704851652938,0.07131261226026689,0.044667915145341616,0.09388686176416415,0.007615392198972024,0.31529600635664984,0.020982432959834096,0.012302249161072084,0.09703680934456076,0.02691960586289213,0.04056119255652058,0.05661462709928093,0.03788775710543377,0.179143948589297,0.0241525457096305,0.26913692879840234,0.17158028346212587,0.20874618180906124,0.03449769517907935,0.043406971336301,0.06598354674678703,0.10039594338350237,0.04222067134673445,0.0699128580206811,0.019048800579276583,0.2746187737836757,0.08653034708937724,0.0016584474346639983,0.07206168782554961,0.04585573014994079,0.10708985912028696,0.03514363435872044,0.17327047237633048,0.027910207489554757,0.0627691656825544,0.03240034146396136,0.1334709007063108,0.07400648649450245,0.2153453683839955,0.055938634554263025,0.11242857206816594,0.12987758190099027,0.05170643345835024,0.045200432058649556,0.023054019550028122,0.055084569082919255,0.0904686580562412,0.07462147873765274,0.038971085005950805,0.07074065692092224,0.10187193224047701,0.1824389242971646,0.02535456283120991,0.14529841026851467,0.11530079725414541,0.04132392199381643,0.0362394855462694,0.05034077198458959,0.11266209052558614,0.16256286021822472,0.07379161689293162,0.08060394579563751,0.05334765586927046,0.05453101905055259,0.06629030525291289,0.05429242909402791,0.025197618312624327,0.03439272521163692,0.04631310994474407,0.034210362222606545,0.179143948589297,0.10426991559030556,0.08970485982576791,0.08964431767445613,0.17638672838815636,0.1233723421551813,0.07942359275213501,0.019845656749530753,0.11740460218514133,0.030153517681651424,0.048464710066720464,0.06384464835745123,0.27036948105207664,0.026263694827171676,0.19186399792315867,0.09272063992965827,0.08970485982576791,0.06744074606654175,0.02629983587546414,0.05109981097667743,0.03530475507284041,0.03839846356265713,0.027046187939357282,0.06308101847755063,0.021595790954911927,0.1051118587615843,0.03574794240080859,0.044860885474410195,0.009256460734643968,0.026585059228289947,0.023099802747534592,0.15326340587523377,0.16266482666147805,0.014415037939537852,0.10294895835231888,0.09272063992965827,0.13990357565144373,0.04610325480715077,0.14311180265807422,0.08969943217494578,0.0899400568571098,0.19248095965164957,0.05957042965684036,0.0576500574178649,0.12205572874413355,0.06810160351913451,0.060795326079078026,0.10854730204208571,0.19009898732459152,0.041436914536371376,0.08657764061190118,0.051075750530004446,0.035617739209091205,0.04372229617401926,0.03825583218523496,0.03929745058332522,0.062303464678621655,0.04481391576928428,0.02318646687325158,0.09720702222508476,0.015469941711065378,0.04083088049915265,0.017072460048859595,0.11594780990046437,0.0406149742766575,0.025327660444154753,0.06598354674678703,0.027167382687697555,0.06021094519756196,0.017998176002266903,0.11777693041468404,0.004004509703717296,0.05940037972146779,0.04962240834602832,0.10902995955306398,0.13066122595384033,0.03417634251930709,0.2480913783478117,0.10737095420916197,0.03137587953540144,0.021151515504727717,0.0415090335415429,0.03929745058332522,0.05086519017247306
rowId179,0.0721305894263954,0.043406971336301,0.05245383369473509,0.02650003550771703,0.14003920305160011,0.08865993303919399,0.084028416742319,0.02012066757282389,0.1215872123146998,0.031798389482455613,0.05360222657306117,0.09510212707801179,0.029237766048682105,0.04573619491427452,0.04276085660505043,0.036763862238349515,0.06744074606654175,0.005588867695018397,0.02691960586289213,0.05991102424496552,0.0421658790621041,0.033301821495489534,0.1968180510868663,0.012126675197217269,0.1427773981478607,0.02794422929916819,0.03924510396556578,0.3162993595987294,0.005588867695018397,0.018150947067355323,0.11755973381021978,0.20720819671893126,0.1447976279773046,0.02650003550771703,0.16822232470883255,0.06439905526673266,0.057346481122152716,0.030614514599098204,0.010336929883731765,0.065728013099982,0.11460330998056277,0.17419125449951103,0.03736430133007787,0.30435797541633286,0.1246497705187889,0.0606517689478234,0.022579196739952512,0.06439905526673266,0.10325348019017183,0.032562388630048615,0.026276556651016393,0.08517001339279531,0.06896073906595404,0.05248745394216506,0.1137250587043581,0.02840389634552638,0.05787162479345371,0.11337772438500815,0.1246497705187889,0.11618044237816691,0.10187193224047701,0.04107797825956584,0.10618502505903259,0.082456895347769,0.1283805700797791,0.11593151931672963,0.08586955293230615,0.05453101905055259,0.18978437954448157,0.047162230417682645,0.1175324079111423,0.025355727280114457,0.14812399391349337,0.14113352939866172,0.1824389242971646,0.11529490747573133,0.07734764030560726,0.26879822329353653,0.02385857807363168,0.05147005307257128,0.01915352288157754,0.16340254510766541,0.05692538241875496,0.03324955615323629,0.00424493197697294,0.09939811435029541,0.09500916353817297,0.1625737309454052,0.11625513295709856,0.03113679629243459,0.1330630091351828,0.01530033495826165,0.08496200088294405,0.0879574190924659,0.13066122595384033,0.033579700002234446,0.0754669708164873,0.024098780808221292,0.07379161689293162,0.012366508001763019,0.15784646325867696,0.15778891138703702,0.11926490911450775,0.1051118587615843,0.11815629172468389,0.0024663782729773404,0.007024772460824246,0.07797456036523379,0.00866723760616279,0.09429267373051416,0.018425671901617,0.1823869310687453,0.021772511529288482,0.03588597300280466,0.12450729421284275,0.09073026914828385,0.027146168235100094,0.15544147439358993,0.10605325488426509,0.10534266627030402,0.34567410193402004,0.10190263505242705,0.03530475507284041,0.18545904204552274,0.1166785550069508,0.08800441714809738,0.22929229968146284,0.01987491124064308,0.0406149742766575,0.36400503546692115,0.3162993595987294,0.1615715416251067,0.0024663782729773404,0.08230037117986294,0.584049185076163,0.15525086444828687,0.013902640332945745,0.017273800303183713,0.010581444816286216,0.11412182255391809,0.1295383910867325,0.055084569082919255,0.03351128377193219,0.059236462286335244,0.07241697745172099,0.08048125822188523,0.12211068626932499,0.05210881518392313,0.024771235204193724,0.084028416742319,0.16190114586296384,0.05334765586927046,0.30152961729774447,0.03187190381782426,0.005617077720564275,0.2658849877817125,0.0362394855462694,0.052956487694236526,0.10007624563057085,0.08949112162957971,0.03839846356265713,0.04364627000013338,0.05379965376413866,0.12411607552736283,0.11288499704623164,0.0954788470012861,0.09500916353817297,0.10131679962040124,0.2251822106904705,0.039716931145939396,0.06819333741960472,0.09684750332021232,0.09703680934456076,0.024365487239746613,0.10806418965376709,0.013484203769131214,0.23303426545035244,0.06035921583087826,0.017766762353292203,0.04615051968663605,0.1357009020748816,0.584049185076163,0.23861576314397512,0.063784276915804,0.0793443096543359,0.033301821495489534,0.10724947234195165,0.15784646325867696,0.12450729421284275,0.03965121145683844,0.11365898223390919,0.0337456475259338,0.11837185643558287,0.06321851305053366,0.08600508125519364,0.057715175115986395,0.0607849939934305,0.08566758211999098,0.042946920005675966,0.027381273594172674,0.052956487694236526,0.18611516817269508,0.04222978811763968,0.09073026914828385,0.04435980035507822,0.11432857919387622,0.19078411262500236,0.06882577223500075,0.07963498296649549,0.03854625184302271,0.03518168490499371,0.02794422929916819,0.03520873620064968,0.03215927506634591,0.03748970445464128,0.10603764313892584,0.034958360764687876,0.03929745058332522,0.25668347936274627,0.0793443096543359,0.03501514193951451,0.31529600635664984,0.023849798036602254,0.004332332792757682,0.02029622361328579,0.08321436088057595,0.04222978811763968,0.027892269653222723,0.10724947234195165,0.031798389482455613,0.1404080633955328,0.12807209650745013,0.08914338531565498,0.02466226316757737,0.033555591874811025,0.02137279835562717,0.2507306932863154,0.19194275096689792,0.0208339993927098,0.04952331415873677,0.03565841363186296,0.07438060590537096,0.09555741616989258,0.023330181294667924,0.024245729366474,0.061013159375091844,0.07580490169761156,0.1823869310687453,0.005588867695018397,0.2200078992959789
rowId180,0.0627691656825544,0.053126077928174774,0.016040533338174266,0.03999860299970289,0.08786929151668124,0.1789631763486703,0.01976819149240272,0.27036948105207664,0.1412294811690744,0.07079673407993524,0.13316941358652512,0.05268225340870092,0.1051118587615843,0.07417031644006374,0.11777693041468404,0.24009752942176518,0.0550416688137162,0.04230443740330246,0.03854625184302271,0.07137774300691742,0.013563499102358852,0.082456895347769,0.04817075298797411,0.03387939669877388,0.06140680518445316,0.03240034146396136,0.04251764915435123,0.012126675197217269,0.1823869310687453,0.13625357738901228,0.062285713965148974,0.027504269865620715,0.13106381999870861,0.1625737309454052,0.045200432058649556,0.1341652501913408,0.11294952971498579,0.2258985049700433,0.3148892573261145,0.057693300840760825,0.09510173084686854,0.3229171991097377,0.04385903655213013,0.03530730558576696,0.2765435329574788,0.07853026456257887,0.028923152962393183,0.0485374725560171,0.052956487694236526,0.08964431767445613,0.04516920421558451,0.20341448967898124,0.11445004906312639,0.1580817611002511,0.07445848668361738,0.06828300839267314,0.05834458195742017,0.02113556481743805,0.0406149742766575,0.12411607552736283,0.39546404121520046,0.06707224149513806,0.15835562061705558,0.05991102424496552,0.04795333646108831,0.03733659973021283,0.0597815607672343,0.017766762353292203,0.023828379467334102,0.05686893322128239,0.0265530593515837,0.07117919171599127,0.04102533692048867,0.07278167971079125,0.041996588786748404,0.2003959170726871,0.038627933456537346,0.08434440432053056,0.0576500574178649,0.14147342497775015,0.06216262999539586,0.1052622382613658,0.022546309686991825,0.057363782537312245,0.07197347829236062,0.0771158955617825,0.037452485883362904,0.01238592740711079,0.06390620491701236,0.13289247623394812,0.09622246946358516,0.05034077198458959,0.07844066975234061,0.03004152838787338,0.027381273594172674,0.0890191691639798,0.03733659973021283,0.10751684760680322,0.046607082917171326,0.11276069009873572,0.01513130881026172,0.1115905840203343,0.0016594866843270078,0.04094085519318643,0.3260595187431702,0.14112762206315058,0.08847280145958716,0.19562540965975656,0.07797456036523379,0.04774728846850738,0.033290774643300255,0.04305512182419307,0.22321178026943483,0.055938634554263025,0.04864227679937645,0.20221099925335276,0.1228991753105598,0.15785882849713337,0.06838469631026628,0.04892163518420947,0.01869525894530098,0.007615392198972024,0.10934531532203123,0.03231724629731043,0.06415207462311867,0.024124754485251945,0.3028211805111555,0.061019999055244085,0.14147342497775015,0.1932187420887361,0.011353764515775563,0.035260075015522224,0.018700198478567746,0.1767565322514853,0.03822996370629155,0.014635708471241923,0.02089366322938851,0.026426546782911408,0.06873054017857778,0.011239942713006513,0.11620181949525443,0.029943120478630375,0.05357940536723349,0.14371991382089253,0.1911693802116228,0.06039117806019295,0.04300577383145825,0.06220922433133476,0.05942891483026106,0.04222978811763968,0.08654471896219404,0.004252289108198878,0.02002957821666919,0.21640617987221014,0.11772017342388433,0.07278167971079125,0.042261196458572674,0.0899400568571098,0.03395120652051321,0.14529841026851467,0.08482614416438125,0.06080458903783766,0.010987912659858455,0.10934531532203123,0.04998130919555556,0.04892163518420947,0.21825403355153195,0.2507306932863154,0.11443541100529811,0.12252495912844875,0.03429226884051455,0.2642019076465018,0.127041027563886,0.03350840518769029,0.14971586933495437,0.03610503296908216,0.0848548636801642,0.20939838941095246,0.08326537255041222,0.03610503296908216,0.020242087393360333,0.046794393761696036,0.06557286050496769,0.03612476729242831,0.020321361358463564,0.10024902971260209,0.03157549614693655,0.4140068328953792,0.10187193224047701,0.08698319649927172,0.21476115788320732,0.061844400965221764,0.06369774307302835,0.0313772043267731,0.06421392437529953,0.04806025016521924,0.09340039086107733,0.03193248632198632,0.2223604653132783,0.04222067134673445,0.17966692845076357,0.02081028375652667,0.014772500230663017,0.0208339993927098,0.03449769517907935,0.3182529286418399,0.13725806414437652,0.07220956990215752,0.0550416688137162,0.09761890088074457,0.03908833083751431,0.15758099506012443,0.054938895266455595,0.006801340860506317,0.12411607552736283,0.14812399391349337,0.02002957821666919,0.0657465267103825,0.1382327865214983,0.0490379695395885,0.027910207489554757,0.03167120150154307,0.03418437605602435,0.15178022389544338,0.07364483211004082,0.3197689405850322,0.01277488990260344,0.11118440660788745,0.16426708102052753,0.04910280909990828,0.26913692879840234,0.05429242909402791,0.008149511298223012,0.03052038560590705,0.07152735509648726,0.03544609355570803,0.06114028361909431,0.06644712560729071,0.15525234849131536,0.08425381116818527,0.03868360349542509,0.03052038560590705,0.029446283759633547,0.03633334323186749,0.04636684804944004,0.018844236993921484,0.08938470287517632,0.01907473378512423,0.04481391576928428,0.022546309686991825
rowId181,0.06053595980176759,0.058789740339478584,0.028351876179501967,0.05861421065705314,0.0441892550832111,0.02814962589004989,0.050133515081212804,0.06677823908643249,0.04734445323783841,0.038669056209247425,0.24595226603168896,0.10249062815394472,0.05104160610971572,0.07856483488912339,0.0857171521604164,0.024245729366474,0.016358000002096352,0.1798948556160159,0.20152512057686184,0.09769224153143184,0.04465075375308366,0.033365314010788134,0.01770105402259905,0.02225068215494732,0.026146505080541723,0.09772256989304996,0.03240034146396136,0.04916600786159446,0.030614514599098204,0.010343023728082419,0.026585059228289947,0.06070335427422454,0.24595226603168896,0.3064858950054413,0.03486464801397875,0.0754669708164873,0.11458761931764577,0.13162212883887994,0.03349720982818285,0.22961718615419324,0.07074577782997114,0.0689993063277523,0.05991102424496552,0.06168603994923707,0.10639914686488107,0.0656170881376967,0.04774728846850738,0.10024902971260209,0.26881345614637076,0.023686072056975687,0.16061958142217606,0.019194145876443882,0.07441619064437292,0.043071005021486634,0.025271682694782034,0.06629030525291289,0.035261434698328355,0.22105905987919588,0.10114236738919029,0.061119482480982854,0.04256926151243291,0.029507745076402716,0.04176343650280099,0.07114096024572565,0.11294952971498579,0.1417595897119603,0.042946920005675966,0.030693479075619284,0.10575797204979392,0.042946920005675966,0.08924529259492195,0.10203295344644954,0.1040932907750545,0.04185138268959872,0.02137279835562717,0.04458682553622899,0.10006566146445842,0.07486977280851757,0.01987491124064308,0.0507553338290804,0.12236543073654657,0.034695106210996585,0.06159513328574669,0.021328364187053844,0.035617739209091205,0.18283152742229947,0.03418437605602435,0.022234943294891715,0.15530946107413995,0.0474565992792932,0.05745113261848428,0.051602939631941826,0.1911693802116228,0.07637491113170373,0.0378669845402935,0.10187193224047701,0.28973263368498414,0.03409757716207294,0.021055835138022262,0.08214468497383062,0.10421310024034515,0.0571866857956583,0.031876346560642095,0.01869525894530098,0.3093554490731001,0.10190263505242705,0.0540927417505276,0.058260940532916396,0.03167120150154307,0.08226846302831745,0.03299054287185349,0.09244417169740099,0.005005215016144767,0.11926490911450775,0.010467376051495317,0.027381273594172674,0.030927021957536882,0.06267275232069118,0.015793248160788205,0.02419396447389655,0.13571850953256293,0.0019743672866612385,0.07438060590537096,0.05005063723535282,0.15968786781821426,0.027768061154365427,0.03788775710543377,0.02966187467733761,0.07864944924210476,0.06922884638999138,0.08274407282366453,0.07023972692722037,0.16241222083888848,0.0467562821725928,0.2553151597134402,0.004252289108198878,0.1615715416251067,0.1655563823290761,0.02049398507016983,0.02953407343919929,0.07074065692092224,0.15086271529609083,0.03839846356265713,0.019315778665033825,0.06048729749479088,0.018425671901617,0.04491749837502824,0.06201881903401059,0.04270954807646496,0.023099802747534592,0.03007671168660523,0.014956096707606049,0.1611631355227145,0.009256460734643968,0.07700547832610954,0.039872841557605905,0.0984254873172523,0.06168446572573735,0.05852680247216348,0.061119482480982854,0.05758670702735719,0.025014108046232233,0.09427147148233736,0.10995881609813189,0.018291443294187214,0.08895253341747135,0.21384661491077844,0.13886235682904702,0.10006566146445842,0.03590586360127347,0.06584863655866877,0.07621505512326755,0.006246975601047956,0.04070808234821544,0.03726148697091725,0.07881535331481296,0.33091766808774714,0.040245610853556525,0.04375041821232045,0.033220339547255416,0.17061893930874097,0.12205572874413355,0.016973271370151134,0.027768061154365427,0.002316316510001745,0.03908833083751431,0.18350589336633658,0.07700547832610954,0.0845594630992321,0.025024671166916177,0.18444224677760085,0.05487583547021357,0.11710710220545238,0.032359818370631226,0.05487583547021357,0.019127231002087627,0.04506801982299781,0.3064858950054413,0.10007624563057085,0.05104574543442532,0.025174039322353518,0.04056119255652058,0.11593151931672963,0.030439379557517934,0.07720896244367571,0.10575797204979392,0.0208339993927098,0.10970978460661515,0.03349720982818285,0.0474565992792932,0.17966692845076357,0.05390023838106589,0.0030499094301360435,0.09236449954720602,0.2333867513310674,0.28973263368498414,0.031868410667312,0.09763967183037908,0.012558098626810878,0.062045093156662276,0.05090188545054481,0.1323933915099046,0.1052622382613658,0.35371062299421097,0.1323334003157555,0.06922884638999138,0.11909544926042755,0.19277381183983736,0.008281152186413676,0.058487495737945545,0.035056425684755754,0.06644712560729071,0.053126077928174774,0.001160583601150869,0.04636684804944004,0.09841710633466864,0.020122083008015757,0.04641012420267559,0.19054168358611942,0.08653034708937724,0.04280986253284726,0.15968786781821426,0.04185138268959872,0.05992858240965832,0.031798389482455613,0.1445093638682014,0.0465363904616811,0.10656782405670617,0.06810160351913451,0.06796177011202863
rowId182,0.10491625862270752,0.05623017099871448,0.03868360349542509,0.1414196764074397,0.15544147439358993,0.020807297962228015,0.19078411262500236,0.1754565304756922,0.0904686580562412,0.05772318999452151,0.09975901395039075,0.1779344105324831,0.18779475819152228,0.14632140965753745,0.1386428392245063,0.07584865320171244,0.015165196934626564,0.054214800583152645,0.1052622382613658,0.06356196425814355,0.11402291709174132,0.5193187597312484,0.24172811512025913,0.11689600783611202,0.031559092364981736,0.22929229968146284,0.03489913479097014,0.13990357565144373,0.025100142065157392,0.07178921113168528,0.07886327830220485,0.07417031644006374,0.07044365083545326,0.43869097846121036,0.02957582199534259,0.08214468497383062,0.055084569082919255,0.0329315213687575,0.04424430627846097,0.017072460048859595,0.048297437251682875,0.008422735088664578,0.14141812516099347,0.07792447873124378,0.025271682694782034,0.15785882849713337,0.00884621442655624,0.05081679252632302,0.06297106234016792,0.019332043777203257,0.08685234331831665,0.10897046204943009,0.3391137012024435,0.033301821495489534,0.05453101905055259,0.03612476729242831,0.03324955615323629,0.04070700659105985,0.057693300840760825,0.10904500645234083,0.08326537255041222,0.07913518569135433,0.03366647778344107,0.08041896053972508,0.11752161948341273,0.035205111859481865,0.06175482815656476,0.03854164996678236,0.04083088049915265,0.10921701078819221,0.06693039258088294,0.028506084278041223,0.023303430075389122,0.12121331241289607,0.06601684212396985,0.022964712006800666,0.0325779914417661,0.20397206245230323,0.03845064532152613,0.0628343017848615,0.05978660310536649,0.031275357344309446,0.09899324295735384,0.036230841073632856,0.0764087364420143,0.0394077465670282,0.0749770436991232,0.036230841073632856,0.02814962589004989,0.1250324649912175,0.028255731759402766,0.06297106234016792,0.1550396469231862,0.08685234331831665,0.11594780990046437,0.16256286021822472,0.11147700396371757,0.03726148697091725,0.048464710066720464,0.018150947067355323,0.01869525894530098,0.018432099923438347,0.16710876139780362,0.09097591582361568,0.03419462071077893,0.06503226309649579,0.010581444816286216,0.017128430737049664,0.010071064154334532,0.09116752982577415,0.15525086444828687,0.09622246946358516,0.1711454650785608,0.19745924543290813,0.03935005438836094,0.011167719420105799,0.1382327865214983,0.02743976817762768,0.06196559736719907,0.13396855290030701,0.020889833352379115,0.06053130067514153,0.019892428173312823,0.005617077720564275,0.03449769517907935,0.04759092305037301,0.22840368924551568,0.03307704851652938,0.06439905526673266,0.00866723760616279,0.0823375638533397,0.010336929883731765,0.028358287807441887,0.21640617987221014,0.05686893322128239,0.008660115293498229,0.03520873620064968,0.028765196562273956,0.0362394855462694,0.10155999662551508,0.5193187597312484,0.032359818370631226,0.15835562061705558,0.08970041153957714,0.191928510251779,0.05103956064333818,0.04190173012996835,0.030086858276874,0.054280931684650695,0.3428503142213519,0.11861451035848701,0.03134987981722057,0.031868410667312,0.13421121227743957,0.029826891600890564,0.02385857807363168,0.09280744993744025,0.08966850965032691,0.02635623173074948,0.007024772460824246,0.036763862238349515,0.07864944924210476,0.051602939631941826,0.05365236410491182,0.0013854556807550518,0.03248835396083318,0.07710103079442301,0.04107797825956584,0.14371991382089253,0.21463072383043022,0.11575658288256026,0.19277381183983736,0.11523398534945531,0.17042579593926416,0.03349720982818285,0.02385857807363168,0.09704550650974093,0.04424430627846097,0.14454419744297103,0.06679846799465182,0.047162230417682645,0.09045302062979264,0.08577860073031916,0.025160760491888617,0.07720896244367571,0.02733218066286086,0.03080378095493439,0.025029094172608478,0.07074065692092224,0.012961469731987266,0.0016584474346639983,0.052083190847696914,0.059194134118890046,0.11402459448067369,0.06926103601658354,0.09812427323413456,0.04276085660505043,0.05259667703816095,0.02520256731126624,0.04816170391689469,0.09073026914828385,0.02352782975286913,0.04280986253284726,0.2506406475823802,0.15388354988563785,0.1412294811690744,0.11103531492787581,0.2469646889848434,0.03759004280874613,0.0779192497212779,0.06279852860220687,0.0330249773605309,0.07044365083545326,0.1631943737956888,0.04094085519318643,0.06844674841574178,0.09156471727650593,0.07152735509648726,0.056891079170697266,0.052405226629760854,0.13464322407379928,0.03502074766405762,0.252546345387661,0.05740994371397918,0.04070700659105985,0.016588984493490472,0.0571866857956583,0.10934531532203123,0.23543932595827535,0.1382327865214983,0.10316854057431916,0.05058439109993849,0.03772199700644724,0.17638672838815636,0.0643135158345426,0.03523405384106503,0.11588311427078586,0.12321405941938406,0.015258459652880734,0.08685234331831665,0.0635494061796558,0.06819333741960472,0.03815625801769054,0.008136093675204323,0.12411607552736283,0.05882174479512728,0.025355727280114457,0.04346231377022084,0.05220606181220708,0.15627345005088242
rowId183,0.0017202596135649285,0.1414196764074397,0.10249062815394472,0.14040186023070478,0.09510212707801179,0.03854625184302271,0.021067898405439718,0.03004152838787338,0.07929262048894575,0.025897385529207652,0.021654483572879402,0.1310381700263656,0.07995188821965497,0.11432857919387622,0.11443541100529811,0.05995406151271267,0.05552993223624501,0.07117919171599127,0.02049398507016983,0.2251822106904705,0.15664252575486765,0.1185385584173658,0.30152961729774447,0.057693300840760825,0.11337772438500815,0.033106713589935485,0.09811087086971863,0.0594686421835955,0.021035279389131245,0.03994451649516368,0.10552438389889687,0.03983635869480125,0.2469646889848434,0.05357940536723349,0.06588276610283748,0.045509685059433785,0.04036084414354057,0.045795797598099486,0.10007624563057085,0.072099642549982,0.049933419816022,0.04095516332527793,0.1445093638682014,0.14638398611707923,0.035363195774129205,0.03948408970897994,0.07445848668361738,0.14365904546732117,0.017800098837098807,0.0627691656825544,0.025355727280114457,0.08481315466306634,0.025720319365882233,0.07805267957088467,0.03748970445464128,0.09279965872048816,0.10007624563057085,0.10138195455992095,0.012961469731987266,0.08214468497383062,0.1265934144919582,0.03319675917204851,0.04573619491427452,0.5570239156008115,0.03366647778344107,0.0962274436407269,0.0657465267103825,0.03417634251930709,0.06819333741960472,0.09593659412577094,0.10806418965376709,0.051824934045968406,0.01612460411241117,0.06130051184028606,0.08685234331831665,0.05034077198458959,0.1052622382613658,0.10565873408288223,0.14510798968466007,0.07438060590537096,0.037558283967565914,0.033309323892934846,0.03854164996678236,0.0024735841903112434,0.027363439804964036,0.10085216866489953,0.019996810121400154,0.20476934866778262,0.16331513308486978,0.00569868141837213,0.010467376051495317,0.09073026914828385,0.030996936519047814,0.09959952523575737,0.1441239985181465,0.055256227649755706,0.013653968348247239,0.11954656336370266,0.08230037117986294,0.17822411405818522,0.02520256731126624,0.10249062815394472,0.0657465267103825,0.20540485068688014,0.03947508985661001,0.06345286629684944,0.04071275281232493,0.25635908080830144,0.01612460411241117,0.012134930745230818,0.05940037972146779,0.01678977509604229,0.0519431516812059,0.03706550616195868,0.047162230417682645,0.0738920103499353,0.09854469621923163,0.14454419744297103,0.09611385024571852,0.02081028375652667,0.060636570386870495,0.007024772460824246,0.06631257114977637,0.034865189638133724,0.03280757013644673,0.5193187597312484,0.12361762312368559,0.05330037918976837,0.04401643776890336,0.047691580699675384,0.14399552386602338,0.0899790526173496,0.041846755170547624,0.07137774300691742,0.029446283759633547,0.0014311573718241751,0.04321949947062577,0.15868440580585322,0.021423618077814347,0.15217526271752516,0.11963798953386495,0.07400648649450245,0.06384464835745123,0.049621278745842524,0.08732456447569596,0.025327660444154753,0.010394252366224313,0.038486313482753644,0.07005594247260512,0.11201857577179962,0.028669348790339493,0.07993950078430732,0.04952331415873677,0.015170411416985165,0.03418437605602435,0.10039258696788503,0.03845064532152613,0.0618648465896002,0.024871013115369402,0.033301821495489534,0.2480913783478117,0.009256460734643968,0.07230439312494019,0.03467003182642679,0.028765196562273956,0.04795333646108831,0.11443541100529811,0.026824400993290573,0.04481391576928428,0.14365904546732117,0.08837334186260187,0.015469941711065378,0.10708985912028696,0.18719690702186523,0.05393921197358413,0.07461071930135524,0.06515893991520305,0.04321949947062577,0.2480913783478117,0.04321949947062577,0.09545180886436631,0.04676237280688779,0.13289247623394812,0.05991102424496552,0.03235926346470298,0.013409590494440833,0.005679349701945355,0.14573659520976878,0.18444224677760085,0.0419386775708471,0.08214468497383062,0.07554793194649385,0.06168603994923707,0.23725070138533247,0.05636390858181385,0.07125929557042193,0.1612891967285631,0.062285713965148974,0.07298990170758035,0.08326537255041222,0.024338964763538914,0.08214468497383062,0.028351876179501967,0.10981751210074983,0.017588295025992687,0.07881535331481296,0.04463134321514318,0.04070808234821544,0.08970485982576791,0.023682065233235416,0.18426750232774555,0.045922997763917076,0.19054168358611942,0.03387939669877388,0.10874647795539916,0.020321361358463564,0.0208339993927098,0.028599325313790534,0.014375380660155637,0.045795797598099486,0.05429242909402791,0.15249242112043093,0.06196559736719907,0.1674209607725292,0.09720702222508476,0.40557282941627437,0.03211573957942239,0.02562141734791899,0.13323971897869835,0.06201881903401059,0.18426750232774555,0.04734445323783841,0.20247490841399748,0.07913518569135433,0.06092904102196162,0.01839084429740458,0.053990798115460266,0.1798948556160159,0.03542607471918619,0.07956170583697932,0.025100142065157392,0.07194821538076857,0.09970243584113091,0.033555591874811025,0.05101712555052155,0.09611385024571852,0.14454419744297103,0.024245729366474,0.0629887879839539,0.040486436781981466
rowId184,0.061013159375091844,0.03425876494478175,0.1518192802005353,0.3180651754385313,0.06031646013147246,0.14716545133457043,0.09599121761833428,0.026263694827171676,0.009256460734643968,0.11276069009873572,0.08079817537731275,0.02535456283120991,0.0490597499275445,0.05805212147369039,0.043430434770496025,0.3197689405850322,0.10851714506791006,0.014716686096325607,0.030396685805813638,0.06421392437529953,0.058260940532916396,0.02012066757282389,0.0014195172520296124,0.3428503142213519,0.09045302062979264,0.24207692773610648,0.09018835436075119,0.05260097431677552,0.02635623173074948,0.14003920305160011,0.08545342411244973,0.04251837313333597,0.03948408970897994,0.028599325313790534,0.24009752942176518,0.016686140188555895,0.04276085660505043,0.15795199457320505,0.03825583218523496,0.012126675197217269,0.17492427915422573,0.05609276012837682,0.055256227649755706,0.03924510396556578,0.06092904102196162,0.04424430627846097,0.06439905526673266,0.07074065692092224,0.08964431767445613,0.020498449919657748,0.2548275354194706,0.11174286545708143,0.0635494061796558,0.061119482480982854,0.09595609125389327,0.08685234331831665,0.06415207462311867,0.23303426545035244,0.13079995882111786,0.2746187737836757,0.06097390686036244,0.09812427323413456,0.06750234075417384,0.04817075298797411,0.017998176002266903,0.07178921113168528,0.0755963524074938,0.06460373209232116,0.1295383910867325,0.17419125449951103,0.16552069044415763,0.16710876139780362,0.04821058808631389,0.06457918226837461,0.0395962715405713,0.06839934237827247,0.029326273724277544,0.0735112610680996,0.09772256989304996,0.03706550616195868,0.03839846356265713,0.013409590494440833,0.1323334003157555,0.03248835396083318,0.11861451035848701,0.08874543296011354,0.04864227679937645,0.26279658803543204,0.08325662503095924,0.03004152838787338,0.1445093638682014,0.06620182671010647,0.10241594063559417,0.3061785138368613,0.04058050711022771,0.20537268538925627,0.028715490854207354,0.07020954388857871,0.029488681130087475,0.0190519723518334,0.03610503296908216,0.0406149742766575,0.09669392721349093,0.27298330321199804,0.02957582199534259,0.2642019076465018,0.07170174788096212,0.1215872123146998,0.0876026134183375,0.03127487733751449,0.0979135366345343,0.16190114586296384,0.0313772043267731,0.00723332362833648,0.08984605018464675,0.03794816822754598,0.08380283722038466,0.028599325313790534,0.09510212707801179,0.0771158955617825,0.20857655664498323,0.03983635869480125,0.028912686395979416,0.0270145524300177,0.0554855060325719,0.08963884549822916,0.01520413806018166,0.0968109961971932,0.20341448967898124,0.03277899940354323,0.05772318999452151,0.19435376875942542,0.05886391966927162,0.03875353309490299,0.10328477219772461,0.1674209607725292,0.045616126317840226,0.026336588642208864,0.0779192497212779,0.1647014841231385,0.013003491916629327,0.20857655664498323,0.035261434698328355,0.04768002594368225,0.09225130635784731,0.061013159375091844,0.031876346560642095,0.013653968348247239,0.019315778665033825,0.03994451649516368,0.2073555137067861,0.018291443294187214,0.06070335427422454,0.1364791135843468,0.036601858906629224,0.020386609431187586,0.08855830640387612,0.035260075015522224,0.0898435307738926,0.08865993303919399,0.04270954807646496,0.019892428173312823,0.11027956864797933,0.053866987442392295,0.03231724629731043,0.2578014176647156,0.01647513823739269,0.04321949947062577,0.028506084278041223,0.05758670702735719,0.029985474340503245,0.2714605466469469,0.0673440682358704,0.04990213832453254,0.10874647795539916,0.021055835138022262,0.11907757489265196,0.04506801982299781,0.019457210346014938,0.0208339993927098,0.01907473378512423,0.0337456475259338,0.06601684212396985,0.05220606181220708,0.0522210458533132,0.025311766711087064,0.03772199700644724,0.04892163518420947,0.05995406151271267,0.1125391657576237,0.093388886946188,0.03748970445464128,0.08338120696561022,0.07278167971079125,0.023686072056975687,0.1381458096349222,0.03681279137599688,0.05850393617212031,0.008149511298223012,0.1040932907750545,0.0735112610680996,0.05295063780666251,0.09272063992965827,0.018150947067355323,0.02056781267910599,0.08008595999373899,0.05399159008563422,0.051075750530004446,0.02318646687325158,0.0010202824078819834,0.011353764515775563,0.18283726985167884,0.07580490169761156,0.09950116357986438,0.2553151597134402,0.05088840639974515,0.1283805700797791,0.1369968788708034,0.01238592740711079,0.06757375974048797,0.00501509556765598,0.09880416150985406,0.0268184986299694,0.09427147148233736,0.03814931609514115,0.03503989682772746,0.024124754485251945,0.048619139107471364,0.023806578256957357,0.10552438389889687,0.0394077465670282,0.05422935740651338,0.049131978517202565,0.0955187759967584,0.11963798953386495,0.16592845940929335,0.0467562821725928,0.11960470280766451,0.0360755870758148,0.04185138268959872,0.22290272665912386,0.16556059057061148,0.022198968675706938,0.06222357521808899,0.19822721863685178,0.09543761332904574,0.020321361358463564,0.12228666395372358,0.019194145876443882,0.0196556399038762
rowId185,0.022964712006800666,0.11273450456651479,0.05740994371397918,0.2121707794512331,0.05991102424496552,0.03489886399072764,0.033220339547255416,0.11593151931672963,0.057350477925272175,0.1215872123146998,0.11061162161675382,0.1141660897894949,0.03733659973021283,0.21415924083222407,0.05986381853936585,0.0490597499275445,0.08230037117986294,0.00501509556765598,0.046092288886077,0.020064425577496253,0.05694070031043384,0.08135120198795744,0.3148892573261145,0.058260940532916396,0.02264041966360618,0.046747789712766004,0.06944514977390738,0.009681513657680633,0.011167719420105799,0.024338964763538914,0.0362394855462694,0.046747789712766004,0.04491749837502824,0.04509791694775669,0.051602939631941826,0.1637682749328249,0.015927063990360178,0.08079817537731275,0.02999614690083302,0.0664158250271298,0.008136093675204323,0.22290272665912386,0.1490411053187102,0.08061541586142089,0.044667915145341616,0.048619139107471364,0.1283805700797791,0.04864227679937645,0.05061685740582469,0.0890610933244565,0.07005594247260512,0.11293500613327476,0.01973453494446283,0.09805566740007637,0.11529490747573133,0.14632140965753745,0.012087732820448055,0.05379965376413866,0.07074065692092224,0.3556424361647484,0.18719690702186523,0.16689987759202496,0.08874543296011354,0.017686954574394967,0.0314607697635493,0.043145974762119024,0.021118410496397552,0.18435777333481965,0.04754028045988503,0.08698319649927172,0.19078411262500236,0.06882577223500075,0.05623017099871448,0.06810160351913451,0.1364791135843468,0.03759004280874613,0.02313783907768579,0.022901702888118634,0.06819333741960472,0.10995881609813189,0.02953407343919929,0.0201585408420951,0.11512592140157864,0.020529509358829346,0.1500421363925138,0.0024735841903112434,0.23412335067903467,0.25169580570047323,0.01530033495826165,0.03324955615323629,0.046747789712766004,0.023846452282117396,0.05880646563927412,0.027768061154365427,0.16710876139780362,0.03835395733374427,0.2078788065117053,0.1615715416251067,0.051853501696350786,0.025031390642341268,0.10294895835231888,0.10394473113420492,0.0316759563735845,0.03766539871962317,0.07462147873765274,0.12211068626932499,0.21386519591590655,0.013902640332945745,0.06196559736719907,0.15227726780942955,0.07075565832710061,0.1086200947835858,0.02113556481743805,0.2073555137067861,0.07309631450339381,0.06867273616548764,0.05882174479512728,0.12411607552736283,0.06598354674678703,0.06496844226399118,0.0181559662694938,0.015170411416985165,0.14858535047801408,0.04641012420267559,0.05769832902229535,0.03321758702491373,0.06080458903783766,0.05722470980939253,0.10738461346976483,0.031868410667312,0.024871013115369402,0.11186074983563712,0.019457210346014938,0.06601684212396985,0.01987491124064308,0.1116571166056257,0.03798354132414837,0.016588984493490472,0.004332332792757682,0.023099802747534592,0.026336588642208864,0.06140680518445316,0.028669348790339493,0.1932187420887361,0.027146168235100094,0.09772256989304996,0.0772783426344131,0.11273450456651479,0.0016584474346639983,0.03948408970897994,0.038176370151236406,0.08321436088057595,0.030153517681651424,0.010343023728082419,0.13468626386236254,0.04768002594368225,0.051633899716894936,0.006246975601047956,0.005588867695018397,0.0395962715405713,0.06381984694513282,0.02635623173074948,0.035617739209091205,0.008422735088664578,0.07178921113168528,0.029943120478630375,0.22664699653928227,0.01238592740711079,0.027722067837179065,0.008136093675204323,0.021035279389131245,0.1381458096349222,0.1295383910867325,0.14825661287507363,0.22105905987919588,0.10738461346976483,0.045922997763917076,0.026709505515855436,0.3334925090390668,0.008203217482846543,0.09045302062979264,0.06644712560729071,0.03929745058332522,0.13357245140683496,0.05834458195742017,0.09438867908508199,0.03775970949684174,0.40557282941627437,0.04647464526117058,0.33734359445085255,0.3715749938643185,0.020350234254141973,0.0201585408420951,0.015529893083447616,0.11242857206816594,0.03948408970897994,0.030153517681651424,0.019092016924790765,0.11840644712166468,0.09438867908508199,0.11443541100529811,0.2483154695117704,0.28973263368498414,0.03808331619262089,0.020598295357288864,0.02002957821666919,0.012558098626810878,0.03489886399072764,0.015067319578338617,0.12205572874413355,0.27298330321199804,0.030614514599098204,0.20736683539202264,0.1674209607725292,0.1125644642390023,0.05436874168032864,0.06557286050496769,0.08338120696561022,0.1518192802005353,0.11626584452197324,0.0793443096543359,0.023099802747534592,0.047856065533528384,0.04261959859366956,0.10048285662540822,0.3469715121223475,0.16678773669465566,0.06053130067514153,0.015701948111027837,0.18338484295646426,0.025720319365882233,0.10849236044690688,0.13323971897869835,0.11907757489265196,0.10155896546150484,0.03256549912379051,0.20857655664498323,0.10187193224047701,0.04774617208099574,0.013145015428794026,0.036187468336751134,0.08684442825395526,0.06196559736719907,0.04804952846042931,0.10667485251271967,0.09510173084686854,0.018291443294187214,0.03518168490499371,0.10667485251271967,0.03815638308977166
rowId186,0.10851714506791006,0.08000910597483264,0.06715841591553207,0.06922884638999138,0.04529767279955678,0.015165196934626564,0.022964712006800666,0.3064858950054413,0.14190502455906753,0.2111621141291003,0.017128430737049664,0.0673440682358704,0.03994451649516368,0.06952257454552643,0.027606168990960488,0.04631310994474407,0.027980646120439018,0.12248603223318161,0.08653034708937724,0.021595790954911927,0.1185385584173658,0.01660390198358485,0.03929745058332522,0.022052915920142253,0.019127231002087627,0.22290272665912386,0.0415090335415429,0.12411607552736283,0.10006566146445842,0.05307977036299651,0.1320554396711257,0.04768002594368225,0.063784276915804,0.0461850859364933,0.03235926346470298,0.026336588642208864,0.028715490854207354,0.038176370151236406,0.08325662503095924,0.07627885643610594,0.03610503296908216,0.08698319649927172,0.0842820761735914,0.07709042215528919,0.11201857577179962,0.027722067837179065,0.21825403355153195,0.04280986253284726,0.11276069009873572,0.05686893322128239,0.1111333338491525,0.07637491113170373,0.03542607471918619,0.11529490747573133,0.08325662503095924,0.034210362222606545,0.02857897095131983,0.23543932595827535,0.04276085660505043,0.06345286629684944,0.18611516817269508,0.19277381183983736,0.02629983587546414,0.18283726985167884,0.05260097431677552,0.09865414033922758,0.039097178403433,0.16592845940929335,0.04253325415890776,0.06420564322210497,0.09206805513314008,0.03991607894800064,0.015335599796271132,0.17849674179298197,0.0643135158345426,0.016980287233531125,0.034210362222606545,0.023550772814327676,0.1141660897894949,0.010673337756590316,0.06390620491701236,0.04261959859366956,0.07565897206750936,0.020498449919657748,0.03924490953398031,0.2152643211484814,0.584049185076163,0.02650003550771703,0.04821058808631389,0.07709042215528919,0.038971085005950805,0.06245472633172106,0.06031646013147246,0.013484203769131214,0.08481315466306634,0.0490379695395885,0.099652762165392,0.0904686580562412,0.06201881903401059,0.07298990170758035,0.3194174998259263,0.10241594063559417,0.03007671168660523,0.06080458903783766,0.09868190931741555,0.004975004103988152,0.11103531492787581,0.03514465642276618,0.11009175703346592,0.21215248245116475,0.1040932907750545,0.07864944924210476,0.08507553736647443,0.007194636632862728,0.0014311573718241751,0.030439379557517934,0.012961469731987266,0.04744942273940095,0.09199831259661723,0.034865189638133724,0.09487925635320633,0.12425308649778367,0.11276069009873572,0.26881345614637076,0.05608147292049057,0.03351405703448733,0.06262632535208257,0.10236233413711866,0.06064146875180415,0.04190173012996835,0.053866987442392295,0.11740460218514133,0.11179989357123193,0.019996810121400154,0.05618891157550481,0.060266059686105294,0.022901222912728655,0.043858403215920334,0.02840389634552638,0.027504269865620715,0.010673337756590316,0.20872635028747744,0.13072710424841222,0.25668347936274627,0.04078779991944996,0.036649896912632624,0.09543761332904574,0.049508764798018974,0.046794393761696036,0.011239942713006513,0.03187190381782426,0.11598418326398066,0.034695106210996585,0.027339415128827614,0.4140068328953792,0.36368055324122,0.08000910597483264,0.10902995955306398,0.22380058753779314,0.072099642549982,0.2258985049700433,0.032818997701746046,0.06097390686036244,0.05952281701584533,0.14335025920532107,0.09244417169740099,0.007615392198972024,0.14687038373156372,0.1040932907750545,0.06601684212396985,0.3334925090390668,0.1233723421551813,0.07101758254728814,0.04375041821232045,0.09279965872048816,0.02263917793753184,0.01986848339245085,0.06867273616548764,0.10279955933541127,0.027504269865620715,0.0898435307738926,0.09595609125389327,0.015701948111027837,0.04107797825956584,0.0824477990648991,0.16331513308486978,0.10249062815394472,0.0190519723518334,0.12410549086147098,0.05037667855411855,0.020807297962228015,0.06715056668121039,0.07241697745172099,0.19562540965975656,0.172012297833012,0.02696476681248785,0.10575797204979392,0.05469840484931965,0.008203217482846543,0.01976819149240272,0.024245729366474,0.06115579624633521,0.27554240885943343,0.08496200088294405,0.058797927090255935,0.09156471727650593,0.09805566740007637,0.30318879799301185,0.12347727137335505,0.02113556481743805,0.07720896244367571,0.01839084429740458,0.252546345387661,0.06588276610283748,0.0898435307738926,0.02613129831130594,0.18779475819152228,0.05422935740651338,0.04070700659105985,0.05098374705089239,0.05745628713186052,0.06421392437529953,0.21476115788320732,0.05882174479512728,0.017128430737049664,0.06092904102196162,0.13072710424841222,0.028303357240390212,0.05436874168032864,0.08553715656480743,0.013719858586891658,0.03231724629731043,0.05578830709588376,0.10904500645234083,0.012095021669586549,0.07565897206750936,0.08136133338035202,0.026585122090765596,0.1051118587615843,0.06114028361909431,0.027363439804964036,0.038486313482753644,0.01927693647622441,0.20874618180906124,0.04952331415873677,0.0764087364420143,0.03007671168660523,0.03788775710543377,0.06375824879173388,0.03540866522579982
rowId187,0.02081028375652667,0.22290272665912386,0.034695106210996585,0.046092288886077,0.1137250587043581,0.01520413806018166,0.031193985106960725,0.033358740680036456,0.02273898861418235,0.05623017099871448,0.062888714605575,0.2219849138281642,0.2606536427728311,0.11426457805788533,0.023969313841829896,0.1320554396711257,0.018291443294187214,0.055466322071612284,0.07131261226026689,0.05834458195742017,0.16102481895057755,0.06839934237827247,0.19078411262500236,0.05334765586927046,0.025031390642341268,0.07461071930135524,0.19186399792315867,0.03561139959328582,0.05722470980939253,0.10155999662551508,0.04462283994352437,0.013653968348247239,0.07117167890071133,0.26879822329353653,0.009256460734643968,0.031868410667312,0.012382517878824474,0.4999321195827659,0.07125929557042193,0.07400884668123524,0.027739673843593833,0.09855186215742719,0.12481380621321259,0.03123999571671486,0.04162392941264945,0.08425381116818527,0.10394473113420492,0.08482005250119078,0.11710710220545238,0.09361426491082366,0.04806025016521924,0.05805212147369039,0.02049398507016983,0.02239055797752867,0.03875353309490299,0.0987284859740227,0.05130884486760263,0.12562638679141755,0.0785721462772907,0.17327047237633048,0.01855574938879523,0.11837185643558287,0.02953407343919929,0.12705315503216075,0.03839141000492729,0.1500421363925138,0.062430280141366375,0.06650081836383148,0.057693300840760825,0.15962122246056037,0.1037583457617435,0.06750050498598165,0.12410549086147098,0.023550772814327676,0.034867962672411844,0.11928874304104242,0.02623006659696883,0.07206168782554961,0.034695106210996585,0.017072460048859595,0.11512592140157864,0.13914740977622023,0.20476934866778262,0.3197689405850322,0.03160906145105333,0.1427773981478607,0.14958268588671825,0.19078411262500236,0.043145974762119024,0.14365904546732117,0.07876470710772351,0.10290633734405875,0.06390620491701236,0.1295178019926262,0.03915384690431336,0.14988539535299075,0.03887950188492328,0.07621505512326755,0.07710780672072709,0.08196324862914352,0.08545342411244973,0.179143948589297,0.06136603642967155,0.0754669708164873,0.24775353246930432,0.034958360764687876,0.03216971260422346,0.034058891602593,0.09543251971003722,0.26307161862603196,0.03991607894800064,0.10250890973583873,0.03905296466375901,0.028506084278041223,0.043071005021486634,0.025355727280114457,0.062430280141366375,0.007194636632862728,0.15427323840338192,0.05248745394216506,0.15525086444828687,0.03588597300280466,0.02977049159155893,0.1369968788708034,0.179143948589297,0.1316345418035157,0.0721305894263954,0.1295383910867325,0.005005215016144767,0.20874618180906124,0.026336588642208864,0.027694535126016932,0.03753501969203252,0.2223604653132783,0.028067500025218257,0.00569868141837213,0.03418437605602435,0.02002957821666919,0.018958315266224966,0.001393729645481836,0.07101758254728814,0.3028211805111555,0.04070700659105985,0.03305393741437245,0.16102481895057755,0.02584657308877199,0.03467003182642679,0.12987758190099027,0.04795333646108831,0.017766762353292203,0.21463072383043022,0.04078779991944996,0.1297611414039591,0.04440583666255198,0.00723332362833648,0.08244247697781007,0.1003528810059929,0.13914740977622023,0.07886327830220485,0.07020954388857871,0.03589832647286954,0.036230841073632856,0.09222861443600389,0.04589467591825148,0.043763658440362514,0.04816170391689469,0.0270145524300177,0.13725806414437652,0.030086858276874,0.03927340148775338,0.046794393761696036,0.07137774300691742,0.02710899991417163,0.012409812198573015,0.08195793823383195,0.07206168782554961,0.16556059057061148,0.19248095965164957,0.11362113880128479,0.035898107525405044,0.04322238139507759,0.11529490747573133,0.013845486774718425,0.04909027753160908,0.2776265708225612,0.12138970524070905,0.0898435307738926,0.033106713589935485,0.04424430627846097,0.15955399352998592,0.03294574279750345,0.0842820761735914,0.03835395733374427,0.07137774300691742,0.03808331619262089,0.2091523714731809,0.27298330321199804,0.02664862240992076,0.18779475819152228,0.09763967183037908,0.2258985049700433,0.018291443294187214,0.029985474340503245,0.08914338531565498,0.13621507646855882,0.05696271235707727,0.03211573957942239,0.13844044529711408,0.03520400737034127,0.1295178019926262,0.11963798953386495,0.03772199700644724,0.028715490854207354,0.026876565589276938,0.05379965376413866,0.10737095420916197,0.22628529374863732,0.031876346560642095,0.06306523644878903,0.026426546782911408,0.019663016356227418,0.06750050498598165,0.34468304846797815,0.05722470980939253,0.016137772223863426,0.03548375469695007,0.12441356900095034,0.1479456936785445,0.04213882884517572,0.09880416150985406,0.11626584452197324,0.032818997701746046,0.032359818370631226,0.14141812516099347,0.012802176579163431,0.13005508638955907,0.1111333338491525,0.027146168235100094,0.07117167890071133,0.01669423581904388,0.019092016924790765,0.07667281301684715,0.261655810195167,0.18186820160151645,0.06069020644170173,0.02957582199534259,0.036846528821193866,0.1382327865214983,0.03518168490499371,0.07800111967087671
rowId188,0.21825403355153195,0.03875747499066945,0.1029843243690421,0.3061785138368613,0.0635494061796558,0.07460163473835035,0.06168446572573735,0.36400503546692115,0.11477596273895989,0.01647513823739269,0.062350729694423915,0.08338120696561022,0.14764441014550456,0.15669038074703903,0.19435376875942542,0.22507450032489837,0.022201433566264018,0.06860051948882322,0.13022584200540502,0.020982432959834096,0.14365904546732117,0.05696271235707727,0.0461850859364933,0.03589832647286954,0.36799292665354805,0.1767565322514853,0.019315778665033825,0.05834169532601587,0.17530093677818082,0.035261434698328355,0.09487925635320633,0.04178727469312611,0.016040533338174266,0.3428503142213519,0.026274800215107787,0.047856065533528384,0.17530093677818082,0.02660472372197752,0.03501514193951451,0.18894688715902186,0.03518168490499371,0.03948408970897994,0.0507553338290804,0.07864944924210476,0.03501514193951451,0.05393921197358413,0.13277468211871718,0.04631310994474407,0.14011744072666557,0.10738461346976483,0.03540866522579982,0.08684442825395526,0.05024722004133929,0.044667915145341616,0.09593659412577094,0.05783041423428113,0.1356380804867504,0.02049398507016983,0.04471466947688636,0.06415207462311867,0.1968180510868663,0.0632434822655344,0.0540927417505276,0.3260595187431702,0.10491625862270752,0.10729126503837018,0.04270954807646496,0.09970243584113091,0.05696289288454036,0.05486872498828684,0.15217526271752516,0.05354673072017464,0.12450729421284275,0.06757375974048797,0.05429242909402791,0.09543761332904574,0.1029843243690421,0.02794422929916819,0.07252304152301488,0.09073026914828385,0.015165196934626564,0.05608147292049057,0.23303426545035244,0.1309239724605942,0.04471466947688636,0.0845594630992321,0.11614626967264054,0.11124057942966953,0.018275824150812713,0.04070700659105985,0.02953407343919929,0.008660115293498229,0.0890191691639798,0.11445004906312639,0.03948408970897994,0.07206168782554961,0.1414196764074397,0.15919559162073024,0.039097178403433,0.06375824879173388,0.10039258696788503,0.1562688333715234,0.0536970880051042,0.12450729421284275,0.16190114586296384,0.049097617730240746,0.03845064532152613,0.27298330321199804,0.01839084429740458,0.03915384690431336,0.03167120150154307,0.16172161237277496,0.08148668066719446,0.010399175499135192,0.02481288025966938,0.023969313841829896,0.195916188529966,0.03216971260422346,0.05260097431677552,0.18593018660940214,0.06069020644170173,0.1321701883802027,0.06644184695473425,0.019892428173312823,0.06873054017857778,0.018958315266224966,0.08164072362909384,0.049744736908177364,0.030614514599098204,0.04078779991944996,0.06750234075417384,0.02814962589004989,0.06291784212017582,0.03319675917204851,0.1175324079111423,0.06168446572573735,0.05422935740651338,0.2106587338270038,0.05101712555052155,0.13829512470271474,0.18545904204552274,0.017947202939576485,0.14190502455906753,0.08914338531565498,0.14825661287507363,0.036601858906629224,0.11445004906312639,0.030996936519047814,0.03563154151704626,0.031756706272599924,0.1357009020748816,0.2200078992959789,0.052153667803229845,0.03007671168660523,0.06097390686036244,0.06264437487725902,0.1323933915099046,0.03215927506634591,0.012126675197217269,0.11325291449263311,0.01839084429740458,0.04881095883136564,0.05196947250218702,0.12252495912844875,0.055256227649755706,0.2121707794512331,0.15217526271752516,0.03737447382194406,0.04768002594368225,0.07805267957088467,0.020345966248878473,0.029826891600890564,0.047856065533528384,0.0890191691639798,0.034695106210996585,0.02664862240992076,0.017766762353292203,0.021922161283611755,0.12391169721127608,0.0874074118222219,0.034746682318480944,0.2553151597134402,0.0597815607672343,0.05024722004133929,0.12219537683003356,0.2152643211484814,0.06316832941713058,0.08042163712152642,0.00469153133525907,0.13072710424841222,0.012216891820285111,0.06675030899708037,0.027339415128827614,0.06082818198831625,0.06750234075417384,0.12972031364053122,0.172012297833012,0.005005215016144767,0.07797456036523379,0.08244247697781007,0.10806418965376709,0.07710780672072709,0.2223604653132783,0.09222861443600389,0.033365314010788134,0.14896969453060246,0.10325348019017183,0.1414196764074397,0.019315778665033825,0.12211068626932499,0.22628529374863732,0.2200078992959789,0.0618648465896002,0.1037583457617435,0.061844400965221764,0.03887950188492328,0.055422642859247175,0.05005063723535282,0.09429267373051416,0.11477596273895989,0.20428805750621565,0.16256286021822472,0.030439379557517934,0.27036948105207664,0.033358740680036456,0.07922861220116825,0.0054814593349430405,0.14812399391349337,0.06420564322210497,0.07230439312494019,0.023682065233235416,0.13625357738901228,0.06677823908643249,0.017264477451250176,0.029446283759633547,0.02399030813264455,0.04769708527913133,0.17638607500940456,0.09519306227719453,0.10250890973583873,0.07197347829236062,0.03530475507284041,0.015241665720065582,0.20540485068688014,0.14343504384091949,0.09820919447804341,0.08964431767445613,0.10820335962123553,0.03277899940354323,0.08586955293230615
rowId189,0.2548275354194706,0.11529490747573133,0.06757375974048797,0.21004634554321927,0.030614514599098204,0.18619259208399594,0.011447945396967713,0.04465075375308366,0.006885013636356038,0.05334765586927046,0.01869083213487588,0.08226846302831745,0.08244247697781007,0.0024663782729773404,0.07400648649450245,0.17966692845076357,0.0630038274757027,0.08244247697781007,0.09017447478088754,0.14463515329590595,0.22664699653928227,0.03868360349542509,0.1341652501913408,0.028669348790339493,0.012126675197217269,0.08230037117986294,0.22840368924551568,0.1500421363925138,0.11477596273895989,0.047113868993233096,0.10639914686488107,0.0017202596135649285,0.002121882473025589,0.12211068626932499,0.3037920355828678,0.05088840639974515,0.03084410864312551,0.09325059267029452,0.015335599796271132,0.08034193349068149,0.11594780990046437,0.07397354572993337,0.0026465754916795395,0.07364483211004082,0.05212729291658361,0.15530946107413995,0.15178022389544338,0.014860908062084252,0.10921701078819221,0.036649896912632624,0.04542468396420786,0.03080378095493439,0.00884621442655624,0.04458682553622899,0.10114236738919029,0.14141812516099347,0.03489913479097014,0.13957516578622461,0.17327047237633048,0.03530730558576696,0.024771235204193724,0.028669348790339493,0.13162212883887994,0.04097984159837939,0.03134987981722057,0.041880081706703216,0.03612476729242831,0.20874618180906124,0.06750234075417384,0.06707224149513806,0.12705315503216075,0.1647014841231385,0.05429242909402791,0.030996936519047814,0.05686233393948718,0.06693039258088294,0.18186820160151645,0.04162392941264945,0.06926103601658354,0.06382012832209755,0.16842985562662227,0.5241880850131344,0.0541445986603901,0.03395120652051321,0.07767748564375446,0.02263917793753184,0.034695106210996585,0.021118410496397552,0.02049398507016983,0.19039423461709837,0.13022584200540502,0.11625767060285853,0.028255731759402766,0.055938634554263025,0.05429242909402791,0.2553151597134402,0.21095702757387483,0.09812427323413456,0.023828379467334102,0.18694592172753058,0.02243896273490084,0.026274800215107787,0.08614679481226657,0.10440381610333906,0.09074726331961366,0.2258985049700433,0.06675030899708037,0.07197347829236062,0.06503226309649579,0.07230439312494019,0.0721305894263954,0.030328569389991258,0.044860885474410195,0.008281152186413676,0.06787691772128103,0.13683359295655975,0.08214468497383062,0.04744942273940095,0.05291159731953287,0.08586955293230615,0.07037493381792351,0.10552438389889687,0.0441892550832111,0.03794816822754598,0.023705378825243036,0.06420564322210497,0.051082808073531286,0.09684750332021232,0.04516920421558451,0.020386609431187586,0.23725070138533247,0.06196559736719907,0.09857740111087837,0.04917298652148906,0.032264556125907624,0.10575797204979392,0.034746682318480944,0.06556312471448641,0.010987912659858455,0.11412182255391809,0.03766539871962317,0.05422935740651338,0.014635708471241923,0.06092904102196162,0.07621505512326755,0.03520873620064968,0.140959726596463,0.1563213946479865,0.08949112162957971,0.18338484295646426,0.21476115788320732,0.02419396447389655,0.11276069009873572,0.08010368087486869,0.08507553736647443,0.17061893930874097,0.060446261739116706,0.02696601461760173,0.1562688333715234,0.09427147148233736,0.1412294811690744,0.012944281733999176,0.021241772437108286,0.06896073906595404,0.05101712555052155,0.11909544926042755,0.03523405384106503,0.08826146903160012,0.03240034146396136,0.26307161862603196,0.031275357344309446,0.019127231002087627,0.1631943737956888,0.04509791694775669,0.09760076578435951,0.191928510251779,0.03753501969203252,0.03052038560590705,0.1037583457617435,0.037452485883362904,0.017106025771398956,0.11529490747573133,0.06715056668121039,0.03782898930479036,0.07103377565029463,0.13079995882111786,0.00569868141837213,0.026146505080541723,0.05834169532601587,0.03589832647286954,0.053126077928174774,0.10360607847073296,0.0035574907143634156,0.11133391901952686,0.2483154695117704,0.10708985912028696,0.1321701883802027,0.008422735088664578,0.0627691656825544,0.02642587952391636,0.11907757489265196,0.08847280145958716,0.12558596605576303,0.03121060153353462,0.2746187737836757,0.08966850965032691,0.1051118587615843,0.021157916276166023,0.03211573957942239,0.1868962350416429,0.021654483572879402,0.013902640332945745,0.16592845940929335,0.18583451268168535,0.3197689405850322,0.34567410193402004,0.04187852298493348,0.1330630091351828,0.11402459448067369,0.1003528810059929,0.04458682553622899,0.05745113261848428,0.057350477925272175,0.14971586933495437,0.11201857577179962,0.07734764030560726,0.10125690672229279,0.02466226316757737,0.0857171521604164,0.07417031644006374,0.11740460218514133,0.011030822511195562,0.001160583601150869,0.07230439312494019,0.3727138994028762,0.03737447382194406,0.026059042153095482,0.0710315829658983,0.08004269499961067,0.033220339547255416,0.14129435327272127,0.06620182671010647,0.027146168235100094,0.04213882884517572,0.2642019076465018,0.0878045545547013,0.028923152962393183,0.07586344697981773,0.0898435307738926,0.2003959170726871
rowId190,0.062350729694423915,0.041846755170547624,0.07851951477554499,0.02351782199413517,0.0555072862063709,0.04071275281232493,0.11575658288256026,0.005679349701945355,0.3556424361647484,0.11477596273895989,0.19078411262500236,0.09074726331961366,0.020242087393360333,0.1279124781470182,0.191928510251779,0.10939680651715215,0.33732251758153786,0.029985474340503245,0.13323971897869835,0.04346462473617179,0.07734764030560726,0.05886391966927162,0.18426750232774555,0.2159207442663503,0.06203184337028378,0.26279658803543204,0.038486313482753644,0.23158276126519725,0.017672990361177764,0.07886327830220485,0.1330630091351828,0.017264477451250176,0.028547592901568733,0.04727763522576811,0.07241697745172099,0.2417907223928248,0.02281560115399537,0.063784276915804,0.02447860325380291,0.015352563380492361,0.020386609431187586,0.19277381183983736,0.06267275232069118,0.001160583601150869,0.034370664243488024,0.10249062815394472,0.10048285662540822,0.045376733613794906,0.06159513328574669,0.0878045545547013,0.0555072862063709,0.1612891967285631,0.08135120198795744,0.09025769470979908,0.09073026914828385,0.17638672838815636,0.06515893991520305,0.1562688333715234,0.031275357344309446,0.061302009339381985,0.02419396447389655,0.050749717000185206,0.04070808234821544,0.0656170881376967,0.08425381116818527,0.0031098328052653304,0.03666282831631107,0.013484203769131214,0.044860885474410195,0.1788227873389219,0.10565873408288223,0.06420564322210497,0.058260940532916396,0.054763426404342466,0.060137038670072376,0.05109981097667743,0.12321405941938406,0.5241880850131344,0.01973453494446283,0.12562638679141755,0.0490597499275445,0.0664158250271298,0.08800441714809738,0.044521419544169445,0.057363782537312245,0.13886235682904702,0.14481002004165813,0.06468796458830008,0.04185138268959872,0.036405905071761224,0.11614626967264054,0.09812427323413456,0.01973453494446283,0.12941427028674948,0.11772017342388433,0.20579014505034474,0.01238592740711079,0.013725977296703391,0.05390023838106589,0.02584657308877199,0.11598418326398066,0.2386319475261509,0.06791251188713673,0.03590586360127347,0.08566758211999098,0.012126675197217269,0.06103237777299579,0.02012066757282389,0.21475093122862896,0.10786140375021272,0.04485720077955179,0.09622246946358516,0.0754669708164873,0.09156471727650593,0.08472293367978442,0.11276069009873572,0.08326537255041222,0.16181108040061645,0.018364172732089117,0.03544609355570803,0.04631310994474407,0.0052680624270637945,0.06071106900104466,0.06250849925275137,0.14112762206315058,0.18444224677760085,0.14971586933495437,0.10394473113420492,0.08482005250119078,0.06035921583087826,0.26785683595267257,0.05991102424496552,0.03215927506634591,0.13671306362195296,0.026263694827171676,0.273296513704592,0.3469715121223475,0.038486313482753644,0.04521676151860069,0.3229171991097377,0.039295265544470714,0.1404080633955328,0.06168603994923707,0.01895455216864403,0.0010202824078819834,0.14718307939982944,0.09500916353817297,0.09893626269075131,0.0540927417505276,0.062045093156662276,0.45549265311912734,0.11402291709174132,0.035260075015522224,0.037558283967565914,0.09116752982577415,0.10060492240923555,0.09199831259661723,0.0594686421835955,0.10334672978344611,0.584049185076163,0.22080184262869307,0.07658065332977336,0.10398192488485646,0.35546825740553917,0.04700080692243039,0.07074577782997114,0.03786621570464605,0.04176343650280099,0.05371547389741796,0.0013854556807550518,0.012087732820448055,0.093388886946188,0.0313772043267731,0.09820919447804341,0.015067319578338617,0.05058439109993849,0.0527981832657547,0.07792447873124378,0.0415504732210638,0.3194174998259263,0.057983344683024504,0.08712547088757225,0.03530475507284041,0.060795326079078026,0.14454419744297103,0.39546404121520046,0.017072460048859595,0.06097390686036244,0.07379161689293162,0.01473791567634694,0.035363195774129205,0.08969943217494578,0.0394077465670282,0.1246497705187889,0.06306523644878903,0.03772199700644724,0.057715175115986395,0.07580490169761156,0.02264041966360618,0.025333958859089768,0.07762287103978621,0.0181559662694938,0.020991286417138856,0.34567410193402004,0.2548275354194706,0.08226846302831745,0.14812399391349337,0.06650081836383148,0.054214800583152645,0.057350477925272175,0.15388354988563785,0.1040932907750545,0.0874074118222219,0.04589467591825148,0.05623017099871448,0.11218261353333293,0.14454419744297103,0.06631257114977637,0.1134198647261424,0.06791251188713673,0.03994451649516368,0.0630038274757027,0.02794422929916819,0.08579832894478713,0.18894688715902186,0.048464710066720464,0.04462283994352437,0.025817662585343973,0.036187468336751134,0.05686233393948718,0.10667485251271967,0.10236233413711866,0.10639914686488107,0.03871069082009698,0.04346462473617179,0.0607849939934305,0.02352782975286913,0.2507306932863154,0.10668520722708796,0.20247490841399748,0.034911584713727004,0.2642019076465018,0.01855574938879523,0.032210831267687964,0.049024242005896064,0.06457918226837461,0.018979402176076767,0.05745628713186052,0.11138415490383903,0.10394473113420492
rowId191,0.19690434088246628,0.13881479140370268,0.012587335184230724,0.022201433566264018,0.01277488990260344,0.029383760512826113,0.30124595258678216,0.0314607697635493,0.005588867695018397,0.04509791694775669,0.03588597300280466,0.030396685805813638,0.03612476729242831,0.14638398611707923,0.05095963412617053,0.10187193224047701,0.0540927417505276,0.04463339559281491,0.03493008876530704,0.2003959170726871,0.0607849939934305,0.16241222083888848,0.07298990170758035,0.3028211805111555,0.012134930745230818,0.1279124781470182,0.2746187737836757,0.03084410864312551,0.0643135158345426,0.07261732845551341,0.01678977509604229,0.033506658653691006,0.05722470980939253,0.03927340148775338,0.09970243584113091,0.0024663782729773404,0.007024772460824246,0.04491749837502824,0.19039423461709837,0.10290633734405875,0.025174039322353518,0.27298330321199804,0.017430691886933358,0.13091803247248263,0.04162392941264945,0.07755929807815137,0.1789225102535176,0.21475093122862896,0.3391137012024435,0.08380283722038466,0.030996936519047814,0.11201857577179962,0.043763658440362514,0.023846452282117396,0.13554704684960045,0.020982432959834096,0.037558283967565914,0.07058851242365444,0.04837986921081425,0.08685234331831665,0.027663159557689426,0.06924378137890005,0.034192443862057706,0.05086519017247306,0.05147005307257128,0.016137772223863426,0.016063735838563173,0.07373625391171952,0.042797119164057644,0.06435750665381641,0.18003070762950393,0.019845656749530753,0.03319675917204851,0.053866987442392295,0.15758099506012443,0.0485374725560171,0.021423618077814347,0.04754028045988503,0.1042569366773471,0.01473791567634694,0.0649477681015009,0.15086271529609083,0.02623006659696883,0.037378649224921054,0.0657465267103825,0.04821058808631389,0.11477596273895989,0.11530079725414541,0.06679846799465182,0.0824477990648991,0.07988827723680285,0.018806418396416683,0.05109981097667743,0.043071005021486634,0.03681279137599688,0.16190114586296384,0.1445201601817003,0.020621798518323027,0.11412182255391809,0.10155896546150484,0.16822232470883255,0.049097617730240746,0.043145974762119024,0.45549265311912734,0.15955399352998592,0.08579832894478713,0.0394077465670282,0.13106381999870861,0.024771235204193724,0.04754028045988503,0.025014108046232233,0.26913692879840234,0.015352563380492361,0.026483930919803868,0.04647464526117058,0.0772783426344131,0.01988249542172972,0.05686995490855384,0.11293500613327476,0.09236449954720602,0.04070808234821544,0.012302249161072084,0.0629887879839539,0.1334709007063108,0.05608147292049057,0.030614514599098204,0.07785515459993708,0.03357781202869811,0.021241772437108286,0.02239055797752867,0.2364121131322201,0.04204329395914663,0.028599325313790534,0.05460540520056117,0.1321701883802027,0.03681645588138558,0.03965121145683844,0.22080184262869307,0.002450277267931671,0.3093554490731001,0.007194636632862728,0.020321361358463564,0.03948408970897994,0.05609276012837682,0.10155999662551508,0.13725806414437652,0.13881479140370268,0.03825583218523496,0.21095702757387483,0.11118440660788745,0.1612891967285631,0.1381458096349222,0.03231724629731043,0.06631257114977637,0.09279965872048816,0.05130884486760263,0.05787162479345371,0.06136603642967155,0.03578457377357328,0.09622246946358516,0.07114096024572565,0.03839141000492729,0.00884621442655624,0.25668347936274627,0.020621798518323027,0.14141812516099347,0.02481288025966938,0.04102533692048867,0.15758099506012443,0.05291159731953287,0.08553715656480743,0.035205111859481865,0.13074656879043367,0.24009752942176518,0.013081264351617305,0.09543761332904574,0.09073026914828385,0.0013854556807550518,0.03419462071077893,0.08966850965032691,0.0618648465896002,0.10552438389889687,0.08406858724476178,0.13829512470271474,0.03735839786408729,0.16646448339576006,0.13315991708683086,0.017450624484275826,0.11118440660788745,0.03835395733374427,0.08969943217494578,0.04521676151860069,0.012587335184230724,0.14343504384091949,0.19690434088246628,0.18593018660940214,0.12138970524070905,0.021328364187053844,0.02352782975286913,0.1295383910867325,0.037558283967565914,0.036230841073632856,0.07762287103978621,0.033309323892934846,0.02089366322938851,0.13554704684960045,0.09897951380933881,0.03544609355570803,0.1295082634805193,0.10729126503837018,0.1957036499749003,0.03387939669877388,0.021118410496397552,0.028799829447790155,0.21384661491077844,0.07929262048894575,0.03875747499066945,0.22105905987919588,0.11777693041468404,0.11138415490383903,0.014399625229580902,0.24967309262222043,0.11443541100529811,0.15627345005088242,0.0899400568571098,0.08154620190035185,0.04821058808631389,0.05024722004133929,0.1412294811690744,0.1825014914548815,0.025355727280114457,0.04734445323783841,0.1175324079111423,0.07467052724840187,0.5193187597312484,0.03502074766405762,0.07020954388857871,0.01660390198358485,0.034695106210996585,0.030996936519047814,0.06031646013147246,0.09595609125389327,0.18249217498805528,0.03288713675441889,0.10670357252879333,0.00469153133525907,0.05098374705089239,0.1788227873389219,0.03429226884051455,0.20959641478555013
rowId192,0.0474565992792932,0.0013854556807550518,0.23725070138533247,0.14858535047801408,0.029446283759633547,0.18894688715902186,0.03961435402692669,0.020064425577496253,0.11684276578331389,0.1412294811690744,0.018979402176076767,0.03277899940354323,0.1789225102535176,0.10603764313892584,0.010673337756590316,0.04463134321514318,0.017686954574394967,0.14716545133457043,0.05130884486760263,0.07400648649450245,0.07886327830220485,0.24775353246930432,0.10729126503837018,0.15627345005088242,0.06115579624633521,0.02623006659696883,0.35371062299421097,0.14003920305160011,0.017686954574394967,0.10426991559030556,0.06451092060994358,0.046092288886077,0.021922161283611755,0.08847280145958716,0.1798948556160159,0.14146683755353875,0.035363195774129205,0.02957582199534259,0.06844674841574178,0.2714605466469469,0.046881382097812806,0.261655810195167,0.0268184986299694,0.08008595999373899,0.10656782405670617,0.06031646013147246,0.12361762312368559,0.2078788065117053,0.04440583666255198,0.06677823908643249,0.19512175973379914,0.007131961602682052,0.02857897095131983,0.03924490953398031,0.05086519017247306,0.25635908080830144,0.03666282831631107,0.07230439312494019,0.1063164309380385,0.04471466947688636,0.024338964763538914,0.14858535047801408,0.15784646325867696,0.08152949166667502,0.03449769517907935,0.01970153680309463,0.04213882884517572,0.07031572056692838,0.013081264351617305,0.15249242112043093,0.028255731759402766,0.08837334186260187,0.049621278745842524,0.028799829447790155,0.03467003182642679,0.17005480488327893,0.18694592172753058,0.045581527511999786,0.06319030421927102,0.10879308328872195,0.03386979239732146,0.13990357565144373,0.1125644642390023,0.11575658288256026,0.1090167930446169,0.0014311573718241751,0.07441619064437292,0.07627885643610594,0.06631257114977637,0.030182422378276723,0.1111333338491525,0.029507745076402716,0.04595539194754334,0.045795797598099486,0.05449139133272031,0.08244247697781007,0.03520873620064968,0.0014042345243768168,0.014415037939537852,0.10337740311861805,0.03163575376733747,0.06321851305053366,0.023908994145860896,0.10485570365903252,0.030328569389991258,0.06644712560729071,0.03905296466375901,0.08044347490146428,0.03563154151704626,0.1490411053187102,0.06844674841574178,0.029383760512826113,0.06291784212017582,0.12860464508678013,0.03633334323186749,0.07963498296649549,0.13571850953256293,0.04982025888411105,0.21463072383043022,0.06136603642967155,0.10131679962040124,0.0845594630992321,0.24207692773610648,0.04610325480715077,0.046092288886077,0.3229171991097377,0.020247981163211536,0.035261434698328355,0.0363676403973819,0.038627933456537346,0.044860885474410195,0.008293484545749671,0.03489886399072764,0.03825583218523496,0.08566758211999098,0.11530079725414541,0.08892913104888106,0.053628078709692925,0.05722470980939253,0.06486139555434021,0.1834345178956457,0.02239055797752867,0.013484203769131214,0.16102481895057755,0.09855186215742719,0.02113556481743805,0.17849674179298197,0.16678773669465566,0.04608240081918501,0.08698319649927172,0.09669392721349093,0.024365487239746613,0.014981903813317581,0.10279955933541127,0.2153453683839955,0.13962037808819094,0.19078411262500236,0.06130051184028606,0.017686954574394967,0.11118440660788745,0.0752064061748442,0.09760076578435951,0.05686995490855384,0.07074922075822708,0.140959726596463,0.16316697912643482,0.08938879861991139,0.27036948105207664,0.07373625391171952,0.0904686580562412,0.013653968348247239,0.14933438258730217,0.03240034146396136,0.13277468211871718,0.05861421065705314,0.052384989966095176,0.1295383910867325,0.18611516817269508,0.12319189475464339,0.12211068626932499,0.02284163337380396,0.023682065233235416,0.06605031758532445,0.0848548636801642,0.1356380804867504,0.16822232470883255,0.15607134131012784,0.16841652266777207,0.062888714605575,0.027910207489554757,0.023580556072726674,0.018374990323745136,0.019127231002087627,0.04864227679937645,0.0395962715405713,0.06601684212396985,0.08048125822188523,0.14668917981254953,0.03957776695492004,0.09763967183037908,0.027381273594172674,0.10290633734405875,0.0838457233068345,0.07865097944924848,0.07554793194649385,0.04615051968663605,0.052405226629760854,0.07851951477554499,0.00588991757559099,0.02520256731126624,0.08008595999373899,0.36400503546692115,0.0649477681015009,0.2480913783478117,0.14481002004165813,0.0695040546611142,0.03727036506772215,0.13683359295655975,0.032264556125907624,0.028010747977871408,0.39546404121520046,0.14529841026851467,0.10364937774625661,0.04734445323783841,0.12131608126838168,0.026274800215107787,0.21386519591590655,0.3180651754385313,0.025720319365882233,0.1550911996168274,0.07876470710772351,0.09599121761833428,0.11138415490383903,0.09899324295735384,0.020498449919657748,0.26913692879840234,0.3175120038808173,0.0429850759827676,0.02957582199534259,0.027768061154365427,0.04267621179097056,0.05360222657306117,0.24094477657595723,0.04917298652148906,0.03123999571671486,0.16552069044415763,0.06114028361909431,0.03235926346470298,0.05180395422007624,0.03548375469695007
rowId193,0.10491625862270752,0.05834169532601587,0.013725977296703391,0.04210500574751806,0.06867273616548764,0.02317179731502134,0.3468516279701624,0.07584865320171244,0.060636570386870495,0.15673013638471428,0.01387351467132388,0.06313882087780895,0.0721305894263954,0.06297106234016792,0.047691580699675384,0.03523405384106503,0.03849441112147166,0.10290633734405875,0.03717821775032464,0.045922997763917076,0.05095963412617053,0.2469646889848434,0.15530946107413995,0.0394077465670282,0.07070226275940979,0.038971085005950805,0.23672554762405443,0.2658849877817125,0.07215257276062831,0.017106025771398956,0.10534266627030402,0.13079995882111786,0.031798389482455613,0.03366647778344107,0.02352782975286913,0.20736683539202264,0.01986848339245085,0.18435777333481965,0.016137772223863426,0.02580952453634657,0.05940037972146779,0.21475093122862896,0.22105905987919588,0.26913692879840234,0.2153453683839955,0.02239055797752867,0.10670357252879333,0.03899315372958534,0.057350477925272175,0.07886327830220485,0.06598354674678703,0.065728013099982,0.06250849925275137,0.020982432959834096,0.1789225102535176,0.08969943217494578,0.055084569082919255,0.0771158955617825,0.0752064061748442,0.028906179387724443,0.02381888579015437,0.021157916276166023,0.12228666395372358,0.02137279835562717,0.09018835436075119,0.06250205948427942,0.027980646120439018,0.025160760491888617,0.06598354674678703,0.01316133287268846,0.04916600786159446,0.03798354132414837,0.10409300769221103,0.11103531492787581,0.39546404121520046,0.02113556481743805,0.009873194535136116,0.05104574543442532,0.15525086444828687,0.04669969026339511,0.15835562061705558,0.051082808073531286,0.09884639407295902,0.07730301579951251,0.03518168490499371,0.08969943217494578,0.11174286545708143,0.014716686096325607,0.13554704684960045,0.06306523644878903,0.05240819850123343,0.03514363435872044,0.0265530593515837,0.01987491124064308,0.01987491124064308,0.03045556880439479,0.12450729421284275,0.0898435307738926,0.02840022742037241,0.06207113531016131,0.020122083008015757,0.028067500025218257,0.04130264847584571,0.07228921937305575,0.02660472372197752,0.05104574543442532,0.01520413806018166,0.05037667855411855,0.027407112804122807,0.04465075375308366,0.04440583666255198,0.07710103079442301,0.09699257399247305,0.024871013115369402,0.022198968675706938,0.052405226629760854,0.04251764915435123,0.0009565827979865296,0.05109981097667743,0.026709505515855436,0.15544147439358993,0.063784276915804,0.009681513657680633,0.051853501696350786,0.062045093156662276,0.1789225102535176,0.13949900142465416,0.06250849925275137,0.25881898426779637,0.022901222912728655,0.06103237777299579,0.10737095420916197,0.0576500574178649,0.007024772460824246,0.020242087393360333,0.3180651754385313,0.06308101847755063,0.04162392941264945,0.049097617730240746,0.02635623173074948,0.053866987442392295,0.11138415490383903,0.04734445323783841,0.029446283759633547,0.03419462071077893,0.06168603994923707,0.03822996370629155,0.19690434088246628,0.051366119186550645,0.11909544926042755,0.05090188545054481,0.31529600635664984,0.18583451268168535,0.10724947234195165,0.08263987967781321,0.04455737455271466,0.044667915145341616,0.10164575434174027,0.21134613596198915,0.0190519723518334,0.004799042885886919,0.14335025920532107,0.03187190381782426,0.21215248245116475,0.037378649224921054,0.034695106210996585,0.0429850759827676,0.17966692845076357,0.07785515459993708,0.1580817611002511,0.027980646120439018,0.042261196458572674,0.02977049159155893,0.03468003074247901,0.08429347150409369,0.042946920005675966,0.052405226629760854,0.20939838941095246,0.10076413849603529,0.18353317167795255,0.11245629191416737,0.03468003074247901,0.052405226629760854,0.07851951477554499,0.11625513295709856,0.03908833083751431,0.08196324862914352,0.030614514599098204,0.07929654641953629,0.03929745058332522,0.02664862240992076,0.12481848783605332,0.1134198647261424,0.04734445323783841,0.04187852298493348,0.10939680651715215,0.43441487236169335,0.014375380660155637,0.09045302062979264,0.02774020260628076,0.045509685059433785,0.01869083213487588,0.0201585408420951,0.09975901395039075,0.14190502455906753,0.06267275232069118,0.06021094519756196,0.02385857807363168,0.07309631450339381,0.16190114586296384,0.030614514599098204,0.09330931421783428,0.19373147860601644,0.10056264620920957,0.03321758702491373,0.18191540179836385,0.15227726780942955,0.16316697912643482,0.26881345614637076,0.06069020644170173,0.008149511298223012,0.056111954907429595,0.24094477657595723,0.05130884486760263,0.09593659412577094,0.03493008876530704,0.2483154695117704,0.03854625184302271,0.22929229968146284,0.07929654641953629,0.27417998480996597,0.2632336066482097,0.07621505512326755,0.1159413949746028,0.06644712560729071,0.07856483488912339,0.03288713675441889,0.027531620896947936,0.059802553182996904,0.00469153133525907,0.04253325415890776,0.052083190847696914,0.024871013115369402,0.04916600786159446,0.07215257276062831,0.07460163473835035,0.14573659520976878,0.04276085660505043,0.029985474340503245,0.0848548636801642
rowId194,0.09487925635320633,0.13554704684960045,0.03113679629243459,0.13478958388347761,0.1779344105324831,0.0793443096543359,0.14112762206315058,0.23861576314397512,0.07800111967087671,0.3162993595987294,0.07090457711116659,0.04795333646108831,0.5193187597312484,0.43869097846121036,0.029237766048682105,0.013484203769131214,0.035260075015522224,0.018291443294187214,0.021151515504727717,0.14971586933495437,0.18694592172753058,0.09805566740007637,0.0471885983259131,0.055256227649755706,0.18186820160151645,0.06819333741960472,0.06316832941713058,0.030153517681651424,0.1246497705187889,0.026274800215107787,0.005005215016144767,0.07397354572993337,0.06103237777299579,0.035205111859481865,0.025024671166916177,0.19054168358611942,0.05393921197358413,0.029706759699468954,0.13949900142465416,0.06867273616548764,0.005588867695018397,0.12441356900095034,0.12558596605576303,0.02452123900545794,0.03808331619262089,0.04962240834602832,0.05472964640721986,0.07364483211004082,0.02977049159155893,0.033220339547255416,0.04401643776890336,0.07864944924210476,0.12562638679141755,0.040202306975338144,0.25881898426779637,0.06381984694513282,0.06675030899708037,0.03387939669877388,0.0485374725560171,0.010394252366224313,0.2658849877817125,0.01839084429740458,0.12441356900095034,0.34468304846797815,0.14716545133457043,0.08924529259492195,0.05081679252632302,0.13357245140683496,0.024871013115369402,0.1125644642390023,0.021151515504727717,0.06598354674678703,0.05005063723535282,0.06715056668121039,0.063784276915804,0.07103377565029463,0.03839846356265713,0.026274800215107787,0.04305512182419307,0.03351405703448733,0.061844400965221764,0.1823869310687453,0.03215927506634591,0.05379965376413866,0.08034193349068149,0.04372229617401926,0.04573619491427452,0.1879263109057972,0.1295383910867325,0.3229171991097377,0.1637682749328249,0.0987284859740227,0.1295178019926262,0.04744942273940095,0.18186820160151645,0.07206168782554961,0.030614514599098204,0.0014195172520296124,0.062430280141366375,0.06486139555434021,0.08060394579563751,0.023550772814327676,0.06838469631026628,0.035260075015522224,0.03924510396556578,0.19822721863685178,0.14638398611707923,0.006801340860506317,0.02399030813264455,0.07031572056692838,0.005617077720564275,0.17005480488327893,0.06460373209232116,0.13990357565144373,0.012161449214596332,0.016980287233531125,0.13310438824799042,0.04509791694775669,0.039876557026929625,0.10426991559030556,0.26913692879840234,0.017128430737049664,0.028154251193438836,0.1295383910867325,0.06377588926060201,0.011239942713006513,0.015067319578338617,0.02002952840479787,0.11288499704623164,0.10398192488485646,0.02054140468873364,0.019892428173312823,0.031559092364981736,0.03216971260422346,0.05196947250218702,0.17419125449951103,0.0984254873172523,0.2553151597134402,0.014661684040514657,0.04521676151860069,0.2091523714731809,0.0268184986299694,0.2394309350208083,0.03849441112147166,0.04463134321514318,0.14112762206315058,0.1380096912362205,0.037452485883362904,0.07389922166867542,0.17005480488327893,0.07125929557042193,0.14573659520976878,0.02378384434336071,0.11426457805788533,0.03523405384106503,0.1789631763486703,0.0536970880051042,0.01976819149240272,0.05360222657306117,0.19054168358611942,0.02002952840479787,0.032818997701746046,0.09222861443600389,0.04982025888411105,0.07426990010622855,0.0689993063277523,0.0362394855462694,0.06201881903401059,0.33091766808774714,0.10398192488485646,0.0667889379457594,0.0938511877510938,0.04962240834602832,0.020064425577496253,0.025197618312624327,0.10290633734405875,0.03004152838787338,0.08914338531565498,0.09279965872048816,0.036763862238349515,0.04816170391689469,0.11862327645103342,0.033106713589935485,0.06031646013147246,0.09959952523575737,0.09622246946358516,0.07565897206750936,0.034370664243488024,0.07114096024572565,0.020386609431187586,0.014878934411381101,0.06629030525291289,0.015352563380492361,0.04864227679937645,0.09805566740007637,0.15778891138703702,0.022964712006800666,0.0300759063062323,0.00588991757559099,0.08635270049928916,0.07805267957088467,0.011353764515775563,0.0471885983259131,0.06922884638999138,0.0181559662694938,0.16841652266777207,0.062430280141366375,0.18666027209475722,0.01513130881026172,0.1562688333715234,0.06601684212396985,0.05449139133272031,0.035617739209091205,0.16552069044415763,0.195916188529966,0.1076361019752512,0.027504269865620715,0.027839708058538748,0.05694070031043384,0.21476115788320732,0.14825661287507363,0.05533035481700348,0.02284163337380396,0.03086444059220104,0.30124595258678216,0.020621798518323027,0.1295841708513099,0.11181024998578303,0.08569440272150812,0.09595609125389327,0.04078779991944996,0.18666027209475722,0.14933438258730217,0.08966850965032691,0.04280986253284726,0.04222978811763968,0.02284163337380396,0.10902995955306398,0.04036084414354057,0.13396855290030701,0.03366647778344107,0.1178912662492186,0.07720896244367571,0.015529893083447616,0.03983635869480125,0.35371062299421097,0.04372229617401926,0.3260595187431702,0.0627691656825544,0.04485720077955179
rowId195,0.09950116357986438,0.032818997701746046,0.04585573014994079,0.0031098328052653304,0.09116752982577415,0.08712547088757225,0.11909544926042755,0.1414196764074397,0.03589832647286954,0.0755963524074938,0.09487925635320633,0.03885148803211316,0.07913518569135433,0.08472293367978442,0.07397354572993337,0.06070335427422454,0.05379965376413866,0.03418437605602435,0.0025689959322691643,0.05098374705089239,0.03080378095493439,0.017923659099580245,0.044860885474410195,0.06291784212017582,0.06303752745103712,0.05104574543442532,0.012409812198573015,0.11276069009873572,0.03520873620064968,0.19009898732459152,0.020982432959834096,0.11625767060285853,0.06245472633172106,0.059236462286335244,0.05058439109993849,0.053866987442392295,0.1625737309454052,0.15673013638471428,0.056111954907429595,0.10605325488426509,0.004152926940190109,0.06601684212396985,0.03514465642276618,0.3229171991097377,0.0848548636801642,0.047162230417682645,0.0025689959322691643,0.11179989357123193,0.12807209650745013,0.08482614416438125,0.060795326079078026,0.07658065332977336,0.05180395422007624,0.0014734937643591185,0.018958315266224966,0.05220606181220708,0.025271682694782034,0.0277221587397961,0.04647464526117058,0.023686072056975687,0.034210362222606545,0.07074922075822708,0.08984605018464675,0.034746682318480944,0.045360789929056525,0.04261959859366956,0.34567410193402004,0.24172811512025913,0.10708985912028696,0.14958268588671825,0.06715056668121039,0.06070335427422454,0.07627885643610594,0.05745628713186052,0.05034077198458959,0.10849236044690688,0.15778891138703702,0.12941427028674948,0.06297106234016792,0.03349720982818285,0.08010368087486869,0.025031390642341268,0.02574444028713122,0.11174286545708143,0.05212729291658361,0.08152949166667502,0.02814962589004989,0.11385499890938716,0.11907757489265196,0.0899400568571098,0.09599121761833428,0.05880646563927412,0.045581527511999786,0.11909544926042755,0.07659175563472435,0.019892428173312823,0.12886494823050226,0.0337456475259338,0.18283152742229947,0.017800098837098807,0.10552438389889687,0.23095548830597412,0.14147342497775015,0.10249062815394472,0.023705378825243036,0.05848213623398934,0.061019999055244085,0.14343504384091949,0.10155896546150484,0.03334952467146852,0.08600653786498069,0.179143948589297,0.12361762312368559,0.033290774643300255,0.10249062815394472,0.30318879799301185,0.06222357521808899,0.19078411262500236,0.05834458195742017,0.0314607697635493,0.0629887879839539,0.10398192488485646,0.0542228987442999,0.05834169532601587,0.08325662503095924,0.06631257114977637,0.013081264351617305,0.1631943737956888,0.039097178403433,0.03409757716207294,0.00866723760616279,0.14668917981254953,0.15346551334662537,0.2073555137067861,0.032818997701746046,0.1417595897119603,0.21475093122862896,0.07278167971079125,0.02049398507016983,0.03386979239732146,0.11730261187148877,0.05995406151271267,0.008281152186413676,0.06451092060994358,0.005679349701945355,0.11338932753021252,0.05787162479345371,0.09880416150985406,0.031756706272599924,0.09199831259661723,0.06103237777299579,0.08924529259492195,0.04990213832453254,0.1310381700263656,0.08010368087486869,0.048619139107471364,0.2394309350208083,0.09222861443600389,0.05692538241875496,0.04222978811763968,0.017947202939576485,0.054822115843996516,0.05339413863343843,0.1789225102535176,0.19009898732459152,0.018364172732089117,0.023849798036602254,0.09225130635784731,0.07228921937305575,0.10786140375021272,0.03489886399072764,0.06097390686036244,0.05390023838106589,0.1063164309380385,0.032264556125907624,0.03748970445464128,0.04589467591825148,0.03612476729242831,0.03530730558576696,0.06841565862114168,0.0649477681015009,0.12526723464431033,0.022197490518024013,0.19435376875942542,0.04589467591825148,0.10394473113420492,0.005617077720564275,0.04370905553095802,0.06201881903401059,0.02957582199534259,0.013902640332945745,0.08970485982576791,0.17530093677818082,0.04261959859366956,0.016686140188555895,0.1003528810059929,0.14399552386602338,0.05088840639974515,0.023705378825243036,0.03386979239732146,0.07805267957088467,0.04094085519318643,0.015258459652880734,0.06302210618487246,0.10444233613991619,0.10307852310271426,0.0035574907143634156,0.09244417169740099,0.04270954807646496,0.09304335223163059,0.0571866857956583,0.1968180510868663,0.13289247623394812,0.04817075298797411,0.014470794131012073,0.0695040546611142,0.07309631450339381,0.10981751210074983,0.07044365083545326,0.043406971336301,0.16903165089690644,0.07373625391171952,0.0025689959322691643,0.033097731182593564,0.18619259208399594,0.17638672838815636,0.01976819149240272,0.00723332362833648,0.23725070138533247,0.16677513400863042,0.05882174479512728,0.11445004906312639,0.01987491124064308,0.12319189475464339,0.021226796448345624,0.006801340860506317,0.10724947234195165,0.09487925635320633,0.14939398150028746,0.0027510090008349614,0.0541445986603901,0.1824389242971646,0.016588984493490472,0.044860885474410195,0.02263772852861777,0.15388354988563785,0.04744942273940095,0.11861451035848701,0.09073026914828385,0.06750050498598165
rowId196,0.18619259208399594,0.10737095420916197,0.022579196739952512,0.048619139107471364,0.05618891157550481,0.09199831259661723,0.261655810195167,0.024365487239746613,0.054763426404342466,0.11294952971498579,0.03502074766405762,0.06873054017857778,0.04990213832453254,0.023303430075389122,0.028765196562273956,0.05334765586927046,0.0415090335415429,0.027768061154365427,0.11460330998056277,0.035260075015522224,0.00866723760616279,0.00884621442655624,0.2632336066482097,0.15883501452833554,0.11960470280766451,0.16061958142217606,0.0607849939934305,0.033290774643300255,0.04036084414354057,0.035363195774129205,0.03315502653878524,0.1911693802116228,0.0009565827979865296,0.08826146903160012,0.025160760491888617,0.16638812160611435,0.14638398611707923,0.1789225102535176,0.027606168990960488,0.043145974762119024,0.019194145876443882,0.2199627082215403,0.02263917793753184,0.05220606181220708,0.0749770436991232,0.10874647795539916,0.02385857807363168,0.012382517878824474,0.10668520722708796,0.11138415490383903,0.010874952074147064,0.10922571722489388,0.11575658288256026,0.12563750103973415,0.054214800583152645,0.04204329395914663,0.05486084811073825,0.05995406151271267,0.06090742961770446,0.19186399792315867,0.3028211805111555,0.0904686580562412,0.0656152538296495,0.03727036506772215,0.02466226316757737,0.04095516332527793,0.03321758702491373,0.11684276578331389,0.0421658790621041,0.34567410193402004,0.08214468497383062,0.04821058808631389,0.2469646889848434,0.07023972692722037,0.018844236993921484,0.08969943217494578,0.02794422929916819,0.12248603223318161,0.19562540965975656,0.03292973864397497,0.34567410193402004,0.09519306227719453,0.03503989682772746,0.08352530227143147,0.03137587953540144,0.0415504732210638,0.11862327645103342,0.02520256731126624,0.06451092060994358,0.022052915920142253,0.11337772438500815,0.0030499094301360435,0.1911693802116228,0.04440583666255198,0.08041896053972508,0.005005215016144767,0.34468304846797815,0.05608147292049057,0.024245729366474,0.07988827723680285,0.11402459448067369,0.01238592740711079,0.03561139959328582,0.025720319365882233,0.17158028346212587,0.04806025016521924,0.18894688715902186,0.027763038657373913,0.019048800579276583,0.3027496569786528,0.028154251193438836,0.18541752096511707,0.05399159008563422,0.18435777333481965,0.17849674179298197,0.12211068626932499,0.014860908062084252,0.028715490854207354,0.11138415490383903,0.09074726331961366,0.06715056668121039,0.2111621141291003,0.04372229617401926,0.06168446572573735,0.02999614690083302,0.14141812516099347,0.052153667803229845,0.033301821495489534,0.0987284859740227,0.019620235341900393,0.015335599796271132,0.2223604653132783,0.12860464508678013,0.13091803247248263,0.029507745076402716,0.07074065692092224,0.06408883949666411,0.07797456036523379,0.16241222083888848,0.02281560115399537,0.25169580570047323,0.14896969453060246,0.13949900142465416,0.11118440660788745,0.03565841363186296,0.11443541100529811,0.0874903467327799,0.0541445986603901,0.0752064061748442,0.023099802747534592,0.11512592140157864,0.02081028375652667,0.10394473113420492,0.0699667824915573,0.004004509703717296,0.1696726005404289,0.093388886946188,0.04097984159837939,0.03994451649516368,0.04321949947062577,0.04280986253284726,0.03848727934251136,0.02840022742037241,0.03157549614693655,0.05330037918976837,0.093388886946188,0.02696476681248785,0.020242087393360333,0.08008595999373899,0.13962037808819094,0.031275357344309446,0.010196507717486642,0.0907346183323277,0.0954788470012861,0.04676237280688779,0.03518168490499371,0.2578014176647156,0.10724947234195165,0.06896073906595404,0.04837986921081425,0.036291896834200026,0.02840389634552638,0.021595790954911927,0.0722395239920576,0.17327047237633048,0.030693479075619284,0.07993950078430732,0.039716931145939396,0.08732456447569596,0.10939680651715215,0.05240819850123343,0.07074922075822708,0.02574444028713122,0.03544609355570803,0.07666916063144738,0.04440583666255198,0.025024671166916177,0.30124595258678216,0.04463134321514318,0.0013854556807550518,0.20579014505034474,0.2417907223928248,0.13289247623394812,0.14812399391349337,0.03386979239732146,0.13323971897869835,0.08892913104888106,0.011239942713006513,0.018432099923438347,0.0329315213687575,0.10854730204208571,0.05952281701584533,0.13315991708683086,0.08434440432053056,0.05758175040859915,0.18758162931895178,0.061019999055244085,0.043763658440362514,0.11907757489265196,0.08657086839348747,0.03854625184302271,0.06944514977390738,0.3003177616492855,0.043071005021486634,0.10970978460661515,0.09703680934456076,0.0722395239920576,0.053126077928174774,0.055251470079924085,0.10996811052562744,0.1550911996168274,0.09811087086971863,0.19822721863685178,0.020122083008015757,0.04589467591825148,0.3715749938643185,0.10724947234195165,0.17638672838815636,0.02281560115399537,0.23158276126519725,0.10164575434174027,0.04132392199381643,0.1287191263258841,0.08136133338035202,0.12425308649778367,0.08000910597483264,0.011353764515775563,0.09899324295735384,0.08154620190035185,0.01387351467132388
rowId197,0.01348667430785373,0.07621505512326755,0.04128466076665463,0.02089366322938851,0.08517001339279531,0.039295265544470714,0.02002957821666919,0.03544353092451041,0.24562228218208193,0.13844044529711408,0.1086200947835858,0.015793248160788205,0.13571850953256293,0.019048800579276583,0.04126416055933206,0.02584657308877199,0.10854730204208571,0.0017571564343280834,0.057214840644141694,0.013845486774718425,0.043430434770496025,0.020982432959834096,0.10603764313892584,0.2632336066482097,0.02613129831130594,0.10820335962123553,0.04385903655213013,0.24207692773610648,0.0673440682358704,0.04837986921081425,0.3771672212472896,0.11124057942966953,0.018844236993921484,0.15955399352998592,0.05058439109993849,0.10279955933541127,0.03307704851652938,0.08657086839348747,0.03589832647286954,0.18173888180230333,0.06457918226837461,0.1367338401089776,0.034058891602593,0.057214840644141694,0.03366647778344107,0.03351405703448733,0.12411607552736283,0.08321436088057595,0.11963798953386495,0.12526723464431033,0.07090457711116659,0.11594780990046437,0.07037493381792351,0.19388151623358074,0.039716931145939396,0.062350729694423915,0.23412335067903467,0.05886391966927162,0.15968786781821426,0.13914740977622023,0.09156471727650593,0.06245472633172106,0.06039117806019295,0.14871072430793672,0.15967368453543784,0.3727138994028762,0.06421392437529953,0.1637682749328249,0.06302210618487246,0.031876346560642095,0.012126675197217269,0.021030671122743688,0.059802553182996904,0.1111333338491525,0.0014734937643591185,0.01666493942349854,0.23672554762405443,0.1754565304756922,0.011447945396967713,0.21804882164329722,0.1279124781470182,0.025311766711087064,0.1334709007063108,0.04759092305037301,0.1445093638682014,0.08938470287517632,0.020529509358829346,0.09510173084686854,0.030693479075619284,0.0009565827979865296,0.09097591582361568,0.36400503546692115,0.03905296466375901,0.037500805942635745,0.0987284859740227,0.00176492202251769,0.0905182719978466,0.010581444816286216,0.1042569366773471,0.2714605466469469,0.10618502505903259,0.014375380660155637,0.10394473113420492,0.09820919447804341,0.08325662503095924,0.03193248632198632,0.07785515459993708,0.1441239985181465,0.11245629191416737,0.09304335223163059,0.04058050711022771,0.09500916353817297,0.1078497759557763,0.12425308649778367,0.03240034146396136,0.14718307939982944,0.03350840518769029,0.002450277267931671,0.04187852298493348,0.06082818198831625,0.045376733613794906,0.3197689405850322,0.2386319475261509,0.008136093675204323,0.07586344697981773,0.036601858906629224,0.07090457711116659,0.08004269499961067,0.019332043777203257,0.2548275354194706,0.04463134321514318,0.13106381999870861,0.12626963953472042,0.4140068328953792,0.026585122090765596,0.03759004280874613,0.13357245140683496,0.2223604653132783,0.11325291449263311,0.11337772438500815,0.029237766048682105,0.03815638308977166,0.11027956864797933,0.028912686395979416,0.010874952074147064,0.059004586079247745,0.08061541586142089,0.22105905987919588,0.05834458195742017,0.03563154151704626,0.055938634554263025,0.05307977036299651,0.21476115788320732,0.11412182255391809,0.193635599882764,0.16678773669465566,0.03772199700644724,0.01348667430785373,0.02613129831130594,0.050978000566798576,0.0673440682358704,0.09699257399247305,0.06451092060994358,0.0429850759827676,0.10981751210074983,0.04909027753160908,0.25635908080830144,0.03612476729242831,0.04917298652148906,0.031876346560642095,0.05130884486760263,0.022197490518024013,0.3771672212472896,0.0878045545547013,0.07460163473835035,0.027381273594172674,0.04795333646108831,0.11963798953386495,0.07373625391171952,0.03248835396083318,0.0848548636801642,0.06345286629684944,0.03588597300280466,0.25635908080830144,0.05805212147369039,0.015927063990360178,0.1427773981478607,0.06134163395735278,0.06245472633172106,0.15178022389544338,0.04982025888411105,0.1334709007063108,0.020064425577496253,0.021423618077814347,0.06169254292998417,0.048884152836856834,0.0277221587397961,0.0013854556807550518,0.04921266724526593,0.03080378095493439,0.05636390858181385,0.026426546782911408,0.013902640332945745,0.11926490911450775,0.052405226629760854,0.05291159731953287,0.049933419816022,0.06203184337028378,0.0314607697635493,0.12121331241289607,0.001393729645481836,0.09244417169740099,0.03848544513246123,0.21475093122862896,0.0738920103499353,0.06377588926060201,0.11201857577179962,0.12705315503216075,0.03489886399072764,0.028067500025218257,0.045581527511999786,0.2333867513310674,0.0667889379457594,0.03927340148775338,0.03386979239732146,0.04094085519318643,0.033309323892934846,0.023686072056975687,0.09156471727650593,0.08969943217494578,0.059480149237931254,0.02347907098441795,0.045200432058649556,0.06873054017857778,0.2553151597134402,0.025271682694782034,0.0555072862063709,0.0270145524300177,0.18353317167795255,0.13478958388347761,0.05291159731953287,0.03848544513246123,0.09555741616989258,0.05834458195742017,0.02281560115399537,0.2776265708225612,0.12347727137335505,0.09684750332021232,0.18191540179836385,0.2076241358354501
rowId198,0.055938634554263025,0.039876557026929625,0.024618591499328494,0.11325291449263311,0.025392678101793305,0.024365487239746613,0.02351227273072225,0.04916600786159446,0.16181108040061645,0.12860464508678013,0.019092016924790765,0.23303426545035244,0.3061785138368613,0.07261732845551341,0.10085216866489953,0.0754669708164873,0.08079510604588554,0.03868360349542509,0.032264556125907624,0.13881479140370268,0.1137250587043581,0.0313772043267731,0.11325291449263311,0.08044347490146428,0.07101758254728814,0.05487583547021357,0.0505517010170282,0.2521000479886916,0.06169254292998417,0.04128466076665463,0.055774104685159004,0.04990213832453254,0.13844044529711408,0.03887950188492328,0.08481315466306634,0.03681645588138558,0.08847280145958716,0.10325348019017183,0.13671306362195296,0.2765435329574788,0.08377775022095811,0.05220606181220708,0.062285713965148974,0.022573770900477633,0.025197618312624327,0.02352782975286913,0.1367338401089776,0.05957042965684036,0.033555591874811025,0.05330037918976837,0.18444224677760085,0.06245472633172106,0.013003491916629327,0.15227726780942955,0.04700080692243039,0.03612476729242831,0.06551654894201865,0.1279124781470182,0.07963498296649549,0.1178912662492186,0.10039594338350237,0.025311766711087064,0.0035574907143634156,0.18353317167795255,0.09510212707801179,0.04292360038385886,0.10477976030004915,0.26279658803543204,0.11147700396371757,0.08657086839348747,0.08061541586142089,0.2670740704633735,0.021035279389131245,0.029488681130087475,0.24775353246930432,0.07074922075822708,0.05880646563927412,0.03574794240080859,0.03727036506772215,0.07565897206750936,0.05940037972146779,0.13725806414437652,0.05848213623398934,0.20736683539202264,0.07482193533990962,0.03045556880439479,0.03681645588138558,0.07006921752847214,0.007024772460824246,0.07058851242365444,0.08586955293230615,0.08060394579563751,0.05833622116877451,0.053126077928174774,0.04769708527913133,0.06064146875180415,0.03167120150154307,0.06220922433133476,0.011353764515775563,0.02555328322910774,0.06715841591553207,0.06377588926060201,0.027910207489554757,0.07584865320171244,0.026585122090765596,0.17061893930874097,0.022386710360606483,0.03235926346470298,0.022579196739952512,0.3027496569786528,0.07228921937305575,0.05196947250218702,0.015335599796271132,0.1596607802709601,0.15388354988563785,0.0838457233068345,0.0537597443516009,0.11752161948341273,0.11684276578331389,0.13464322407379928,0.30124595258678216,0.05210881518392313,0.05608147292049057,0.13079995882111786,0.11458761931764577,0.10038797037179867,0.1175324079111423,0.06306523644878903,0.09280744993744025,0.03514465642276618,0.010467376051495317,0.04542468396420786,0.17822411405818522,0.09017447478088754,0.03735984974308029,0.14825661287507363,0.06839934237827247,0.10279955933541127,0.09519306227719453,0.10902995955306398,0.1185385584173658,0.06455453056223481,0.07206168782554961,0.041712302511136355,0.044860885474410195,0.1427773981478607,0.2606536427728311,0.03612476729242831,0.055615668272831646,0.02351782199413517,0.06207113531016131,0.035898107525405044,0.045319880274969276,0.1824389242971646,0.0571866857956583,0.03121060153353462,0.03518168490499371,0.10085216866489953,0.016588984493490472,0.11445004906312639,0.1029843243690421,0.02481288025966938,0.02966187467733761,0.21384661491077844,0.04809396790315217,0.03216971260422346,0.03885148803211316,0.16102481895057755,0.07364483211004082,0.1640993206899182,0.03885148803211316,0.0268184986299694,0.10355086589252654,0.09939811435029541,0.0399806288070988,0.15784646325867696,0.004004509703717296,0.18583451268168535,0.001393729645481836,0.10039594338350237,0.18593018660940214,0.05422935740651338,0.0014734937643591185,0.07720896244367571,0.04056119255652058,0.10874647795539916,0.07882916111607614,0.13725806414437652,0.020991286417138856,0.04506801982299781,0.06439905526673266,0.09703680934456076,0.04251764915435123,0.027504269865620715,0.09388686176416415,0.008203217482846543,0.00569868141837213,0.050133515081212804,0.07926505648786575,0.02284163337380396,0.02273898861418235,0.18426750232774555,0.033290774643300255,0.015165196934626564,0.18628808680826586,0.06064146875180415,0.14011744072666557,0.06140680518445316,0.08874543296011354,0.02664862240992076,0.02635623173074948,0.05661462709928093,0.04036084414354057,0.05449139133272031,0.22080184262869307,0.12211068626932499,0.36799292665354805,0.026932067970345412,0.1414196764074397,0.0554855060325719,0.007194636632862728,0.028906179387724443,0.017630175192375756,0.04910280909990828,0.05735554479919937,0.0904686580562412,0.0571866857956583,0.012944281733999176,0.05940037972146779,0.01669423581904388,0.11122896499749457,0.05260097431677552,0.07075565832710061,0.028154251193438836,0.020498449919657748,0.03056710604675929,0.026263694827171676,0.03854625184302271,0.14311180265807422,0.026932067970345412,0.10131679962040124,0.020350234254141973,0.029943120478630375,0.18694592172753058,0.1550396469231862,0.022964712006800666,0.07379161689293162,0.24358307554122477,0.019092016924790765,0.10125690672229279
rowId199,0.031876346560642095,0.13022584200540502,0.051853501696350786,0.04256926151243291,0.09510212707801179,0.03217564722898496,0.01238592740711079,0.08196324862914352,0.06584732067285312,0.2073555137067861,0.06090742961770446,0.04785285354146018,0.04879590076482457,0.07262101302967139,0.15784646325867696,0.05109981097667743,0.18186820160151645,0.06207113531016131,0.057983344683024504,0.06345286629684944,0.04509791694775669,0.07090457711116659,0.23303426545035244,0.03848544513246123,0.037320078735145645,0.0848548636801642,0.09769224153143184,0.026824400993290573,0.16256286021822472,0.006885013636356038,0.029985474340503245,0.3594849603243823,0.15664252575486765,0.015701948111027837,0.1563681993870599,0.027407112804122807,0.012023196246579756,0.05390023838106589,0.029274926692899546,0.07865097944924848,0.24207692773610648,0.09222861443600389,0.040245610853556525,0.4140068328953792,0.05952281701584533,0.12860464508678013,0.08196324862914352,0.11614626967264054,0.11862327645103342,0.04759092305037301,0.093388886946188,0.015529893083447616,0.04585573014994079,0.016063735838563173,0.1265934144919582,0.034911584713727004,0.03726148697091725,0.06693039258088294,0.07125929557042193,0.06375824879173388,0.03666282831631107,0.07506896499436568,0.03924490953398031,0.06048729749479088,0.0657465267103825,0.13886235682904702,0.27554240885943343,0.055938634554263025,0.053866987442392295,0.15868440580585322,0.0017571564343280834,0.22507450032489837,0.10939680651715215,0.10186479796660679,0.04177562316439023,0.048619139107471364,0.18719690702186523,0.04589955972427422,0.3428503142213519,0.26149081198054147,0.013563499102358852,0.1779344105324831,0.193635599882764,0.015241665720065582,0.046881382097812806,0.12391169721127608,0.02584657308877199,0.09244417169740099,0.08653034708937724,0.09888230924825035,0.22507450032489837,0.03253960227038006,0.10854730204208571,0.04465075375308366,0.07037567900853456,0.04481391576928428,0.03319675917204851,0.04465075375308366,0.09555741616989258,0.03395120652051321,0.15778891138703702,0.02284163337380396,0.10048285662540822,0.0014042345243768168,0.584049185076163,0.031798389482455613,0.051366119186550645,0.1879263109057972,0.033106713589935485,0.30435797541633286,0.09300221264141717,0.058789740339478584,0.08263987967781321,0.16331513308486978,0.04298511575898325,0.13396855290030701,0.2200078992959789,0.08004269499961067,0.11432857919387622,0.03588597300280466,0.06216262999539586,0.03947508985661001,0.10430790309244155,0.03121060153353462,0.1562688333715234,0.11620181949525443,0.08614679481226657,0.2223604653132783,0.06250849925275137,0.04379595926580875,0.09226955809382711,0.20579014505034474,0.05371547389741796,0.03386979239732146,0.026274800215107787,0.16592845940929335,0.11815629172468389,0.03467003182642679,0.05399159008563422,0.01915352288157754,0.03775970949684174,0.053126077928174774,0.1412294811690744,0.05436172829632793,0.33918533192477185,0.018700198478567746,0.1823869310687453,0.050133515081212804,0.08472293367978442,0.01669423581904388,0.26881345614637076,0.07131261226026689,0.05861421065705314,0.053552928875930855,0.00723332362833648,0.06860051948882322,0.0838457233068345,0.043071005021486634,0.09622246946358516,0.1323334003157555,0.02089366322938851,0.23928241693201163,0.04379595926580875,0.03854625184302271,0.11529490747573133,0.11061162161675382,0.061019999055244085,0.06874798169201987,0.02281560115399537,0.03839141000492729,0.15785882849713337,0.10430790309244155,0.032210831267687964,0.07261732845551341,0.05212729291658361,0.023550772814327676,0.09304335223163059,0.010394252366224313,0.23861576314397512,0.004332332792757682,0.01770105402259905,0.05334765586927046,0.1310381700263656,0.0629887879839539,0.04322238139507759,0.08786929151668124,0.015469941711065378,0.1295082634805193,0.10575797204979392,0.11077466046246393,0.03187190381782426,0.1266858152845967,0.2199627082215403,0.028010747977871408,0.06588276610283748,0.023682065233235416,0.08079817537731275,0.14311180265807422,0.06435750665381641,0.10670357252879333,0.02378384434336071,0.09869680188678473,0.034867962672411844,0.03848727934251136,0.06207113531016131,0.023054019550028122,0.14668917981254953,0.14454419744297103,0.1445201601817003,0.025355727280114457,0.05578830709588376,0.1711454650785608,0.13070215436176996,0.26881345614637076,0.07197347829236062,0.0196556399038762,0.030801362127112646,0.022198968675706938,0.02385857807363168,0.06306523644878903,0.02317179731502134,0.09893626269075131,0.03887950188492328,0.0527981832657547,0.012216891820285111,0.022190818518236684,0.02743976817762768,0.010399175499135192,0.08569440272150812,0.12410549086147098,0.3229171991097377,0.03924510396556578,0.048619139107471364,0.012023196246579756,0.04744942273940095,0.07037493381792351,0.11700851988804442,0.011239942713006513,0.08010368087486869,0.02623006659696883,0.03563154151704626,0.3391137012024435,0.026980568448242415,0.05686233393948718,0.026585122090765596,0.13357245140683496,0.0265530593515837,0.07389922166867542,0.06924378137890005,0.20476934866778262
rowId200,0.03127487733751449,0.014772500230663017,0.09051342413235951,0.13315991708683086,0.03868360349542509,0.06092904102196162,0.05061685740582469,0.19054168358611942,0.021527467005206555,0.029339572424451857,0.11218261353333293,0.027839708058538748,0.035261434698328355,0.0673440682358704,0.078934870899722,0.05005063723535282,0.03766539871962317,0.12380179439755364,0.01970153680309463,0.022579196739952512,0.005588867695018397,0.03357781202869811,0.03467003182642679,0.07441619064437292,0.04589467591825148,0.07856483488912339,0.13829512470271474,0.15178022389544338,0.0962274436407269,0.11385499890938716,0.05787162479345371,0.03121060153353462,0.11201857577179962,0.03349720982818285,0.015335599796271132,0.020889833352379115,0.04458682553622899,0.19261294250040287,0.03759004280874613,0.017128430737049664,0.0764087364420143,0.10039258696788503,0.022197490518024013,0.03387497164470329,0.060266059686105294,0.26279658803543204,0.05371547389741796,0.04458682553622899,0.06140680518445316,0.2364005381988082,0.08414673120938626,0.021035279389131245,0.05422935740651338,0.14825661287507363,0.027694535126016932,0.04541251652372214,0.001393729645481836,0.05740994371397918,0.07400884668123524,0.04816170391689469,0.0752064061748442,0.18545904204552274,0.017273800303183713,0.010343023728082419,0.10995881609813189,0.07074922075822708,0.013081264351617305,0.02574444028713122,0.008203217482846543,0.09051342413235951,0.014019535842511229,0.1711454650785608,0.18426750232774555,0.008149511298223012,0.07876470710772351,0.019457210346014938,0.04647464526117058,0.04346231377022084,0.11882319584165722,0.08135120198795744,0.02466226316757737,0.34468304846797815,0.10618502505903259,0.10854730204208571,0.09704550650974093,0.05245383369473509,0.14952523046457591,0.0394077465670282,0.013902640332945745,0.018700198478567746,0.018150947067355323,0.03915384690431336,0.10337740311861805,0.02814962589004989,0.08154620190035185,0.057214840644141694,0.0656170881376967,0.2111621141291003,0.10708985912028696,0.24775353246930432,0.04083088049915265,0.053866987442392295,0.047856065533528384,0.08865993303919399,0.3469715121223475,0.024124754485251945,0.10364937774625661,0.056891079170697266,0.019048800579276583,0.1354156656773594,0.026824400993290573,0.08414673120938626,0.08826146903160012,0.016040533338174266,0.06203825029697983,0.10970978460661515,0.03782898930479036,0.07037493381792351,0.12411607552736283,0.26149081198054147,0.02660472372197752,0.10737095420916197,0.23095548830597412,0.14146683755353875,0.11118440660788745,0.04251764915435123,0.0890191691639798,0.049024242005896064,0.0657465267103825,0.11926490911450775,0.046794393761696036,0.12121331241289607,0.03307704851652938,0.17042579593926416,0.10085216866489953,0.0630038274757027,0.4140068328953792,0.1295178019926262,0.13091803247248263,0.02225068215494732,0.10552438389889687,0.1677536341409256,0.0954788470012861,0.20872635028747744,0.01869083213487588,0.25668347936274627,0.0507314920588211,0.14716545133457043,0.0505517010170282,0.028303357240390212,0.12205572874413355,0.11218261353333293,0.09761890088074457,0.008293484545749671,0.055217181988922066,0.12562638679141755,0.06169254292998417,0.044521419544169445,0.07137774300691742,0.045922997763917076,0.020345966248878473,0.05469840484931965,0.018275824150812713,0.034746682318480944,0.025327660444154753,0.03733659973021283,0.12700540400463725,0.03633334323186749,0.06844674841574178,0.1932187420887361,0.041846755170547624,0.04401643776890336,0.15835562061705558,0.04917298652148906,0.030396685805813638,0.07228921937305575,0.06757375974048797,0.13005508638955907,0.025029094172608478,0.1637682749328249,0.06250205948427942,0.043430434770496025,0.04909027753160908,0.10155896546150484,0.05692538241875496,0.021151515504727717,0.18283152742229947,0.030182422378276723,0.050133515081212804,0.08600508125519364,0.06381984694513282,0.0268184986299694,0.0955187759967584,0.1754565304756922,0.15227726780942955,0.1674209607725292,0.04879590076482457,0.21384661491077844,0.07462147873765274,0.010874952074147064,0.07658065332977336,0.0962274436407269,0.09097591582361568,0.10039594338350237,0.07298990170758035,0.03429226884051455,0.10039594338350237,0.06557286050496769,0.061847437905578964,0.03822996370629155,0.027980646120439018,0.1412294811690744,0.05696271235707727,0.027694535126016932,0.0035574907143634156,0.12236543073654657,0.02002957821666919,0.1003528810059929,0.042261196458572674,0.02535456283120991,0.015241665720065582,0.022901222912728655,0.09500916353817297,0.36457726444627037,0.16316697912643482,0.1369571476989645,0.03588597300280466,0.11458761931764577,0.07666916063144738,0.03782898930479036,0.03666282831631107,0.1647014841231385,0.007615392198972024,0.018958315266224966,0.09734795100242262,0.10656782405670617,0.06303752745103712,0.028174092892130336,0.014860908062084252,0.5241880850131344,0.36457726444627037,0.015170411416985165,0.0394077465670282,0.035260075015522224,0.12251165950289139,0.04734445323783841,0.031868410667312,0.07467052724840187,0.05291159731953287,0.3093554490731001
rowId201,0.05578830709588376,0.025817662585343973,0.2417907223928248,0.07593919617160745,0.02635623173074948,0.06944514977390738,0.15955399352998592,0.06136603642967155,0.1696726005404289,0.10565873408288223,0.014019535842511229,0.06415207462311867,0.10729126503837018,0.0490379695395885,0.10038473659025345,0.05696289288454036,0.1357009020748816,0.048464710066720464,0.10328477219772461,0.034210362222606545,0.04222067134673445,0.03706550616195868,0.08079535123336722,0.05661462709928093,0.019892428173312823,0.07006921752847214,0.06319030421927102,0.024771235204193724,0.04126416055933206,0.04573619491427452,0.020321361358463564,0.24595226603168896,0.027910207489554757,0.07993950078430732,0.0325779914417661,0.08152949166667502,0.03501514193951451,0.02419396447389655,0.0954788470012861,0.18628808680826586,0.2333867513310674,0.18449154832084794,0.18353317167795255,0.06874798169201987,0.04385903655213013,0.04058050711022771,0.11583779486055595,0.034695106210996585,0.1354156656773594,0.17042579593926416,0.10874647795539916,0.03530475507284041,0.09500916353817297,0.034746682318480944,0.09855186215742719,0.1640993206899182,0.10667485251271967,0.01530033495826165,0.03530730558576696,0.13962037808819094,0.02520256731126624,0.055774104685159004,0.08684442825395526,0.008606575131975465,0.027663159557689426,0.06588276610283748,0.06039117806019295,0.11963798953386495,0.0749770436991232,0.025160760491888617,0.03875747499066945,0.019194145876443882,0.08152949166667502,0.1932187420887361,0.2714605466469469,0.11122896499749457,0.21004634554321927,0.1266858152845967,0.1550911996168274,0.07864944924210476,0.0461850859364933,0.008293484545749671,0.05365236410491182,0.20959641478555013,0.1141660897894949,0.013409590494440833,0.03163575376733747,0.07810796492859388,0.029985474340503245,0.045616126317840226,0.03307704851652938,0.10656782405670617,0.0793443096543359,0.17419125449951103,0.017686954574394967,0.1342836024757118,0.19822721863685178,0.05370653215934189,0.11689600783611202,0.1825014914548815,0.04917032852208639,0.02760353810210546,0.054280931684650695,0.12558596605576303,0.108774467065854,0.04187852298493348,0.1052622382613658,0.0024735841903112434,0.07797456036523379,0.023330181294667924,0.02580952453634657,0.04769708527913133,0.048884152836856834,0.062285713965148974,0.01987491124064308,0.023806578256957357,0.1125644642390023,0.14718307939982944,0.08263987967781321,0.03794816822754598,0.3468516279701624,0.012216891820285111,0.030801362127112646,0.14113031011126084,0.032818997701746046,0.06458494506397139,0.19388151623358074,0.12251165950289139,0.0406149742766575,0.051770520819839676,0.13671306362195296,0.11245629191416737,0.10902995955306398,0.21463072383043022,0.027339415128827614,0.03400334190851857,0.026861697918467726,0.3180651754385313,0.059194134118890046,0.025327660444154753,0.049131978517202565,0.08938879861991139,0.057214840644141694,0.11529490747573133,0.30124595258678216,0.1843844272071021,0.08078607664578705,0.010394252366224313,0.17061893930874097,0.05661462709928093,0.10430790309244155,0.1824389242971646,0.09975901395039075,0.23928241693201163,0.08984605018464675,0.046747789712766004,0.12607267965372257,0.15530946107413995,0.0898435307738926,0.12481380621321259,0.05696289288454036,0.10241020114291999,0.19562540965975656,0.041880081706703216,0.03915384690431336,0.1003528810059929,0.039876557026929625,0.09199831259661723,0.012018084666396207,0.03589832647286954,0.09379182321443247,0.020598295357288864,0.051853501696350786,0.026274800215107787,0.0014734937643591185,0.025160760491888617,0.1518192802005353,0.057715175115986395,0.0035574907143634156,0.01520413806018166,0.07178921113168528,0.048464710066720464,0.0190519723518334,0.05834169532601587,0.051853501696350786,0.11840644712166468,0.03349720982818285,0.1957036499749003,0.07075565832710061,0.11954656336370266,0.10444233613991619,0.05578830709588376,0.11103531492787581,0.09325059267029452,0.26785683595267257,0.08712547088757225,0.07767994817908282,0.2386319475261509,0.0554855060325719,0.061302009339381985,0.09760076578435951,0.1266858152845967,0.1137250587043581,0.010673337756590316,0.0699128580206811,0.07279057382105315,0.01678977509604229,0.00424493197697294,0.04036084414354057,0.15388354988563785,0.2159207442663503,0.03418437605602435,0.039876557026929625,0.03187190381782426,0.3003177616492855,0.027980646120439018,0.05472964640721986,0.03248835396083318,0.07389922166867542,0.11293500613327476,0.09669392721349093,0.18283152742229947,0.0979135366345343,0.08684442825395526,0.3070058519568064,0.11594780990046437,0.0069603434554135245,0.2091523714731809,0.03248835396083318,0.09279965872048816,0.0738920103499353,0.02580952453634657,0.04610325480715077,0.06053595980176759,0.10738461346976483,0.03123999571671486,0.06455453056223481,0.09051342413235951,0.09510173084686854,0.014470794131012073,0.10552438389889687,0.10398192488485646,0.05669748161081187,0.04222067134673445,0.22080184262869307,0.13315991708683086,0.13310438824799042,0.10360607847073296,0.006246975601047956,0.02056781267910599
rowId202,0.07666916063144738,0.03514465642276618,0.016686140188555895,0.1159413949746028,0.030439379557517934,0.1382327865214983,0.0316759563735845,0.044667915145341616,0.028765196562273956,0.2469646889848434,0.11174286545708143,0.3727138994028762,0.11928874304104242,0.06750234075417384,0.04204329395914663,0.12425308649778367,0.15492062769528012,0.049097617730240746,0.02691960586289213,0.032210831267687964,0.21463072383043022,0.0268184986299694,0.07810796492859388,0.022901702888118634,0.05992858240965832,0.034192443862057706,0.00501509556765598,0.08249538594581472,0.13957516578622461,0.027763038657373913,0.10241020114291999,0.02447860325380291,0.09811087086971863,0.033301821495489534,0.058789740339478584,0.009873194535136116,0.021328364187053844,0.14143183671796988,0.03315502653878524,0.1611631355227145,0.05609276012837682,0.07876470710772351,0.19248095965164957,0.01973453494446283,0.03563154151704626,0.0208339993927098,0.06468796458830008,0.10121866702268312,0.058789740339478584,0.01895455216864403,0.03056710604675929,0.1137250587043581,0.09074726331961366,0.04372229617401926,0.047921103849625876,0.05339413863343843,0.0979135366345343,0.05034077198458959,0.01520413806018166,0.07467052724840187,0.06250205948427942,0.07426990010622855,0.09462622765743829,0.04529767279955678,0.13949900142465416,0.09017447478088754,0.06924378137890005,0.004152926940190109,0.04636684804944004,0.17638607500940456,0.12526723464431033,0.1625737309454052,0.06134922898764997,0.036649896912632624,0.0710315829658983,0.015927063990360178,0.06926103601658354,0.11836588863489117,0.0419386775708471,0.00501509556765598,0.014951362342960125,0.1825014914548815,0.13421121227743957,0.03822996370629155,0.015960476247937345,0.0554855060325719,0.08712547088757225,0.06196559736719907,0.012366508001763019,0.01895455216864403,0.02733218066286086,0.10398192488485646,0.03705585238141802,0.04506801982299781,0.041996588786748404,0.20221099925335276,0.06408883949666411,0.02966187467733761,0.11325291449263311,0.07584865320171244,0.07070226275940979,0.041846755170547624,0.10252991989402437,0.03991607894800064,0.06882577223500075,0.11689600783611202,0.1321701883802027,0.19320656892222257,0.14365904546732117,0.10575797204979392,0.22080184262869307,0.057350477925272175,0.010394252366224313,0.08938879861991139,0.053552928875930855,0.05850393617212031,0.2394309350208083,0.07058851242365444,0.10904500645234083,0.0542228987442999,0.02815537823506851,0.028923152962393183,0.030153517681651424,0.043071005021486634,0.09622246946358516,0.034746682318480944,0.011030822511195562,0.07417031644006374,0.07658065332977336,0.127041027563886,0.065728013099982,0.01869083213487588,0.029105527801113307,0.10440381610333906,0.045581527511999786,0.1297611414039591,0.03868360349542509,0.03084410864312551,0.058260940532916396,0.12705315503216075,0.04917298652148906,0.3037920355828678,0.027504269865620715,0.0627691656825544,0.14143183671796988,0.2553151597134402,0.05636390858181385,0.05092201320945591,0.018432099923438347,0.055422642859247175,0.1141660897894949,0.05360222657306117,0.19745924543290813,0.11882319584165722,0.12205572874413355,0.1550396469231862,0.0527981832657547,0.07381480878488941,0.1367338401089776,0.05995406151271267,0.04990213832453254,0.04820576052431156,0.0300759063062323,0.08079535123336722,0.04094085519318643,0.034210362222606545,0.03489913479097014,0.047856065533528384,0.13421121227743957,0.16556059057061148,0.09017447478088754,0.09325059267029452,0.06420564322210497,0.10131679962040124,0.035261434698328355,0.058789740339478584,0.04292360038385886,0.12391169721127608,0.05130884486760263,0.08048125822188523,0.06650081836383148,0.025333958859089768,0.11181024998578303,0.01986848339245085,0.09094831663440615,0.027876176803554725,0.06316832941713058,0.07956170583697932,0.20146058500594796,0.014019535842511229,0.022386710360606483,0.025311766711087064,0.03924510396556578,0.1175324079111423,0.1137250587043581,0.1354156656773594,0.06556312471448641,0.01669423581904388,0.04769708527913133,0.07005594247260512,0.033555591874811025,0.06064146875180415,0.05758670702735719,0.26307161862603196,0.03733659973021283,0.020889833352379115,0.1968180510868663,0.08653034708937724,0.06092904102196162,0.0673440682358704,0.28033217266827043,0.03610503296908216,0.09222861443600389,0.03674381607780177,0.11836588863489117,0.06650081836383148,0.047856065533528384,0.09222861443600389,0.30435797541633286,0.0241525457096305,0.10902995955306398,0.2200078992959789,0.09769224153143184,0.07074922075822708,0.08614679481226657,0.1364791135843468,0.045360789929056525,0.028715490854207354,0.029274926692899546,0.036601858906629224,0.049097617730240746,0.10125690672229279,0.2204852418369684,0.0419386775708471,0.018364172732089117,0.10995881609813189,0.22929229968146284,0.0764087364420143,0.05486872498828684,0.037378649224921054,0.041436914536371376,0.06134922898764997,0.02794422929916819,0.11245629191416737,0.1957036499749003,0.0052680624270637945,0.10048285662540822,0.05735692628781611,0.13277468211871718,0.0722395239920576
rowId203,0.10056264620920957,0.108774467065854,0.06245472633172106,0.01973453494446283,0.13468626386236254,0.09045302062979264,0.05260097431677552,0.03905296466375901,0.034210362222606545,0.03766539871962317,0.08154620190035185,0.03737447382194406,0.03574794240080859,0.08321436088057595,0.10603764313892584,0.046607082917171326,0.025897385529207652,0.09462622765743829,0.06644712560729071,0.13478958388347761,0.2507306932863154,0.033290774643300255,0.07709042215528919,0.12700540400463725,0.1357009020748816,0.10879308328872195,0.14687038373156372,0.13683359295655975,0.1115905840203343,0.028906179387724443,0.015960476247937345,0.018374990323745136,0.03167120150154307,0.07037567900853456,0.15525234849131536,0.02815537823506851,0.04676237280688779,0.09884639407295902,0.03235682904790616,0.1968180510868663,0.07995188821965497,0.08414673120938626,0.10364937774625661,0.1228991753105598,0.06439905526673266,0.10565873408288223,0.19223830649177262,0.03908833083751431,0.2523686063220783,0.04346231377022084,0.19223830649177262,0.1141660897894949,0.013484203769131214,0.03187190381782426,0.02264041966360618,0.07876470710772351,0.02664862240992076,0.041880081706703216,0.0550416688137162,0.10477976030004915,0.031275357344309446,0.11072836442583536,0.021055835138022262,0.057346481122152716,0.03321758702491373,0.04806025016521924,0.1323933915099046,0.02054140468873364,0.09073026914828385,0.04541251652372214,0.012382517878824474,0.042261196458572674,0.13323971897869835,0.053552928875930855,0.07792447873124378,0.10656782405670617,0.1137250587043581,0.04881095883136564,0.05104574543442532,0.0363676403973819,0.3028211805111555,0.014956096707606049,0.1356380804867504,0.0485374725560171,0.26879822329353653,0.06421392437529953,0.029237766048682105,0.07309631450339381,0.21804882164329722,0.04219281776284814,0.04097984159837939,0.028010747977871408,0.03994451649516368,0.07810796492859388,0.082456895347769,0.09300221264141717,0.06844674841574178,0.051141409945534407,0.020807297962228015,0.11862327645103342,0.07767994817908282,0.12236543073654657,0.025160760491888617,0.11710710220545238,0.20959641478555013,0.04267621179097056,0.027363439804964036,0.19016002304180096,0.07298990170758035,0.1873828912940007,0.12807209650745013,0.06039117806019295,0.0962274436407269,0.10307852310271426,0.06922884638999138,0.15962122246056037,0.13162212883887994,0.08600653786498069,0.1115905840203343,0.03735839786408729,0.01666493942349854,0.0024735841903112434,0.22961718615419324,0.02635623173074948,0.10421310024034515,0.10939680651715215,0.022190818518236684,0.05371547389741796,0.07864944924210476,0.09975901395039075,0.039463191802789024,0.172012297833012,0.07865097944924848,0.03736430133007787,0.06297106234016792,0.02029622361328579,0.142594228576919,0.13277468211871718,0.09939811435029541,0.03349720982818285,0.12558596605576303,0.03080378095493439,0.14143183671796988,0.029237766048682105,0.1640993206899182,0.23158276126519725,0.06759523942494555,0.11907757489265196,0.07667281301684715,0.21215248245116475,0.16256286021822472,0.21134613596198915,0.022964712006800666,0.03633334323186749,0.049024242005896064,0.02840022742037241,0.13957516578622461,0.028669348790339493,0.13554704684960045,0.07020954388857871,0.017766762353292203,0.0406149742766575,0.11710710220545238,0.12607267965372257,0.1051118587615843,0.10751684760680322,0.1330630091351828,0.2258985049700433,0.09769224153143184,0.03788775710543377,0.09018835436075119,0.04744942273940095,0.04379595926580875,0.15785882849713337,0.025024671166916177,0.04573619491427452,0.12860464508678013,0.059236462286335244,0.03759004280874613,0.07913518569135433,0.04910280909990828,0.2644690882345289,0.11009175703346592,0.03280757013644673,0.08352530227143147,0.13829512470271474,0.009482827252723503,0.2159207442663503,0.05436172829632793,0.07708572147077516,0.2548275354194706,0.010196507717486642,0.044049624822995334,0.05305495148621203,0.04579692809366499,0.05081679252632302,0.06838553160708132,0.17158028346212587,0.034000464186655505,0.0277221587397961,0.01316133287268846,0.20146058500594796,0.023908994145860896,0.01520413806018166,0.261655810195167,0.16646448339576006,0.05533035481700348,0.3556424361647484,0.014375380660155637,0.010874952074147064,0.2333867513310674,0.027492306065426773,0.02629983587546414,0.10939680651715215,0.06819333741960472,0.03299054287185349,0.019127231002087627,0.11928874304104242,0.08914338531565498,0.1823869310687453,0.0522210458533132,0.1625737309454052,0.06114028361909431,0.18719690702186523,0.06262632535208257,0.03542607471918619,0.022201433566264018,0.027910207489554757,0.03947508985661001,0.09073026914828385,0.24358307554122477,0.058789740339478584,0.11072836442583536,0.18779475819152228,0.14529841026851467,0.1596607802709601,0.0394077465670282,0.11512592140157864,0.01988777446856482,0.059004586079247745,0.09835796675412416,0.21384661491077844,0.33732251758153786,0.015067319578338617,0.10897046204943009,0.09835796675412416,0.03753501969203252,0.04485720077955179,0.0898435307738926,0.19277381183983736
rowId204,0.04251837313333597,0.20872635028747744,0.07929654641953629,0.033106713589935485,0.22105905987919588,0.029488681130087475,0.20476934866778262,0.03523405384106503,0.0576500574178649,0.03299054287185349,0.015165196934626564,0.03366647778344107,0.05882174479512728,0.03419462071077893,0.12607267965372257,0.0402292473641634,0.2038753946093372,0.093388886946188,0.10039258696788503,0.1266858152845967,0.038971085005950805,0.05805212147369039,0.06250849925275137,0.14113352939866172,0.0618648465896002,0.07922861220116825,0.04641012420267559,0.02351227273072225,0.034865189638133724,0.08060394579563751,0.05460540520056117,0.11362113880128479,0.09868190931741555,0.03681279137599688,0.0359447612391452,0.036601858906629224,0.03240034146396136,0.07426990010622855,0.11529490747573133,0.10006566146445842,0.06825487503589651,0.07666916063144738,0.09611385024571852,0.03387497164470329,0.02012066757282389,0.10241020114291999,0.0656152538296495,0.04525431632382581,0.11909544926042755,0.027892269653222723,0.00193613108216705,0.13323971897869835,0.11027956864797933,0.05580781562436631,0.03277899940354323,0.020982432959834096,0.052384989966095176,0.07586344697981773,0.273296513704592,0.16102481895057755,0.03280757013644673,0.059194134118890046,0.3428503142213519,0.09734795100242262,0.027339415128827614,0.014415037939537852,0.03815625801769054,0.11245629191416737,0.13091803247248263,0.07710780672072709,0.021067898405439718,0.016973271370151134,0.14933438258730217,0.0533719563635346,0.27926771393662286,0.0772783426344131,0.013081264351617305,0.07278167971079125,0.16181108040061645,0.0968109961971932,0.02814962589004989,0.045376733613794906,0.0597815607672343,0.1342836024757118,0.24595226603168896,0.029356870216574262,0.03991607894800064,0.07252304152301488,0.14958268588671825,0.027876176803554725,0.045319880274969276,0.03885148803211316,0.07397354572993337,0.3148892573261145,0.12865367008844464,0.026980568448242415,0.18003070762950393,0.27036948105207664,0.035056425684755754,0.054280931684650695,0.020498449919657748,0.09429267373051416,0.06515893991520305,0.0879574190924659,0.08826146903160012,0.010071064154334532,0.02794422929916819,0.028599325313790534,0.014375380660155637,0.0754669708164873,0.0898435307738926,0.03775970949684174,0.18283152742229947,0.19186399792315867,0.03681279137599688,0.3594849603243823,0.03814931609514115,0.14510798968466007,0.11293500613327476,0.19016002304180096,0.036187468336751134,0.04636684804944004,0.017998176002266903,0.1354156656773594,0.18350589336633658,0.10364937774625661,0.0471885983259131,0.03759004280874613,0.038486313482753644,0.13829512470271474,0.05978660310536649,0.02623006659696883,0.07621505512326755,0.017672990361177764,0.015664244459787043,0.06486139555434021,0.06860051948882322,0.07178921113168528,0.07486977280851757,0.04162392941264945,0.07792447873124378,0.09599121761833428,0.07364483211004082,0.1562688333715234,0.3175120038808173,0.049131978517202565,0.04509791694775669,0.05268225340870092,0.0505517010170282,0.05109981097667743,0.015664244459787043,0.1354156656773594,0.08984605018464675,0.12138970524070905,0.14716545133457043,0.012302249161072084,0.11460330998056277,0.11293500613327476,0.07241697745172099,0.035898107525405044,0.025333958859089768,0.09868190931741555,0.07461071930135524,0.13886235682904702,0.021654483572879402,0.06169254292998417,0.014661684040514657,0.12865367008844464,0.03449769517907935,0.024338964763538914,0.2073555137067861,0.04589467591825148,0.08553715656480743,0.12211806068723663,0.19054168358611942,0.13074656879043367,0.04213882884517572,0.1615715416251067,0.03965121145683844,0.030328569389991258,0.06791251188713673,0.004317486260476565,0.03160906145105333,0.049508764798018974,0.3556424361647484,0.012558098626810878,0.30124595258678216,0.03187190381782426,0.08496200088294405,0.02419396447389655,0.36799292665354805,0.04094085519318643,0.03845064532152613,0.036291896834200026,0.16172161237277496,0.10897046204943009,0.06245472633172106,0.10325348019017183,0.04727763522576811,0.08738340122130314,0.08892913104888106,0.06071106900104466,0.044667915145341616,0.07710103079442301,0.12865367008844464,0.015258459652880734,0.05850393617212031,0.014019535842511229,0.1612891967285631,0.03307704851652938,0.035260075015522224,0.08061541586142089,0.057693300840760825,0.005745803733773644,0.024663062392871464,0.024663062392871464,0.03489886399072764,0.5570239156008115,0.06129987982429951,0.015960476247937345,0.05945534751366567,0.04280986253284726,0.021118410496397552,0.15388354988563785,0.0361999467180642,0.11124057942966953,0.06439905526673266,0.2111621141291003,0.017630175192375756,0.03324955615323629,0.04401643776890336,0.07044365083545326,0.22080184262869307,0.004004509703717296,0.11266209052558614,0.2506406475823802,0.034370664243488024,0.2152643211484814,0.14971586933495437,0.03217564722898496,0.09855186215742719,0.04917032852208639,0.2548275354194706,0.07074065692092224,0.045376733613794906,0.10164575434174027,0.09543251971003722,0.08380283722038466,0.07020954388857871,0.06629030525291289
rowId205,0.36062337047888127,0.03848544513246123,0.04570153127571757,0.06245472633172106,0.15673013638471428,0.020247981163211536,0.031740260267190276,0.02635623173074948,0.03965121145683844,0.1615715416251067,0.14939398150028746,0.18694592172753058,0.020982432959834096,0.13022584200540502,0.3061785138368613,0.18719690702186523,0.049097617730240746,0.10325348019017183,0.0838457233068345,0.09855186215742719,0.27926771393662286,0.17956653351301535,0.03280757013644673,0.05334765586927046,0.05945534751366567,0.049508764798018974,0.3715749938643185,0.05945534751366567,0.1789225102535176,0.1310381700263656,0.051824934045968406,0.0618648465896002,0.2417907223928248,0.028943925314967582,0.1297611414039591,0.03501514193951451,0.09116752982577415,0.027739673843593833,0.017630175192375756,0.01512409783235807,0.04909027753160908,0.028010747977871408,0.10477976030004915,0.027763038657373913,0.05109981097667743,0.009482827252723503,0.2121707794512331,0.36457726444627037,0.06496844226399118,0.012802176579163431,0.03357781202869811,0.34468304846797815,0.0014195172520296124,0.10290633734405875,0.045791771541429424,0.195916188529966,0.07482193533990962,0.023849798036602254,0.0536970880051042,0.18870426167675433,0.03648124451396212,0.07044365083545326,0.04280986253284726,0.014399625229580902,0.04251764915435123,0.2534575377415102,0.2199627082215403,0.09868190931741555,0.060636570386870495,0.00569868141837213,0.16592845940929335,0.0550416688137162,0.07554793194649385,0.03574794240080859,0.1957036499749003,0.05460540520056117,0.010196507717486642,0.04881095883136564,0.09280744993744025,0.027146168235100094,0.10038473659025345,0.17042579593926416,0.2999375541180197,0.078934870899722,0.02623006659696883,0.10241020114291999,0.021035279389131245,0.1321701883802027,0.12700540400463725,0.04615051968663605,0.09769224153143184,0.009873194535136116,0.10114236738919029,0.1452086934270091,0.07797456036523379,0.05995406151271267,0.015255115808022152,0.010467376051495317,0.06267275232069118,0.08079535123336722,0.017766762353292203,0.033309323892934846,0.09156471727650593,0.1580817611002511,0.0330249773605309,0.027980646120439018,0.0490597499275445,0.10039594338350237,0.004252289108198878,0.16256286021822472,0.11362113880128479,0.07178921113168528,0.10155999662551508,0.046607082917171326,0.06149509908870966,0.13066122595384033,0.0395962715405713,0.09272063992965827,0.029352972462383407,0.0068412080772048455,0.16678773669465566,0.021067898405439718,0.07197347829236062,0.099652762165392,0.06457918226837461,0.0016594866843270078,0.06707224149513806,0.093388886946188,0.052956487694236526,0.06297106234016792,0.03395120652051321,0.015255115808022152,0.050749717000185206,0.05609276012837682,0.3027496569786528,0.036291896834200026,0.08195793823383195,0.21386519591590655,0.0632434822655344,0.10328477219772461,0.17638607500940456,0.053990798115460266,0.053628078709692925,0.017998176002266903,0.16181108040061645,0.08226846302831745,0.04083088049915265,0.0899923145289757,0.03321758702491373,0.04909027753160908,0.08078607664578705,0.08786929151668124,0.01277488990260344,0.013409590494440833,0.04641012420267559,0.10996811052562744,0.19014511813092702,0.14463515329590595,0.10076413849603529,0.08654471896219404,0.0026465754916795395,0.16613313457885215,0.15346551334662537,0.08517001339279531,0.08837334186260187,0.03948408970897994,0.13323971897869835,0.01927693647622441,0.07364483211004082,0.02002957821666919,0.082456895347769,0.10751684760680322,0.10874647795539916,0.03848544513246123,0.06841565862114168,0.015469941711065378,0.02352782975286913,0.0890191691639798,0.2386319475261509,0.18896364773024418,0.02452123900545794,0.13005508638955907,0.08837334186260187,0.0471885983259131,0.08969943217494578,0.1141660897894949,0.058260940532916396,0.028303357240390212,0.11772017342388433,0.029706759699468954,0.14716545133457043,0.10708985912028696,0.05147005307257128,0.07929262048894575,0.10667485251271967,0.024771235204193724,0.04210500574751806,0.10851714506791006,0.07710780672072709,0.19186399792315867,0.0898435307738926,0.11288499704623164,0.14113352939866172,0.1297611414039591,0.03735839786408729,0.2521000479886916,0.017128430737049664,0.30124595258678216,0.03561139959328582,0.03359679780667776,0.17061893930874097,0.0584438991170054,0.08263987967781321,0.12562638679141755,0.010874952074147064,0.04579692809366499,0.04917298652148906,0.05486084811073825,0.26566501185002683,0.1860946727606127,0.046092288886077,0.023844478287064486,0.05940037972146779,0.09950116357986438,0.010874952074147064,0.029383760512826113,0.06070335427422454,0.022052915920142253,0.06886356171131285,0.03518168490499371,0.33734359445085255,0.02555328322910774,0.14858535047801408,0.03215927506634591,0.13990357565144373,0.04256926151243291,0.0017202596135649285,0.06216262999539586,0.0979135366345343,0.10534266627030402,0.07152735509648726,0.00193613108216705,0.08154620190035185,0.03905296466375901,0.1323334003157555,0.0014042345243768168,0.13829512470271474,0.08938470287517632,0.05240819850123343,0.15627345005088242
rowId206,0.043406679589960986,0.2091523714731809,0.08583343789693548,0.1381458096349222,0.45997384824528237,0.028348923763038197,0.10250890973583873,0.047921103849625876,0.04276085660505043,0.5241880850131344,0.13357245140683496,0.03808331619262089,0.02814962589004989,0.03052038560590705,0.08738340122130314,0.04187852298493348,0.15835562061705558,0.0490597499275445,0.020889833352379115,0.0329315213687575,0.10922571722489388,0.026876565589276938,0.127041027563886,0.04809396790315217,0.025029094172608478,0.1500421363925138,0.020807297962228015,0.17956653351301535,0.06164151164633323,0.07309631450339381,0.1354156656773594,0.06369774307302835,0.2632336066482097,0.0899790526173496,0.09805566740007637,0.0035574907143634156,0.25668347936274627,0.03794816822754598,0.24562228218208193,0.02840022742037241,0.1364791135843468,0.01660390198358485,0.13079995882111786,0.045922997763917076,0.17849674179298197,0.0507553338290804,0.05365236410491182,0.055938634554263025,0.052384989966095176,0.09897951380933881,0.21415924083222407,0.13957516578622461,0.030693479075619284,0.029446283759633547,0.035260075015522224,0.024365487239746613,0.03052038560590705,0.09865414033922758,0.027910207489554757,0.09543761332904574,0.032359818370631226,0.3061785138368613,0.06924378137890005,0.0735112610680996,0.028799829447790155,0.07329327435539988,0.055251470079924085,0.0533719563635346,0.31529600635664984,0.04132392199381643,0.3771672212472896,0.030996936519047814,0.0735112610680996,0.02611256720996245,0.11909544926042755,0.18894688715902186,0.07913518569135433,0.10112773277521184,0.26307161862603196,0.10534266627030402,0.06693039258088294,0.0330249773605309,0.024124754485251945,0.1111333338491525,0.022573770900477633,0.0878045545547013,0.03351128377193219,0.023844478287064486,0.1323933915099046,0.05850393617212031,0.09280744993744025,0.1063164309380385,0.042797119164057644,0.12205572874413355,0.015352563380492361,0.038669056209247425,0.022901702888118634,0.03885148803211316,0.035898107525405044,0.02664862240992076,0.15388354988563785,0.10996811052562744,0.25169580570047323,0.02317179731502134,0.15968786781821426,0.02584657308877199,0.07580490169761156,0.2480913783478117,0.02399030813264455,0.04346462473617179,0.09409381491828588,0.16903165089690644,0.03782898930479036,0.018432099923438347,0.10364937774625661,0.04346231377022084,0.011239942713006513,0.09599121761833428,0.05390023838106589,0.019845656749530753,0.15427323840338192,0.2394309350208083,0.022579196739952512,0.19512175973379914,0.10197873909666125,0.2553151597134402,0.11625767060285853,0.16256286021822472,0.08482614416438125,0.0987284859740227,0.19039423461709837,0.04962240834602832,0.05916657597753136,0.0555072862063709,0.014661684040514657,0.015529893083447616,0.08577860073031916,0.09543251971003722,0.09427147148233736,0.010399175499135192,0.16646448339576006,0.1334709007063108,0.021030671122743688,0.01915352288157754,0.0268184986299694,0.0979135366345343,0.05848213623398934,0.03163575376733747,0.17419125449951103,0.10203295344644954,0.1414196764074397,0.36799292665354805,0.1279124781470182,0.13396855290030701,0.05686995490855384,0.3229171991097377,0.09593659412577094,0.021527467005206555,0.09226955809382711,0.028923152962393183,0.009230952109465151,0.006885013636356038,0.1330630091351828,0.10970978460661515,0.08654471896219404,0.015960476247937345,0.02977049159155893,0.06605031758532445,0.1159413949746028,0.07762287103978621,0.07929654641953629,0.027694535126016932,0.05486872498828684,0.028943925314967582,0.1414196764074397,0.06631257114977637,0.11325291449263311,0.02239055797752867,0.05210881518392313,0.032359818370631226,0.07865097944924848,0.0630038274757027,0.0527981832657547,0.08970041153957714,0.005617077720564275,0.0397050772708996,0.030086858276874,0.036187468336751134,0.04178727469312611,0.022198968675706938,0.03305393741437245,0.019048800579276583,0.1412294811690744,0.02710899991417163,0.05399159008563422,0.009873194535136116,0.12912460435442497,0.36457726444627037,0.01907473378512423,0.03240034146396136,0.0069603434554135245,0.022234943294891715,0.05758670702735719,0.015960476247937345,0.027363439804964036,0.02447860325380291,0.10039594338350237,0.15778891138703702,0.10874647795539916,0.04570153127571757,0.4100194020764493,0.0656170881376967,0.12972031364053122,0.13621507646855882,0.027768061154365427,0.02562141734791899,0.06111234514641131,0.22929229968146284,0.04525431632382581,0.014772500230663017,0.05005063723535282,0.044860885474410195,0.034746682318480944,0.13074656879043367,0.0627691656825544,0.09611385024571852,0.10724947234195165,0.06458494506397139,0.02660472372197752,0.05196947250218702,0.3182529286418399,0.01316133287268846,0.11867710015527264,0.028351876179501967,0.004332332792757682,0.2776265708225612,0.022197490518024013,0.0069603434554135245,0.02351782199413517,0.11928874304104242,0.08657086839348747,0.1452086934270091,0.09045302062979264,0.10786140375021272,0.017947202939576485,0.09684750332021232,0.0842820761735914,0.0181559662694938,0.030387354680054202,0.021922161283611755
rowId207,0.142594228576919,0.15217526271752516,0.07929654641953629,0.061119482480982854,0.14311180265807422,0.03748970445464128,0.07730301579951251,0.11201857577179962,0.012382517878824474,0.014956096707606049,0.2223604653132783,0.123826265711517,0.14764441014550456,0.06598354674678703,0.2364005381988082,0.030086858276874,0.13315991708683086,0.0584438991170054,0.13990357565144373,0.028255731759402766,0.04570153127571757,0.015165196934626564,0.10076413849603529,0.05783041423428113,0.05834458195742017,0.04458682553622899,0.0485374725560171,0.02002952840479787,0.13396855290030701,0.05460540520056117,0.10241020114291999,0.10355086589252654,0.0764087364420143,0.11337772438500815,0.12441356900095034,0.2765435329574788,0.028854506441448317,0.1040932907750545,0.0584438991170054,0.0754669708164873,0.043071005021486634,0.06715056668121039,0.032952065867482595,0.03885148803211316,0.03766539871962317,0.006885013636356038,0.1445201601817003,0.03550697569405258,0.1295178019926262,0.05772318999452151,0.15669038074703903,0.05623017099871448,0.012134930745230818,0.09970243584113091,0.06435750665381641,0.041880081706703216,0.016137772223863426,0.03319675917204851,0.16266482666147805,0.04816170391689469,0.1798948556160159,0.016040533338174266,0.07298990170758035,0.1518192802005353,0.035260075015522224,0.09884639407295902,0.036291896834200026,0.013484203769131214,0.044049624822995334,0.09699257399247305,0.10565873408288223,0.01348667430785373,0.12131608126838168,0.06707224149513806,0.051366119186550645,0.03717821775032464,0.020321361358463564,0.04401643776890336,0.07114096024572565,0.043858403215920334,0.057214840644141694,0.03648124451396212,0.005745803733773644,0.04435980035507822,0.028010747977871408,0.06216262999539586,0.07584865320171244,0.12526723464431033,0.08895253341747135,0.20857655664498323,0.15525086444828687,0.140959726596463,0.023806578256957357,0.023846452282117396,0.01986848339245085,0.1404080633955328,0.033106713589935485,0.06750234075417384,0.03735984974308029,0.015529893083447616,0.023054019550028122,0.06140680518445316,0.03520400737034127,0.01988777446856482,0.03961435402692669,0.06168446572573735,0.027504269865620715,0.17492427915422573,0.07020954388857871,0.014661684040514657,0.16646448339576006,0.022386710360606483,0.017630175192375756,0.10138195455992095,0.02584657308877199,0.025174039322353518,0.04837986921081425,0.04647464526117058,0.03726148697091725,0.07037493381792351,0.08847280145958716,0.03674381607780177,0.1233723421551813,0.09820919447804341,0.019332043777203257,0.08406858724476178,0.03288713675441889,0.04585573014994079,0.20874618180906124,0.13310438824799042,0.05636390858181385,0.021118410496397552,0.02613129831130594,0.0406149742766575,0.027763038657373913,0.05393921197358413,0.05469840484931965,0.06644712560729071,0.09763967183037908,0.05024722004133929,0.24775353246930432,0.03706550616195868,0.45997384824528237,0.045922997763917076,0.07810796492859388,0.1562688333715234,0.18694592172753058,0.15778891138703702,0.04595539194754334,0.041996588786748404,0.08600508125519364,0.20720819671893126,0.030182422378276723,0.04754028045988503,0.1631943737956888,0.23543932595827535,0.08874543296011354,0.35546825740553917,0.19054168358611942,0.036846528821193866,0.11179989357123193,0.13277468211871718,0.26566501185002683,0.05886391966927162,0.14971586933495437,0.0395962715405713,0.01513130881026172,0.03735984974308029,0.06140680518445316,0.12205572874413355,0.03610503296908216,0.16613313457885215,0.034000464186655505,0.03735984974308029,0.03786621570464605,0.12860464508678013,0.01986848339245085,0.0054814593349430405,0.03727036506772215,0.05469840484931965,0.027146168235100094,0.060446261739116706,0.00469153133525907,0.06071106900104466,0.021595790954911927,0.025897385529207652,0.03848544513246123,0.08654471896219404,0.03299054287185349,0.2642019076465018,0.04962240834602832,0.13949900142465416,0.07851951477554499,0.15835562061705558,0.04177562316439023,0.09959952523575737,0.07710780672072709,0.43869097846121036,0.07114096024572565,0.05805212147369039,0.033365314010788134,0.0313772043267731,0.2553151597134402,0.021226796448345624,0.015255115808022152,0.07381480878488941,0.1625737309454052,0.07215257276062831,0.018291443294187214,0.18186820160151645,0.03387497164470329,0.04700080692243039,0.029291059936358436,0.11710710220545238,0.0399806288070988,0.059480149237931254,0.08698319649927172,0.1789225102535176,0.04892163518420947,0.18249217498805528,0.03248835396083318,0.20540485068688014,0.1655563823290761,0.060137038670072376,0.12411607552736283,0.01046299191267717,0.11815629172468389,0.02857897095131983,0.017630175192375756,0.27298330321199804,0.05339413863343843,0.1380096912362205,0.03137587953540144,0.038176370151236406,0.1287191263258841,0.04458682553622899,0.06075676659749816,0.02623006659696883,0.11242857206816594,0.0664158250271298,0.06457918226837461,0.049933419816022,0.28973263368498414,0.0017571564343280834,0.025031390642341268,0.15243063322524364,0.013081264351617305,0.00424493197697294,0.02815537823506851,0.0467562821725928
rowId208,0.2746187737836757,0.08685226182184991,0.11726927412993757,0.06279852860220687,0.06071106900104466,0.0026465754916795395,0.21134613596198915,0.0537597443516009,0.02317179731502134,0.15525234849131536,0.1321701883802027,0.014019535842511229,0.04126416055933206,0.010343023728082419,0.03948408970897994,0.08924529259492195,0.023303430075389122,0.13962037808819094,0.03215927506634591,0.11325291449263311,0.10364937774625661,0.12425308649778367,0.1412294811690744,0.02313783907768579,0.11133391901952686,0.053628078709692925,0.06375824879173388,0.040202306975338144,0.04462283994352437,0.002450277267931671,0.02733218066286086,0.13725806414437652,0.024663062392871464,0.0490379695395885,0.16822232470883255,0.22840368924551568,0.0419386775708471,0.3182529286418399,0.11630662596262815,0.02002957821666919,0.060446261739116706,0.1159413949746028,0.06605031758532445,0.10534266627030402,0.004252289108198878,0.06679846799465182,0.04471466947688636,0.17600648064578514,0.04485720077955179,0.03794816822754598,0.1310381700263656,0.13396855290030701,0.044860885474410195,0.03753501969203252,0.07565897206750936,0.14463515329590595,0.021035279389131245,0.035261434698328355,0.3469715121223475,0.032264556125907624,0.09880416150985406,0.24358307554122477,0.023702634221545157,0.05147005307257128,0.04321949947062577,0.03121060153353462,0.05399159008563422,0.03187190381782426,0.020982432959834096,0.022190818518236684,0.018639036263385752,0.026709505515855436,0.18719690702186523,0.20872635028747744,0.1381458096349222,0.012018084666396207,0.13844044529711408,0.00424493197697294,0.0024735841903112434,0.20959641478555013,0.06629030525291289,0.02399030813264455,0.01839084429740458,0.06090742961770446,0.13671306362195296,0.02313053330121862,0.17638672838815636,0.02361421532171209,0.3229171991097377,0.06819333741960472,0.16331513308486978,0.026263694827171676,0.08018129967829611,0.03419462071077893,0.02113556481743805,0.1825014914548815,0.01512409783235807,0.15492062769528012,0.03387497164470329,0.07876470710772351,0.06838553160708132,0.03705585238141802,0.03319675917204851,0.028348923763038197,0.036187468336751134,0.03706550616195868,0.07467052724840187,0.038669056209247425,0.03439272521163692,0.017264477451250176,0.020247981163211536,0.050749717000185206,0.0052680624270637945,0.20247490841399748,0.084028416742319,0.07853026456257887,0.09959952523575737,0.05220606181220708,0.035261434698328355,0.004317486260476565,0.27417998480996597,0.06457918226837461,0.058260940532916396,0.3064858950054413,0.06303752745103712,0.05686893322128239,0.03417634251930709,0.07461071930135524,0.10575797204979392,0.032952065867482595,0.09543761332904574,0.22664699653928227,0.1166785550069508,0.09593659412577094,0.2670740704633735,0.11402291709174132,0.05772318999452151,0.0699128580206811,0.4140068328953792,0.1295383910867325,0.10307852310271426,0.0026465754916795395,0.10670357252879333,0.2496359041853222,0.08840250238522263,0.0054814593349430405,0.0823375638533397,0.05942891483026106,0.02002952840479787,0.02419396447389655,0.019663016356227418,0.04095910770721359,0.04879590076482457,0.18350589336633658,0.06097390686036244,0.0325779914417661,0.03991607894800064,0.08600508125519364,0.1166785550069508,0.06250205948427942,0.07601437163497518,0.07451204275514442,0.08048125822188523,0.1381458096349222,0.04727763522576811,0.05130884486760263,0.08614679481226657,0.026483930919803868,0.10360607847073296,0.02281560115399537,0.029291059936358436,0.08517001339279531,0.11862327645103342,0.07710103079442301,0.0755963524074938,0.05696289288454036,0.1086200947835858,0.1789225102535176,0.05886391966927162,0.03563154151704626,0.04128466076665463,0.08840250238522263,0.08653034708937724,0.01915352288157754,0.01669423581904388,0.0265530593515837,0.0519431516812059,0.04909027753160908,0.10934531532203123,0.10085216866489953,0.03307704851652938,0.1233723421551813,0.07185214553071906,0.02378384434336071,0.11530079725414541,0.021328364187053844,0.04370905553095802,0.10125690672229279,0.013570794622076622,0.015801451102450778,0.012382517878824474,0.12558596605576303,0.06810160351913451,0.019892428173312823,0.09429267373051416,0.14510798968466007,0.07734764030560726,0.08061541586142089,0.1357009020748816,0.18758162931895178,0.15178022389544338,0.07131261226026689,0.06384464835745123,0.04998130919555556,0.19009898732459152,0.01895455216864403,0.0785721462772907,0.031798389482455613,0.08969943217494578,0.04203818600440162,0.0300759063062323,0.031868410667312,0.191928510251779,0.03299054287185349,0.14343504384091949,0.06588276610283748,0.04669969026339511,0.0330249773605309,0.15607134131012784,0.05609276012837682,0.11288499704623164,0.1637682749328249,0.025333958859089768,0.08600653786498069,0.10996811052562744,0.029706759699468954,0.04864227679937645,0.046092288886077,0.015170411416985165,0.0738920103499353,0.12912460435442497,0.03248835396083318,0.09684750332021232,0.03822996370629155,0.16172161237277496,0.059236462286335244,0.07797456036523379,0.019496038612461016,0.26307161862603196,0.09361426491082366
rowId209,0.2670740704633735,0.021595790954911927,0.15784646325867696,0.03409757716207294,0.09835796675412416,0.10241594063559417,0.045795797598099486,0.1116571166056257,0.002450277267931671,0.04346231377022084,0.07178921113168528,0.24595226603168896,0.013145015428794026,0.06064146875180415,0.029706759699468954,0.06103237777299579,0.009230952109465151,0.16646448339576006,0.2364005381988082,0.05486084811073825,0.029326273724277544,0.0360755870758148,0.11402291709174132,0.01770105402259905,0.04056119255652058,0.04909027753160908,0.18666027209475722,0.10241020114291999,0.023705378825243036,0.07586344697981773,0.08698319649927172,0.055084569082919255,0.10112773277521184,0.09510212707801179,0.16903165089690644,0.0359447612391452,0.10421310024034515,0.04589467591825148,0.4100194020764493,0.03733659973021283,0.06496844226399118,0.042797119164057644,0.033097731182593564,0.0874903467327799,0.08924529259492195,0.04213882884517572,0.011167719420105799,0.03418437605602435,0.031559092364981736,0.16552069044415763,0.06279852860220687,0.017947202939576485,0.12987758190099027,0.012382517878824474,0.0627691656825544,0.03489886399072764,0.05957042965684036,0.24562228218208193,0.07252304152301488,0.02002952840479787,0.3391137012024435,0.05024722004133929,0.10125690672229279,0.0755963524074938,0.07137774300691742,0.050749717000185206,0.13323971897869835,0.1825014914548815,0.1754565304756922,0.08481315466306634,0.06644712560729071,0.11273450456651479,0.10904500645234083,0.007131961602682052,0.0245809366740213,0.17956653351301535,0.03294574279750345,0.14573659520976878,0.032359818370631226,0.019916581577746697,0.06129987982429951,0.16426708102052753,0.04185138268959872,0.03815638308977166,0.014981903813317581,0.1283805700797791,0.02116821400719217,0.08786929151668124,0.10364937774625661,0.016754799503522624,0.11179989357123193,0.021151515504727717,0.12626963953472042,0.06468796458830008,0.015165196934626564,0.10605325488426509,0.11273450456651479,0.09165802437935143,0.10426991559030556,0.1957036499749003,0.06356196425814355,0.04864227679937645,0.03915384690431336,0.05357940536723349,0.10131679962040124,0.005005215016144767,0.0025689959322691643,0.10575797204979392,0.015258459652880734,0.0792544397720208,0.005588867695018397,0.06679846799465182,0.10444233613991619,0.016040533338174266,0.11909544926042755,0.07767994817908282,0.07090457711116659,0.03905296466375901,0.017800098837098807,0.19562540965975656,0.10334672978344611,0.26881345614637076,0.059236462286335244,0.1367338401089776,0.1134198647261424,0.22628529374863732,0.0555072862063709,0.18779475819152228,0.03544609355570803,0.07486977280851757,0.03915384690431336,0.05735692628781611,0.20247490841399748,0.009681513657680633,0.01988777446856482,0.035261434698328355,0.03299054287185349,0.09761890088074457,0.03315502653878524,0.03748970445464128,0.04463339559281491,0.10485570365903252,0.12131608126838168,0.024124754485251945,0.019845656749530753,0.1873828912940007,0.04251764915435123,0.03772199700644724,0.01669423581904388,0.08434440432053056,0.13571850953256293,0.14988539535299075,0.11009175703346592,0.021654483572879402,0.05449139133272031,0.00424493197697294,0.1788227873389219,0.08481315466306634,0.11242857206816594,0.04820576052431156,0.062430280141366375,0.04178727469312611,0.10007624563057085,0.13464322407379928,0.016137772223863426,0.13357245140683496,0.03848727934251136,0.2578014176647156,0.10806418965376709,0.023969313841829896,0.034370664243488024,0.08079535123336722,0.3064858950054413,0.05850393617212031,0.05834169532601587,0.06382012832209755,0.027339415128827614,0.08079510604588554,0.018639036263385752,0.04817075298797411,0.059802553182996904,0.06715056668121039,0.031089106207021117,0.09970243584113091,0.1518192802005353,0.024124754485251945,0.13079995882111786,0.04058050711022771,0.12211806068723663,0.10970978460661515,0.03908833083751431,0.11614626967264054,0.03574794240080859,0.018958315266224966,0.019457210346014938,0.1357009020748816,0.06319030421927102,0.012087732820448055,0.058797927090255935,0.02840022742037241,0.2534575377415102,0.0401083087727199,0.04864227679937645,0.010399175499135192,0.09094831663440615,0.028351876179501967,0.1316345418035157,0.04676237280688779,0.07438060590537096,0.1550396469231862,0.18978437954448157,0.022901702888118634,0.14812399391349337,0.036187468336751134,0.09325059267029452,0.08517001339279531,0.03748970445464128,0.09438867908508199,0.06408883949666411,0.06356196425814355,0.1789631763486703,0.09429267373051416,0.04892163518420947,0.1063164309380385,0.024338964763538914,0.09884639407295902,0.10402096773709571,0.0664158250271298,0.03215927506634591,0.05787162479345371,0.27036948105207664,0.1873828912940007,0.14718307939982944,0.030614514599098204,0.0899790526173496,0.07767994817908282,0.03357781202869811,0.10902995955306398,0.12205572874413355,0.2496359041853222,0.1287191263258841,0.11630662596262815,0.0507314920588211,0.10006566146445842,0.039463191802789024,0.04631310994474407,0.0016594866843270078,0.2078788065117053,0.08569440272150812,0.11245629191416737
rowId210,0.15346551334662537,0.08338120696561022,0.07659175563472435,0.03387939669877388,0.36457726444627037,0.10360607847073296,0.06039117806019295,0.059443151246513115,0.04465075375308366,0.052083190847696914,0.02957582199534259,0.2251822106904705,0.12410549086147098,0.09970243584113091,0.012961469731987266,0.06952257454552643,0.04727763522576811,0.03387939669877388,0.13725806414437652,0.31529600635664984,0.019916581577746697,0.05422935740651338,0.06439905526673266,0.05861421065705314,0.0899400568571098,0.08569440272150812,0.08545342411244973,0.14113352939866172,0.03848544513246123,0.025031390642341268,0.011167719420105799,0.00176492202251769,0.2159207442663503,0.11201857577179962,0.19629602978222907,0.00424493197697294,0.03674381607780177,0.06215243224595004,0.24358307554122477,0.43869097846121036,0.07031572056692838,0.026932067970345412,0.023303430075389122,0.015165196934626564,0.06556312471448641,0.06356196425814355,0.10316854057431916,0.021157916276166023,0.024771235204193724,0.04610325480715077,0.03735839786408729,0.08684442825395526,0.16426708102052753,0.07206168782554961,0.10618502505903259,0.220292524920484,0.13571850953256293,0.10440381610333906,0.11598418326398066,0.2111621141291003,0.03666282831631107,0.020621798518323027,0.062285713965148974,0.03007671168660523,0.06650081836383148,0.02611256720996245,0.10724947234195165,0.0878045545547013,0.03277899940354323,0.08653034708937724,0.028547592901568733,0.04892163518420947,0.21640617987221014,0.0571866857956583,0.09300221264141717,0.12131608126838168,0.0415090335415429,0.06819333741960472,0.0330249773605309,0.3556424361647484,0.017923659099580245,0.004152926940190109,0.059236462286335244,0.09855186215742719,0.04298511575898325,0.261655810195167,0.026824400993290573,0.04734445323783841,0.08566758211999098,0.029943120478630375,0.021772511529288482,0.10279955933541127,0.02710899991417163,0.033097731182593564,0.028799829447790155,0.11443541100529811,0.03548375469695007,0.03217564722898496,0.01513130881026172,0.039716931145939396,0.03563154151704626,0.02743976817762768,0.03648124451396212,0.02611256720996245,0.3556424361647484,0.04379595926580875,0.11122896499749457,0.1834345178956457,0.10131679962040124,0.07044365083545326,0.05942891483026106,0.032264556125907624,0.12972031364053122,0.21463072383043022,0.17822411405818522,0.14764441014550456,0.26881345614637076,0.07853026456257887,0.03775970949684174,0.04222067134673445,0.1957036499749003,0.34891311677638054,0.02815537823506851,0.0031098328052653304,0.1655563823290761,0.09045302062979264,0.1051118587615843,0.1320554396711257,0.0471885983259131,0.06844674841574178,0.1341652501913408,0.0838457233068345,0.05861421065705314,0.18191540179836385,0.03215927506634591,0.038486313482753644,0.07666916063144738,0.0068412080772048455,0.142594228576919,0.039463191802789024,0.14343504384091949,0.03848727934251136,0.039872841557605905,0.023330181294667924,0.05379965376413866,0.0667889379457594,0.04162392941264945,0.24775353246930432,0.03961435402692669,0.02584657308877199,0.09279965872048816,0.08079535123336722,0.0316759563735845,0.09018835436075119,0.06421392437529953,0.02361421532171209,0.11133391901952686,0.15243063322524364,0.05945534751366567,0.30152961729774447,0.03542607471918619,0.09975901395039075,0.09669392721349093,0.03429226884051455,0.037320078735145645,0.16190114586296384,0.06408883949666411,0.08654471896219404,0.04128466076665463,0.04837986921081425,0.01907033912262752,0.04424430627846097,0.10236233413711866,0.034865189638133724,0.04203818600440162,0.09427147148233736,0.0899790526173496,0.047856065533528384,0.16364977061611355,0.26785683595267257,0.03835395733374427,0.05552993223624501,0.07113296854299447,0.04485720077955179,0.03530475507284041,0.09869680188678473,0.0013854556807550518,0.195916188529966,0.07373625391171952,0.15673013638471428,0.03419462071077893,0.12228666395372358,0.07441619064437292,0.3027496569786528,0.014716686096325607,0.013719858586891658,0.02116821400719217,0.05735554479919937,0.03875353309490299,0.026876565589276938,0.14141812516099347,0.12972031364053122,0.21095702757387483,0.20874618180906124,0.04203818600440162,0.09599121761833428,0.08969943217494578,0.04222067134673445,0.10874647795539916,0.15346551334662537,0.0329046009050689,0.26149081198054147,0.08263987967781321,0.2349367485001284,0.08154620190035185,0.02054140468873364,0.055615668272831646,0.1310381700263656,0.029237766048682105,0.06264437487725902,0.01817424356802463,0.3428503142213519,0.024098780808221292,0.012715153096983886,0.09820919447804341,0.09820919447804341,0.09045302062979264,0.1479456936785445,0.13881479140370268,0.027339415128827614,0.008203217482846543,0.03351405703448733,0.03045556880439479,0.07309631450339381,0.00424493197697294,0.030086858276874,0.08148668066719446,0.08969943217494578,0.004252289108198878,0.2078788065117053,0.33734359445085255,0.1323334003157555,0.018150947067355323,0.03542607471918619,0.027046187939357282,0.07730301579951251,0.04909027753160908,0.02999614690083302,0.06926103601658354,0.08482005250119078
rowId211,0.04998130919555556,0.0594686421835955,0.16842985562662227,0.10409300769221103,0.3260595187431702,0.08874543296011354,0.14113031011126084,0.0823375638533397,0.1125644642390023,0.04791447870766466,0.07554793194649385,0.051770520819839676,0.11477596273895989,0.051075750530004446,0.06485024265722507,0.18894688715902186,0.05805212147369039,0.5241880850131344,0.0632434822655344,0.020756155523585302,0.03835395733374427,0.08041896053972508,0.052384989966095176,0.1417595897119603,0.13316941358652512,0.0329315213687575,0.0360755870758148,0.021151515504727717,0.18628808680826586,0.16556059057061148,0.07058851242365444,0.012134930745230818,0.19277381183983736,0.023969313841829896,0.018784945065822876,0.23928241693201163,0.004799042885886919,0.1287191263258841,0.11909544926042755,0.0955187759967584,0.2073555137067861,0.057693300840760825,0.11538145086578852,0.010071064154334532,0.16190114586296384,0.06168446572573735,0.2121707794512331,0.014415037939537852,0.03248835396083318,0.033301821495489534,0.01927693647622441,0.10786140375021272,0.23672554762405443,0.11840644712166468,0.04809396790315217,0.11740460218514133,0.15258766027551868,0.00176492202251769,0.0329046009050689,0.10729126503837018,0.027167382687697555,0.08380283722038466,0.2204852418369684,0.273296513704592,0.025271682694782034,0.10197873909666125,0.11954656336370266,0.3064858950054413,0.01907473378512423,0.07090457711116659,0.08600653786498069,0.0429850759827676,0.03839141000492729,0.0721305894263954,0.12248603223318161,0.015258459652880734,0.11523398534945531,0.09272063992965827,0.058789740339478584,0.020889833352379115,0.18978437954448157,0.18191540179836385,0.0270145524300177,0.04645193071360075,0.22929229968146284,0.26879822329353653,0.06896073906595404,0.0857171521604164,0.1283805700797791,0.02056781267910599,0.045200432058649556,0.0842820761735914,0.21476115788320732,0.08969943217494578,0.09073026914828385,0.11530079725414541,0.07710103079442301,0.0987284859740227,0.03705585238141802,0.045795797598099486,0.03885148803211316,0.033579700002234446,0.06458494506397139,0.14971586933495437,0.17822411405818522,0.0537597443516009,0.0527981832657547,0.04774728846850738,0.2578014176647156,0.2111621141291003,0.06169254292998417,0.049744736908177364,0.11618044237816691,0.13421121227743957,0.06107495036395189,0.06021094519756196,0.02857897095131983,0.02273898861418235,0.044521419544169445,0.02225068215494732,0.02815537823506851,0.45997384824528237,0.04610325480715077,0.049744736908177364,0.06149509908870966,0.017072460048859595,0.05109981097667743,0.02580952453634657,0.01473791567634694,0.25635908080830144,0.08855830640387612,0.03845064532152613,0.04162392941264945,0.03235682904790616,0.008422735088664578,0.04253325415890776,0.03248835396083318,0.1879263109057972,0.10426991559030556,0.015701948111027837,0.0014311573718241751,0.027722067837179065,0.191928510251779,0.1563681993870599,0.047856065533528384,0.08135120198795744,0.04491749837502824,0.40557282941627437,0.05772318999452151,0.11385499890938716,0.05783041423428113,0.12205572874413355,0.06159513328574669,0.04879590076482457,0.021772511529288482,0.062888714605575,0.01839084429740458,0.025817662585343973,0.05578830709588376,0.03086444059220104,0.15627345005088242,0.029339572424451857,0.016358000002096352,0.08507553736647443,0.03735839786408729,0.0987284859740227,0.27036948105207664,0.05783041423428113,0.07309631450339381,0.26913692879840234,0.03736430133007787,0.015255115808022152,0.2219849138281642,0.04615051968663605,0.07593919617160745,0.019315778665033825,0.033365314010788134,0.30152961729774447,0.06644712560729071,0.02419396447389655,0.08517001339279531,0.06297106234016792,0.020598295357288864,0.035363195774129205,0.021157916276166023,0.06306523644878903,0.22380058753779314,0.05422935740651338,0.1266858152845967,0.05986381853936585,0.1417595897119603,0.0441892550832111,0.03589832647286954,0.008281152186413676,0.15492062769528012,0.10203295344644954,0.05783041423428113,0.043145974762119024,0.09222861443600389,0.015067319578338617,0.08685234331831665,0.04056119255652058,0.010399175499135192,0.038176370151236406,0.19223830649177262,0.0635494061796558,0.220292524920484,0.07309631450339381,0.03885148803211316,0.019892428173312823,0.18593018660940214,0.21215248245116475,0.034958360764687876,0.0300759063062323,0.16638812160611435,0.30124595258678216,0.06115579624633521,0.004799042885886919,0.0618648465896002,0.022901222912728655,0.017450624484275826,0.16638812160611435,0.020350234254141973,0.09500916353817297,0.017630175192375756,0.3003177616492855,0.012715153096983886,0.010343023728082419,0.05552993223624501,0.028358287807441887,0.18173888180230333,0.0979135366345343,0.15427323840338192,0.018291443294187214,0.025897385529207652,0.06675030899708037,0.09222861443600389,0.0550416688137162,0.05103956064333818,0.04525431632382581,0.017766762353292203,0.14638398611707923,0.05758670702735719,0.09975901395039075,0.028010747977871408,0.09325059267029452,0.14668917981254953,0.09429267373051416,0.023826594959694768,0.09761890088074457
rowId212,0.062430280141366375,0.05735692628781611,0.046388466784095875,0.07278167971079125,0.08969943217494578,0.1386428392245063,0.03160906145105333,0.03160906145105333,0.10006566146445842,0.2364121131322201,0.10639914686488107,0.03351405703448733,0.04641012420267559,0.06677823908643249,0.0402292473641634,0.12096049534283558,0.027839708058538748,0.08892913104888106,0.0722395239920576,0.18896364773024418,0.0196556399038762,0.11583779486055595,0.0429850759827676,0.054938895266455595,0.18541752096511707,0.04585573014994079,0.02562141734791899,0.06070335427422454,0.004317486260476565,0.0656152538296495,0.045376733613794906,0.1364655702278823,0.06267275232069118,0.09761890088074457,0.05882174479512728,0.09820919447804341,0.15778891138703702,0.047113868993233096,0.036649896912632624,0.019287301519781058,0.0618648465896002,0.051687603420260464,0.07364483211004082,0.03736430133007787,0.05995406151271267,0.02977049159155893,0.04230443740330246,0.3545963317289478,0.018639036263385752,0.056891079170697266,0.10006566146445842,0.09018835436075119,0.0522210458533132,0.14958268588671825,0.09593659412577094,0.05805212147369039,0.03352815115625609,0.18758162931895178,0.09199831259661723,0.06222357521808899,0.11288499704623164,0.033579700002234446,0.05104574543442532,0.0584438991170054,0.13323971897869835,0.16256286021822472,0.04176343650280099,0.14454419744297103,0.08079510604588554,0.43441487236169335,0.06631257114977637,0.16677513400863042,0.09699257399247305,0.04595539194754334,0.004332332792757682,0.10874647795539916,0.09543251971003722,0.008136093675204323,0.08414673120938626,0.03588597300280466,0.018844236993921484,0.1159413949746028,0.05196947250218702,0.08712547088757225,0.10981751210074983,0.06092904102196162,0.19629602978222907,0.08060394579563751,0.020807297962228015,0.13554704684960045,0.15919559162073024,0.2038753946093372,0.09226955809382711,0.04542468396420786,0.019457210346014938,0.08326537255041222,0.04615051968663605,0.02696476681248785,0.023826594959694768,0.07601437163497518,0.05696271235707727,0.029488681130087475,0.08732456447569596,0.05916657597753136,0.10190263505242705,0.07486977280851757,0.03248835396083318,0.07467052724840187,0.07755929807815137,0.0013854556807550518,0.07438060590537096,0.14011744072666557,0.2507306932863154,0.15217526271752516,0.0597815607672343,0.015701948111027837,0.13421121227743957,0.09811087086971863,0.06485024265722507,0.1178912662492186,0.0857171521604164,0.05861421065705314,0.14190502455906753,0.04204329395914663,0.12252495912844875,0.12941427028674948,0.11614626967264054,0.0068412080772048455,0.06421392437529953,0.024871013115369402,0.24172811512025913,0.06496844226399118,0.15863599133732575,0.08507553736647443,0.04570153127571757,0.07800111967087671,0.0505517010170282,0.13323027286096276,0.0656152538296495,0.07194821538076857,0.10290633734405875,0.033220339547255416,0.023849798036602254,0.08969943217494578,0.018958315266224966,0.07627885643610594,0.028799829447790155,0.07400884668123524,0.1647014841231385,0.15544147439358993,0.12319189475464339,0.18896364773024418,0.09622246946358516,0.022901702888118634,0.16646448339576006,0.04162392941264945,0.001160583601150869,0.06588276610283748,0.01855574938879523,0.03419462071077893,0.023992342584586136,0.059443151246513115,0.030693479075619284,0.051770520819839676,0.24595226603168896,0.026059042153095482,0.05486872498828684,0.09340039086107733,0.0017202596135649285,0.15967368453543784,0.029274926692899546,0.009256460734643968,0.017766762353292203,0.04892163518420947,0.13571850953256293,0.059480149237931254,0.072099642549982,0.04346462473617179,0.2073555137067861,0.04095910770721359,0.03854164996678236,0.2483154695117704,0.04485720077955179,0.03983059066932128,0.11730261187148877,0.02002952840479787,0.00193613108216705,0.03359679780667776,0.03299054287185349,0.05295063780666251,0.025160760491888617,0.017273800303183713,0.04364627000013338,0.17638672838815636,0.03429226884051455,0.04806025016521924,0.04542468396420786,0.1615715416251067,0.09094831663440615,0.05147005307257128,0.013484203769131214,0.15427323840338192,0.11752161948341273,0.09720702222508476,0.062045093156662276,0.02580952453634657,0.10290633734405875,0.04458682553622899,0.059236462286335244,0.22290272665912386,0.1789631763486703,0.03334952467146852,0.04230443740330246,0.07856483488912339,0.04471466947688636,0.03052038560590705,0.0522210458533132,0.35371062299421097,0.01348667430785373,0.0735112610680996,0.08786929151668124,0.05834169532601587,0.30318879799301185,0.05882174479512728,0.07486977280851757,0.04727763522576811,0.06136603642967155,0.06107495036395189,0.04641012420267559,0.03735984974308029,0.3180651754385313,0.05623017099871448,0.14632140965753745,0.1086200947835858,0.08326537255041222,0.014716686096325607,0.05696289288454036,0.1412294811690744,0.02351227273072225,0.06677823908643249,0.006801340860506317,0.04178727469312611,0.024124754485251945,0.04071275281232493,0.10667485251271967,0.036763862238349515,0.019457210346014938,0.0201585408420951,0.10279955933541127,0.018700198478567746
rowId213,0.1825014914548815,0.028255731759402766,0.2121707794512331,0.11840644712166468,0.13625357738901228,0.1631943737956888,0.11882319584165722,0.061019999055244085,0.04440583666255198,0.026276556651016393,0.04185138268959872,0.08029710466537372,0.13421121227743957,0.05511425938721453,0.03871069082009698,0.13421121227743957,0.060137038670072376,0.1233723421551813,0.04102533692048867,0.10575797204979392,0.016063735838563173,0.1320554396711257,0.053552928875930855,0.10426384688641321,0.11181024998578303,0.07993950078430732,0.08196324862914352,0.09487925635320633,0.07800111967087671,0.024098780808221292,0.04178727469312611,0.0268184986299694,0.16241222083888848,0.06415207462311867,0.220292524920484,0.034192443862057706,0.08586955293230615,0.023303430075389122,0.036763862238349515,0.03825583218523496,0.19690434088246628,0.12450729421284275,0.09519306227719453,0.06584863655866877,0.02794422929916819,0.038669056209247425,0.061847437905578964,0.05670052168664793,0.034865189638133724,0.03468003074247901,0.05848213623398934,0.020386609431187586,0.032952065867482595,0.08826146903160012,0.027531620896947936,0.08892913104888106,0.06168603994923707,0.2658849877817125,0.13021606959958118,0.08914338531565498,0.11594780990046437,0.35546825740553917,0.140959726596463,0.27036948105207664,0.028765196562273956,0.06753860586174079,0.09025769470979908,0.06039117806019295,0.0607849939934305,0.09361426491082366,0.25881898426779637,0.043406971336301,0.03418168625114799,0.07178921113168528,0.027768061154365427,0.00884621442655624,0.1215872123146998,0.036601858906629224,0.04491749837502824,0.05180395422007624,0.10708985912028696,0.1266858152845967,0.04056119255652058,0.015469941711065378,0.14716545133457043,0.021922161283611755,0.08078607664578705,0.03253960227038006,0.3391137012024435,0.05995406151271267,0.11242857206816594,0.03927340148775338,0.3093554490731001,0.02239055797752867,0.06164151164633323,0.07262101302967139,0.2251822106904705,0.1789631763486703,0.03735839786408729,0.1581044432373948,0.04219281776284814,0.06584732067285312,0.016040533338174266,0.09045302062979264,0.01660390198358485,0.10279955933541127,0.057693300840760825,0.08786929151668124,0.01046299191267717,0.0824477990648991,0.06551654894201865,0.06115579624633521,0.06796177011202863,0.07915161640724724,0.03137587953540144,0.0785721462772907,0.11583779486055595,0.055466322071612284,0.06399474151154907,0.030182422378276723,0.053866987442392295,0.0465363904616811,0.047635917976653605,0.027381273594172674,0.05268225340870092,0.07993950078430732,0.026059042153095482,0.06455453056223481,0.1042569366773471,0.2186621908474496,0.05552993223624501,0.0401083087727199,0.05670052168664793,0.04647464526117058,0.04292360038385886,0.04879590076482457,0.140959726596463,0.26913692879840234,0.14141812516099347,0.05109981097667743,0.15967368453543784,0.020498449919657748,0.2076241358354501,0.011353764515775563,0.033301821495489534,0.07117919171599127,0.019996810121400154,0.013845486774718425,0.045509685059433785,0.01839084429740458,0.054822115843996516,0.09244417169740099,0.05379965376413866,0.15086271529609083,0.03839141000492729,0.04440583666255198,0.2642019076465018,0.06556312471448641,0.16710876139780362,0.05916657597753136,0.033365314010788134,0.1369968788708034,0.13949900142465416,0.34567410193402004,0.04463339559281491,0.10934531532203123,0.050978000566798576,0.03839846356265713,0.014860908062084252,0.03737447382194406,0.12131608126838168,0.49528609136595186,0.014951362342960125,0.1323334003157555,0.03726148697091725,0.04455737455271466,0.1655563823290761,0.025720319365882233,0.021067898405439718,0.22290272665912386,0.018958315266224966,0.0474565992792932,0.03321758702491373,0.05291159731953287,0.10121866702268312,0.00176492202251769,0.03425876494478175,0.02264041966360618,0.026059042153095482,0.039097178403433,0.02385857807363168,0.031798389482455613,0.23725070138533247,0.04759092305037301,0.03240034146396136,0.019845656749530753,0.3061785138368613,0.03294574279750345,0.051141409945534407,0.0181559662694938,0.08569440272150812,0.021241772437108286,0.04190173012996835,0.26913692879840234,0.060636570386870495,0.09599121761833428,0.0027510090008349614,0.02049398507016983,0.08698319649927172,0.10902995955306398,0.07241697745172099,0.261655810195167,0.16677513400863042,0.3182529286418399,0.15544147439358993,0.12562638679141755,0.038486313482753644,0.03319675917204851,0.15863599133732575,0.09543251971003722,0.036230841073632856,0.026585059228289947,0.05399159008563422,0.020756155523585302,0.05940037972146779,0.020529509358829346,0.03007671168660523,0.031559092364981736,0.08230037117986294,0.04095516332527793,0.0337456475259338,0.06115579624633521,0.07400884668123524,0.043858403215920334,0.18870426167675433,0.0554855060325719,0.06584863655866877,0.006246975601047956,0.1090167930446169,0.04071275281232493,0.045616126317840226,0.020122083008015757,0.019457210346014938,0.025897385529207652,0.01387351467132388,0.04817075298797411,0.03561139959328582,0.06090742961770446,0.09970243584113091,0.07379161689293162
rowId214,0.04276085660505043,0.24358307554122477,0.1615715416251067,0.01839084429740458,0.22290272665912386,0.10006566146445842,0.13957516578622461,0.035261434698328355,0.10112773277521184,0.04463134321514318,0.05991102424496552,0.142594228576919,0.06588276610283748,0.014956096707606049,0.10485570365903252,0.2121707794512331,0.10325348019017183,0.06844674841574178,0.12607267965372257,0.08434440432053056,0.034911584713727004,0.012944281733999176,0.10125690672229279,0.03815638308977166,0.16822232470883255,0.012382517878824474,0.23861576314397512,0.07298990170758035,0.13323027286096276,0.03429226884051455,0.07993950078430732,0.123826265711517,0.02002957821666919,0.04128466076665463,0.021118410496397552,0.021595790954911927,0.025271682694782034,0.09703680934456076,0.11362113880128479,0.10006566146445842,0.0979135366345343,0.11144192143260966,0.022052915920142253,0.07020954388857871,0.05991102424496552,0.14825661287507363,0.03386979239732146,0.05196947250218702,0.05670052168664793,0.06031646013147246,0.06841565862114168,0.07993950078430732,0.09760076578435951,0.019287301519781058,0.26307161862603196,0.011353764515775563,0.05170643345835024,0.07730301579951251,0.01987491124064308,0.1364791135843468,0.07397354572993337,0.10112773277521184,0.10250890973583873,0.044860885474410195,0.09543761332904574,0.20874618180906124,0.01277488990260344,0.023849798036602254,0.078934870899722,0.07913518569135433,0.30152961729774447,0.04785285354146018,0.018150947067355323,0.00588991757559099,0.10398192488485646,0.1354156656773594,0.00866723760616279,0.33732251758153786,0.19039423461709837,0.03737447382194406,0.08577860073031916,0.05449139133272031,0.0772783426344131,0.023908994145860896,0.04804952846042931,0.036187468336751134,0.07037493381792351,0.03334952467146852,0.19562540965975656,0.0541445986603901,0.05834169532601587,0.21095702757387483,0.027876176803554725,0.046794393761696036,0.04669969026339511,0.044860885474410195,0.04078779991944996,0.010874952074147064,0.01976819149240272,0.220292524920484,0.057693300840760825,0.00424493197697294,0.09555741616989258,0.03193248632198632,0.09097591582361568,0.024098780808221292,0.048297437251682875,0.04998130919555556,0.014661684040514657,0.26913692879840234,0.10934531532203123,0.02562141734791899,0.02352782975286913,0.04821058808631389,0.093388886946188,0.020321361358463564,0.08496200088294405,0.0771158955617825,0.04573619491427452,0.05692538241875496,0.2523686063220783,0.12380179439755364,0.09330931421783428,0.10039258696788503,0.035261434698328355,0.09599121761833428,0.02313053330121862,0.02710899991417163,0.15492062769528012,0.15607134131012784,0.09330931421783428,0.03520873620064968,0.04759092305037301,0.08352530227143147,0.039463191802789024,0.01976819149240272,0.05037667855411855,0.06384464835745123,0.029446283759633547,0.13962037808819094,0.04669969026339511,0.0026465754916795395,0.1356380804867504,0.13725806414437652,0.11362113880128479,0.0406149742766575,0.12321405941938406,0.4100194020764493,0.18426750232774555,0.10197873909666125,0.06882577223500075,0.02774020260628076,0.1233723421551813,0.026876565589276938,0.02660472372197752,0.016063735838563173,0.142594228576919,0.11181024998578303,0.0201585408420951,0.3148892573261145,0.14939398150028746,0.17530093677818082,0.015801451102450778,0.008136093675204323,0.018806418396416683,0.004975004103988152,0.13990357565144373,0.12380179439755364,0.20872635028747744,0.0876026134183375,0.08244247697781007,0.06650081836383148,0.07023972692722037,0.02635623173074948,0.18894688715902186,0.12251165950289139,0.0721305894263954,0.09622246946358516,0.0874903467327799,0.002316316510001745,0.014375380660155637,0.07441619064437292,0.023682065233235416,0.032818997701746046,0.22105905987919588,0.0779192497212779,0.10618502505903259,0.03386979239732146,0.01895455216864403,0.15784646325867696,0.12347727137335505,0.14147342497775015,0.01907473378512423,0.057363782537312245,0.14399552386602338,0.02317179731502134,0.06753860586174079,0.06149509908870966,0.09611385024571852,0.11512592140157864,0.1246497705187889,0.05636390858181385,0.023828379467334102,0.026709505515855436,0.07762287103978621,0.12138970524070905,0.012302249161072084,0.05769832902229535,0.042946920005675966,0.015793248160788205,0.0905182719978466,0.025024671166916177,0.06556312471448641,0.04821058808631389,0.36799292665354805,0.05696289288454036,0.06551654894201865,0.010874952074147064,0.026824400993290573,0.01512409783235807,0.04083088049915265,0.06886356171131285,0.06092904102196162,0.03449769517907935,0.23861576314397512,0.02857897095131983,0.2632336066482097,0.07426990010622855,0.03786621570464605,0.046747789712766004,0.07070226275940979,0.03574794240080859,0.13289247623394812,0.03612476729242831,0.04525431632382581,0.12558596605576303,0.018844236993921484,0.03163575376733747,0.22290272665912386,0.01612460411241117,0.01927693647622441,0.1295841708513099,0.02691960586289213,0.18435777333481965,0.07929654641953629,0.015352563380492361,0.06922884638999138,0.16678773669465566,0.07278167971079125,0.08445385072126431
rowId215,0.023846452282117396,0.07856483488912339,0.0010202824078819834,0.06267275232069118,0.195916188529966,0.1265934144919582,0.06377588926060201,0.0329315213687575,0.11588311427078586,0.031868410667312,0.15492062769528012,0.01970153680309463,0.028923152962393183,0.08685226182184991,0.14573659520976878,0.03935005438836094,0.022198968675706938,0.01988249542172972,0.05081679252632302,0.14143183671796988,0.010394252366224313,0.023303430075389122,0.004317486260476565,0.16870580819916503,0.04455737455271466,0.21415924083222407,0.016137772223863426,0.03854164996678236,0.1968180510868663,0.05291159731953287,0.0597815607672343,0.12450729421284275,0.09703680934456076,0.020122083008015757,0.06415207462311867,0.13464322407379928,0.026932067970345412,0.027381273594172674,0.16364977061611355,0.019287301519781058,0.11689600783611202,0.07178921113168528,0.061847437905578964,0.002786736453702084,0.026263694827171676,0.0406149742766575,0.04095910770721359,0.10729126503837018,0.11777693041468404,0.0899790526173496,0.1052622382613658,0.2121707794512331,0.22290272665912386,0.03782898930479036,0.05735554479919937,0.08377775022095811,0.14343504384091949,0.051082808073531286,0.1295383910867325,0.07593919617160745,0.12526723464431033,0.04190173012996835,0.2003959170726871,0.057363782537312245,0.2496359041853222,0.03127487733751449,0.18719690702186523,0.04809396790315217,0.1631943737956888,0.022579196739952512,0.04816170391689469,0.3727138994028762,0.10421310024034515,0.10038797037179867,0.06215243224595004,0.034000464186655505,0.059004586079247745,0.0314607697635493,0.10252991989402437,0.09763967183037908,0.057350477925272175,0.09543761332904574,0.07438060590537096,0.03871069082009698,0.19009898732459152,0.03666282831631107,0.08249538594581472,0.042261196458572674,0.04256926151243291,0.05834458195742017,0.05833622116877451,0.04471466947688636,0.07426990010622855,0.0201585408420951,0.08964431767445613,0.005745803733773644,0.1911693802116228,0.043406971336301,0.032264556125907624,0.1295178019926262,0.09097591582361568,0.09361426491082366,0.06750234075417384,0.04300577383145825,0.13957516578622461,0.01612460411241117,0.025197618312624327,0.06048729749479088,0.02313783907768579,0.06194984082576789,0.04455737455271466,0.08018129967829611,0.02840389634552638,0.07593919617160745,0.10409300769221103,0.123826265711517,0.15962122246056037,0.16552069044415763,0.1287191263258841,0.127041027563886,0.02765053618110973,0.07565897206750936,0.05735554479919937,0.03113679629243459,0.26913692879840234,0.14988539535299075,0.1141660897894949,0.010673337756590316,0.05636390858181385,0.01660390198358485,0.08060394579563751,0.053866987442392295,0.036405905071761224,0.03942154954513675,0.10639914686488107,0.014019535842511229,0.02660472372197752,0.1233723421551813,0.05024722004133929,0.08566758211999098,0.02263917793753184,0.063784276915804,0.01907473378512423,0.016973271370151134,0.11837185643558287,0.04998130919555556,0.07005594247260512,0.02650003550771703,0.01316133287268846,0.1427773981478607,0.015335599796271132,0.022579196739952512,0.05109981097667743,0.16426708102052753,0.0656152538296495,0.08907090607325127,0.11529490747573133,0.023826594959694768,0.03705585238141802,0.09379182321443247,0.02840022742037241,0.06053130067514153,0.005005215016144767,0.2258985049700433,0.0823375638533397,0.06601684212396985,0.07445848668361738,0.0878045545547013,0.06679846799465182,0.02520256731126624,0.03815638308977166,0.1141660897894949,0.01855574938879523,0.09279965872048816,0.07805267957088467,0.2606536427728311,0.0399806288070988,0.20044102279815545,0.1789225102535176,0.18896364773024418,0.01612460411241117,0.048297437251682875,0.11186074983563712,0.08654471896219404,0.05735554479919937,0.12912460435442497,0.20146058500594796,0.03727036506772215,0.11385499890938716,0.09487925635320633,0.0890610933244565,0.04132392199381643,0.11138415490383903,0.059004586079247745,0.04759092305037301,0.029274926692899546,0.19435376875942542,0.0415504732210638,0.11772017342388433,0.17158028346212587,0.2111621141291003,0.061847437905578964,0.5570239156008115,0.047856065533528384,0.09519306227719453,0.055938634554263025,0.05978660310536649,0.1141660897894949,0.16190114586296384,0.058487495737945545,0.07197347829236062,0.09199831259661723,0.056891079170697266,0.04364627000013338,0.07929654641953629,0.5570239156008115,0.021527467005206555,0.09820919447804341,0.18611516817269508,0.1228991753105598,0.022052915920142253,0.03400334190851857,0.04998130919555556,0.18694592172753058,0.1357009020748816,0.15785882849713337,0.03868360349542509,0.0196556399038762,0.05295063780666251,0.15086271529609083,0.03733659973021283,0.11740460218514133,0.028799829447790155,0.05580781562436631,0.03983059066932128,0.0954788470012861,0.06841565862114168,0.08048125822188523,0.09280744993744025,0.0752064061748442,0.09763967183037908,0.07261732845551341,0.09865414033922758,0.11625767060285853,0.04509791694775669,0.04230443740330246,0.14529841026851467,0.11412182255391809,0.04754028045988503,0.01987491124064308
rowId216,0.00866723760616279,0.10349991225940729,0.04463134321514318,0.03280757013644673,0.3148892573261145,0.03948408970897994,0.009681513657680633,0.13421121227743957,0.033309323892934846,0.02520256731126624,0.1042569366773471,0.034865189638133724,0.14147342497775015,0.36062337047888127,0.03514465642276618,0.062303464678621655,0.1792834397466763,0.010343023728082419,0.017430691886933358,0.016063735838563173,0.07037493381792351,0.02466226316757737,0.08136133338035202,0.04379595926580875,0.02623006659696883,0.04481391576928428,0.03965121145683844,0.14343504384091949,0.01512409783235807,0.031275357344309446,0.11443541100529811,0.06216262999539586,0.062430280141366375,0.04424430627846097,0.017128430737049664,0.1417595897119603,0.07988827723680285,0.19512175973379914,0.06134163395735278,0.1674209607725292,0.04162392941264945,0.06279852860220687,0.04256926151243291,0.05307977036299651,0.07441619064437292,0.08635270049928916,0.10114236738919029,0.24094477657595723,0.025311766711087064,0.017672990361177764,0.02352782975286913,0.140959726596463,0.0879574190924659,0.35546825740553917,0.06064146875180415,0.11836588863489117,0.028799829447790155,0.1696726005404289,0.0009565827979865296,0.0017202596135649285,0.08041896053972508,0.02239055797752867,0.07621505512326755,0.1466377351705964,0.08377775022095811,0.04525431632382581,0.07580490169761156,0.052153667803229845,0.2483154695117704,0.07886327830220485,0.2204852418369684,0.20989097606091836,0.09017447478088754,0.05090188545054481,0.07767994817908282,0.3175120038808173,0.051687603420260464,0.10995881609813189,0.24967309262222043,0.11625767060285853,0.05104574543442532,0.15919559162073024,0.07926505648786575,0.03905296466375901,0.033555591874811025,0.03544609355570803,0.07451204275514442,0.018844236993921484,0.03832618871610142,0.06168446572573735,0.025174039322353518,0.04375041821232045,0.03815638308977166,0.09959952523575737,0.0009565827979865296,0.05735692628781611,0.04952331415873677,0.0699667824915573,0.10114236738919029,0.019287301519781058,0.043406971336301,0.02642587952391636,0.0014734937643591185,0.008422735088664578,0.061013159375091844,0.00501509556765598,0.0629887879839539,0.08079535123336722,0.3027496569786528,0.01669423581904388,0.03794816822754598,0.22105905987919588,0.061119482480982854,0.08352530227143147,0.07856483488912339,0.02481288025966938,0.06215243224595004,0.10981751210074983,0.0196556399038762,0.043858403215920334,0.10290633734405875,0.06039117806019295,0.14687038373156372,0.13464322407379928,0.18186820160151645,0.1932187420887361,0.0699667824915573,0.15217526271752516,0.08600653786498069,0.03518168490499371,0.05783041423428113,0.14190502455906753,0.11432857919387622,0.043406679589960986,0.03957776695492004,0.06753860586174079,0.03927340148775338,0.1825014914548815,0.03942154954513675,0.10250890973583873,0.06693039258088294,0.03502074766405762,0.0415504732210638,0.060446261739116706,0.06677823908643249,0.04458682553622899,0.09854469621923163,0.1843844272071021,0.020064425577496253,0.06164151164633323,0.179143948589297,0.03908833083751431,0.0190519723518334,0.045200432058649556,0.07228921937305575,0.07397354572993337,0.11594780990046437,0.0890191691639798,0.07445848668361738,0.022901222912728655,0.10394473113420492,0.1354156656773594,0.04982025888411105,0.03418437605602435,0.036187468336751134,0.02447860325380291,0.2394309350208083,0.007615392198972024,0.025817662585343973,0.11593151931672963,0.07426990010622855,0.04256926151243291,0.08152949166667502,0.023682065233235416,0.04078779991944996,0.07397354572993337,0.01855574938879523,0.172012297833012,0.04270954807646496,0.049621278745842524,0.05220606181220708,0.013725977296703391,0.03007671168660523,0.10565873408288223,0.10364937774625661,0.055938634554263025,0.07767748564375446,0.06458494506397139,0.07220956990215752,0.06356196425814355,0.05453101905055259,0.09939811435029541,0.04589955972427422,0.11529490747573133,0.03419462071077893,0.02243896273490084,0.08938470287517632,0.16903165089690644,0.028923152962393183,0.03277899940354323,0.06759523942494555,0.22929229968146284,0.1412294811690744,0.023992342584586136,0.07864944924210476,0.06457918226837461,0.0014042345243768168,0.031876346560642095,0.025355727280114457,0.034911584713727004,0.05037667855411855,0.06375824879173388,0.062430280141366375,0.028174092892130336,0.05081679252632302,0.07929654641953629,0.08964431767445613,0.02081028375652667,0.06382012832209755,0.07417031644006374,0.18249217498805528,0.45549265311912734,0.13949900142465416,0.07554793194649385,0.038971085005950805,0.0823375638533397,0.035261434698328355,0.07580490169761156,0.012558098626810878,0.08507553736647443,0.11432857919387622,0.07886327830220485,0.11861451035848701,0.0955187759967584,0.08041896053972508,0.03942154954513675,0.11362113880128479,0.11837185643558287,0.04364627000013338,0.055251470079924085,0.030614514599098204,0.046388466784095875,0.026585059228289947,0.04645193071360075,0.3469715121223475,0.013653968348247239,0.10203295344644954,0.045360789929056525,0.16842985562662227,0.04769708527913133
rowId217,0.02317179731502134,0.02447860325380291,0.14190502455906753,0.02137279835562717,0.12941427028674948,0.13881479140370268,0.15967368453543784,0.03163575376733747,0.01046299191267717,0.01976819149240272,0.10316854057431916,0.007615392198972024,0.033506658653691006,0.11027956864797933,0.09950116357986438,0.05833622116877451,0.1090167930446169,0.05429242909402791,0.09272063992965827,0.03737447382194406,0.05334765586927046,0.20540485068688014,0.01907473378512423,0.15227726780942955,0.1911693802116228,0.05422935740651338,0.04806025016521924,0.17638672838815636,0.006885013636356038,0.0664158250271298,0.21004634554321927,0.015701948111027837,0.035260075015522224,0.27298330321199804,0.06321851305053366,0.15778891138703702,0.09519306227719453,0.0474565992792932,0.18444224677760085,0.05058439109993849,0.09025769470979908,0.04036084414354057,0.18545904204552274,0.23303426545035244,0.06321851305053366,0.10294895835231888,0.030387354680054202,0.042261196458572674,0.03418168625114799,0.10252991989402437,0.09225130635784731,0.07734764030560726,0.0607849939934305,0.02116821400719217,0.03848544513246123,0.03334952467146852,0.06420564322210497,0.05661462709928093,0.0522210458533132,0.033506658653691006,0.03240034146396136,0.029352972462383407,0.15795199457320505,0.20579014505034474,0.07810796492859388,0.020529509358829346,0.07197347829236062,0.07710780672072709,0.2111621141291003,0.05460540520056117,0.03705585238141802,0.07241697745172099,0.03045556880439479,0.031193985106960725,0.36062337047888127,0.18593018660940214,0.14190502455906753,0.03590586360127347,0.14311180265807422,0.15962122246056037,0.0954788470012861,0.04774728846850738,0.015469941711065378,0.3162993595987294,0.020621798518323027,0.07929654641953629,0.03502074766405762,0.07058851242365444,0.0439131798692914,0.11726927412993757,0.584049185076163,0.1266858152845967,0.036649896912632624,0.2333867513310674,0.03319941164403907,0.05805212147369039,0.15664252575486765,0.07074922075822708,0.07261732845551341,0.011167719420105799,0.14399552386602338,0.00723332362833648,0.049508764798018974,0.23672554762405443,0.10007624563057085,0.14147342497775015,0.03666282831631107,0.037500805942635745,0.12562638679141755,0.012382517878824474,0.24967309262222043,0.060137038670072376,0.03994451649516368,0.07397354572993337,0.06874798169201987,0.10729126503837018,0.06216262999539586,0.02049398507016983,0.018639036263385752,0.053552928875930855,0.04305512182419307,0.0360755870758148,0.04267621179097056,0.03548375469695007,0.11836588863489117,0.09543761332904574,0.10849236044690688,0.06759523942494555,0.04070808234821544,0.04481391576928428,0.17638672838815636,0.03121060153353462,0.05916657597753136,0.05307977036299651,0.04370905553095802,0.07006921752847214,0.16181108040061645,0.03815625801769054,0.03674381607780177,0.027407112804122807,0.02815537823506851,0.07197347829236062,0.04768002594368225,0.0643135158345426,0.049508764798018974,0.03563154151704626,0.14638398611707923,0.01770105402259905,0.05511425938721453,0.21326958176696714,0.05609276012837682,0.20397206245230323,0.07417031644006374,0.13621507646855882,0.04280986253284726,0.04837986921081425,0.22380058753779314,0.1364655702278823,0.050978000566798576,0.06460373209232116,0.03839846356265713,0.021030671122743688,0.09720702222508476,0.12380179439755364,0.023849798036602254,0.03319675917204851,0.039097178403433,0.020598295357288864,0.08377775022095811,0.33732251758153786,0.10820335962123553,0.045791771541429424,0.3260595187431702,0.1185385584173658,0.03113679629243459,0.18541752096511707,0.12248603223318161,0.07131261226026689,0.07853026456257887,0.01316133287268846,0.06420564322210497,0.04300577383145825,0.037558283967565914,0.07114096024572565,0.03004152838787338,0.015255115808022152,0.015165196934626564,0.09897951380933881,0.04917298652148906,0.19016002304180096,0.05098374705089239,0.15883501452833554,0.0576500574178649,0.03294574279750345,0.04267621179097056,0.012409812198573015,0.1441239985181465,0.060266059686105294,0.03240034146396136,0.03387939669877388,0.1625737309454052,0.03489886399072764,0.28973263368498414,0.021580403233670803,0.001160583601150869,0.15664252575486765,0.05692538241875496,0.06115579624633521,0.03235926346470298,0.0533719563635346,0.11755973381021978,0.040845637903666084,0.03315502653878524,0.0201585408420951,0.041996588786748404,0.05210881518392313,0.07621505512326755,0.1615715416251067,0.07426990010622855,0.12807209650745013,0.01612460411241117,0.0842820761735914,0.0878045545547013,0.08984605018464675,0.07206168782554961,0.0627691656825544,0.1283805700797791,0.08586955293230615,0.07844066975234061,0.05696271235707727,0.1640993206899182,0.23725070138533247,0.031089106207021117,0.013902640332945745,0.2200078992959789,0.18186820160151645,0.05453101905055259,0.20872635028747744,0.02419396447389655,0.03520873620064968,0.2076241358354501,0.03163575376733747,0.020350234254141973,0.054214800583152645,0.0019743672866612385,0.2776265708225612,0.13914740977622023,0.03814931609514115,0.06382012832209755,0.07397354572993337
rowId218,0.03530730558576696,0.0979135366345343,0.07170174788096212,0.027910207489554757,0.07797456036523379,0.0984254873172523,0.10307852310271426,0.084028416742319,0.025355727280114457,0.10477976030004915,0.13396855290030701,0.03983635869480125,0.017128430737049664,0.2496359041853222,0.08970041153957714,0.03425876494478175,0.020529509358829346,0.03052038560590705,0.0439131798692914,0.00176492202251769,0.027980646120439018,0.30152961729774447,0.06302210618487246,0.03908833083751431,0.0277221587397961,0.03929745058332522,0.03217564722898496,0.022386710360606483,0.15758099506012443,0.584049185076163,0.19039423461709837,0.07441619064437292,0.20649467464612828,0.013570794622076622,0.27036948105207664,0.28033217266827043,0.022901222912728655,0.0014311573718241751,0.014375380660155637,0.06677823908643249,0.08914338531565498,0.05986381853936585,0.056891079170697266,0.0024663782729773404,0.05916657597753136,0.03845064532152613,0.04962240834602832,0.0300759063062323,0.06650081836383148,0.03501514193951451,0.038627933456537346,0.06302210618487246,0.07252304152301488,0.007024772460824246,0.051853501696350786,0.0330249773605309,0.02419396447389655,0.0749770436991232,0.004152926940190109,0.07785515459993708,0.03007671168660523,0.017686954574394967,0.05210881518392313,0.03832618871610142,0.043406679589960986,0.0595199526671757,0.08684442825395526,0.08964431767445613,0.05147005307257128,0.04305512182419307,0.0014042345243768168,0.191928510251779,0.03344599543635577,0.03875747499066945,0.0401083087727199,0.044860885474410195,0.10897046204943009,0.021595790954911927,0.05686893322128239,0.013563499102358852,0.03947508985661001,0.029326273724277544,0.1175324079111423,0.36400503546692115,0.021772511529288482,0.13829512470271474,0.033106713589935485,0.04892163518420947,0.16678773669465566,0.07710780672072709,0.12450729421284275,0.013653968348247239,0.08892913104888106,0.014375380660155637,0.06382012832209755,0.10125690672229279,0.05618891157550481,0.02977049159155893,0.0595199526671757,0.11583779486055595,0.02137279835562717,0.07637491113170373,0.1369571476989645,0.023849798036602254,0.06220922433133476,0.24172811512025913,0.09017447478088754,0.15227726780942955,0.1879263109057972,0.05330037918976837,0.11072836442583536,0.022964712006800666,0.1381458096349222,0.0635494061796558,0.02029622361328579,0.05995406151271267,0.2251822106904705,0.057693300840760825,0.0695040546611142,0.1321701883802027,0.21475093122862896,0.05580781562436631,0.05436172829632793,0.04375041821232045,0.17638607500940456,0.28973263368498414,0.057363782537312245,0.16646448339576006,0.10056264620920957,0.09097591582361568,0.43869097846121036,0.03726148697091725,0.034865189638133724,0.05886391966927162,0.020498449919657748,0.11412182255391809,0.023330181294667924,0.04990213832453254,0.08257032572084051,0.023908994145860896,0.034000464186655505,0.06316832941713058,0.15785882849713337,0.13957516578622461,0.033506658653691006,0.06053595980176759,0.030801362127112646,0.024266183679863794,0.03080378095493439,0.04178727469312611,0.04280986253284726,0.0721305894263954,0.10656782405670617,0.03113679629243459,0.06071106900104466,0.04130264847584571,0.18249217498805528,0.11963798953386495,0.11402291709174132,0.04292360038385886,0.19078411262500236,0.02650003550771703,0.22321178026943483,0.05787162479345371,0.12481380621321259,0.02733218066286086,0.06175482815656476,0.1843844272071021,0.1115905840203343,0.22961718615419324,0.04346462473617179,0.027146168235100094,0.029943120478630375,0.21825403355153195,0.010196507717486642,0.10409300769221103,0.05696289288454036,0.07261732845551341,0.034958360764687876,0.06757375974048797,0.16822232470883255,0.08569440272150812,0.05260097431677552,0.04230443740330246,0.10820335962123553,0.03299054287185349,0.022201433566264018,0.001393729645481836,0.2507306932863154,0.2765435329574788,0.006885013636356038,0.11072836442583536,0.03157549614693655,0.17005480488327893,0.09462622765743829,0.0019743672866612385,0.018784945065822876,0.0785721462772907,0.030614514599098204,0.06381984694513282,0.19320656892222257,0.2076241358354501,0.01520413806018166,0.014716686096325607,0.07114096024572565,0.04203818600440162,0.018432099923438347,0.010394252366224313,0.03418168625114799,0.08044347490146428,0.019663016356227418,0.02774020260628076,0.04424430627846097,0.07113296854299447,0.01817424356802463,0.12450729421284275,0.07601437163497518,0.09939811435029541,0.03351405703448733,0.12860464508678013,0.019845656749530753,0.04203818600440162,0.04349725231215473,0.03681279137599688,0.09939811435029541,0.09073026914828385,0.14988539535299075,0.09899324295735384,0.18896364773024418,0.020889833352379115,0.08274407282366453,0.03822996370629155,0.06838469631026628,0.014716686096325607,0.07074577782997114,0.03386979239732146,0.020247981163211536,0.034000464186655505,0.06306523644878903,0.0629887879839539,0.027167382687697555,0.12411607552736283,0.03961435402692669,0.0429850759827676,0.13106381999870861,0.1266858152845967,0.18541752096511707,0.1369968788708034,0.025271682694782034,0.025392678101793305
rowId219,0.06399474151154907,0.19562540965975656,0.0772783426344131,0.18057994137607258,0.15427323840338192,0.23095548830597412,0.03548375469695007,0.3148892573261145,0.015664244459787043,0.055256227649755706,0.01907473378512423,0.1868962350416429,0.15919559162073024,0.06874798169201987,0.03544609355570803,0.03544353092451041,0.10534266627030402,0.045795797598099486,0.04251837313333597,0.0738920103499353,0.23861576314397512,0.36062337047888127,0.2776265708225612,0.1868962350416429,0.03540866522579982,0.06584732067285312,0.03429226884051455,0.025817662585343973,0.03814931609514115,0.026059042153095482,0.3070058519568064,0.06111234514641131,0.03788775710543377,0.05991102424496552,0.005005215016144767,0.06496844226399118,0.2644690882345289,0.12450729421284275,0.07170174788096212,0.06115579624633521,0.02840022742037241,0.03815638308977166,0.016358000002096352,0.03501514193951451,0.1323933915099046,0.01316133287268846,0.04645193071360075,0.04083088049915265,0.19016002304180096,0.033506658653691006,0.051082808073531286,0.07037567900853456,0.06303752745103712,0.03839141000492729,0.20428805750621565,0.01986848339245085,0.16552069044415763,0.2333867513310674,0.0359447612391452,0.05740994371397918,0.0362394855462694,0.01238592740711079,0.01473791567634694,0.033309323892934846,0.0030499094301360435,0.018955262996848417,0.1228991753105598,0.1445201601817003,0.027504269865620715,0.023580556072726674,0.26881345614637076,0.3194174998259263,0.0300759063062323,0.03915384690431336,0.05104160610971572,0.024338964763538914,0.01316133287268846,0.19223830649177262,0.16181108040061645,0.038669056209247425,0.1354156656773594,0.023054019550028122,0.3093554490731001,0.2121707794512331,0.06250205948427942,0.021772511529288482,0.18894688715902186,0.01612460411241117,0.045376733613794906,0.01348667430785373,0.029826891600890564,0.04615051968663605,0.17638607500940456,0.07988827723680285,0.011030822511195562,0.08583343789693548,0.021055835138022262,0.04132392199381643,0.24562228218208193,0.05101712555052155,0.08600653786498069,0.04463134321514318,0.3148892573261145,0.06455453056223481,0.07956170583697932,0.038486313482753644,0.0899923145289757,0.051770520819839676,0.06926103601658354,0.3715749938643185,0.03187190381782426,0.0540927417505276,0.04128466076665463,0.11512592140157864,0.10337740311861805,0.09939811435029541,0.013003491916629327,0.01520413806018166,0.04952331415873677,0.028943925314967582,0.018979402176076767,0.14958268588671825,0.1111333338491525,0.12211806068723663,0.15919559162073024,0.05354673072017464,0.06629030525291289,0.34891311677638054,0.19435376875942542,0.10605325488426509,0.08517001339279531,0.08226846302831745,0.08614679481226657,0.16710876139780362,0.09280744993744025,0.045581527511999786,0.01277488990260344,0.021067898405439718,0.07963498296649549,0.023705378825243036,0.05095963412617053,0.2765435329574788,0.2111621141291003,0.14113031011126084,0.054214800583152645,0.05212729291658361,0.054763426404342466,0.023849798036602254,0.20428805750621565,0.02278187826579537,0.023844478287064486,0.03832618871610142,0.03277899940354323,0.14113352939866172,0.10534266627030402,0.11752161948341273,0.06588276610283748,0.09543251971003722,0.02263917793753184,0.0657465267103825,0.0394077465670282,0.002121882473025589,0.05850393617212031,0.11523398534945531,0.1295841708513099,0.13571850953256293,0.1367338401089776,0.049621278745842524,0.0845594630992321,0.059236462286335244,0.03086444059220104,0.1321701883802027,0.04525431632382581,0.0899400568571098,0.12138970524070905,0.0550416688137162,0.08135120198795744,0.1550911996168274,0.011030822511195562,0.16822232470883255,0.09811087086971863,0.26913692879840234,0.00193613108216705,0.2152643211484814,0.07580490169761156,0.11365898223390919,0.03814931609514115,0.10114236738919029,0.1078497759557763,0.10921701078819221,0.04909027753160908,0.025333958859089768,0.05260097431677552,0.009873194535136116,0.028348923763038197,0.03875747499066945,0.019127231002087627,0.052083190847696914,0.27926771393662286,0.04097984159837939,0.03961435402692669,0.1788227873389219,0.06679846799465182,0.24094477657595723,0.05109981097667743,0.06584863655866877,0.18449154832084794,0.252546345387661,0.1911693802116228,0.21804882164329722,0.004975004103988152,0.054214800583152645,0.06169254292998417,0.05696271235707727,0.02815537823506851,0.23672554762405443,0.02351782199413517,0.019287301519781058,0.10806418965376709,0.04615051968663605,0.0632434822655344,0.012018084666396207,0.0329046009050689,0.020621798518323027,0.023580556072726674,0.041712302511136355,0.05024722004133929,0.019315778665033825,0.07956170583697932,0.02710899991417163,0.14573659520976878,0.023806578256957357,0.07767748564375446,0.13621507646855882,0.07792447873124378,0.12941427028674948,0.1466377351705964,0.03351128377193219,0.08482614416438125,0.24009752942176518,0.08738340122130314,0.1086200947835858,0.06791251188713673,0.10394473113420492,0.3093554490731001,0.04525431632382581,0.0824477990648991,0.023099802747534592,0.04187852298493348,0.03854625184302271
rowId220,0.0467562821725928,0.04615051968663605,0.05580781562436631,0.12972031364053122,0.04909027753160908,0.03240034146396136,0.0394077465670282,0.06841565862114168,0.029383760512826113,0.10316854057431916,0.08855830640387612,0.09703680934456076,0.06031646013147246,0.05271634220676527,0.09760076578435951,0.0360755870758148,0.36062337047888127,0.21640617987221014,0.025014108046232233,0.0984254873172523,0.10751684760680322,0.26881345614637076,0.018291443294187214,0.016686140188555895,0.020321361358463564,0.017947202939576485,0.16556059057061148,0.020350234254141973,0.09379182321443247,0.02743976817762768,0.2658849877817125,0.09236449954720602,0.06838469631026628,0.017998176002266903,0.10603764313892584,0.0030499094301360435,0.0329046009050689,0.23095548830597412,0.0505517010170282,0.06382012832209755,0.0241525457096305,0.19512175973379914,0.10316854057431916,0.057350477925272175,0.0890191691639798,0.04204329395914663,0.1078497759557763,0.08635270049928916,0.07506896499436568,0.1356380804867504,0.013845486774718425,0.022198968675706938,0.3194174998259263,0.1159413949746028,0.04892163518420947,0.16181108040061645,0.11840644712166468,0.04645193071360075,0.1086200947835858,0.06952257454552643,0.0905182719978466,0.08938879861991139,0.06390620491701236,0.027839708058538748,0.584049185076163,0.02977049159155893,0.09116752982577415,0.19388151623358074,0.11445004906312639,0.08614679481226657,0.05092201320945591,0.07417031644006374,0.25668347936274627,0.12912460435442497,0.19388151623358074,0.09074726331961366,0.04379595926580875,0.034370664243488024,0.03924510396556578,0.10039258696788503,0.3037920355828678,0.05787162479345371,0.04917298652148906,0.03359679780667776,0.11867710015527264,0.04809396790315217,0.01970153680309463,0.08738340122130314,0.123826265711517,0.06460373209232116,0.08061541586142089,0.07090457711116659,0.07810796492859388,0.15217526271752516,0.1441239985181465,0.038176370151236406,0.1674209607725292,0.4100194020764493,0.02794422929916819,0.17172641547838768,0.026274800215107787,0.03885148803211316,0.02953407343919929,0.00884621442655624,0.06168603994923707,0.028923152962393183,0.014399625229580902,0.08136133338035202,0.11432857919387622,0.041712302511136355,0.045616126317840226,0.033106713589935485,0.043071005021486634,0.05295063780666251,0.04586860269306368,0.017588295025992687,0.027531620896947936,0.05037667855411855,0.03942154954513675,0.03321758702491373,0.05147005307257128,0.022573770900477633,0.14958268588671825,0.0069603434554135245,0.08154620190035185,0.05772318999452151,0.09226955809382711,0.0337456475259338,0.06164151164633323,0.11181024998578303,0.0052680624270637945,0.07074577782997114,0.15863599133732575,0.04516920421558451,0.4140068328953792,0.08964431767445613,0.037558283967565914,0.020529509358829346,0.07279057382105315,0.02794422929916819,0.08577860073031916,0.021030671122743688,0.019620235341900393,0.011353764515775563,0.3162993595987294,0.03351128377193219,0.15968786781821426,0.07178921113168528,0.15227726780942955,0.16331513308486978,0.037452485883362904,0.030614514599098204,0.05880646563927412,0.06092904102196162,0.11954656336370266,0.02313783907768579,0.17005480488327893,0.06874798169201987,0.1612891967285631,0.14143183671796988,0.03794816822754598,0.13316941358652512,0.03540866522579982,0.0699128580206811,0.03160906145105333,0.1115905840203343,0.026824400993290573,0.26785683595267257,0.019916581577746697,0.16689987759202496,0.05245383369473509,0.03848544513246123,0.00176492202251769,0.02385857807363168,0.018291443294187214,0.057983344683024504,0.027339415128827614,0.12450729421284275,0.03489886399072764,0.04462283994352437,0.04070700659105985,0.03610503296908216,0.03231724629731043,0.11530079725414541,0.03349720982818285,0.11426457805788533,0.051853501696350786,0.0300759063062323,0.039876557026929625,0.04176343650280099,0.21640617987221014,0.07876470710772351,0.016137772223863426,0.034370664243488024,0.04909027753160908,0.018955262996848417,0.02794422929916819,0.25668347936274627,0.2548275354194706,0.0673440682358704,0.1868962350416429,0.018844236993921484,0.2364005381988082,0.10708985912028696,0.035260075015522224,0.06319030421927102,0.015352563380492361,0.09199831259661723,0.12481848783605332,0.05037667855411855,0.1615715416251067,0.05636390858181385,0.04589955972427422,0.06810160351913451,0.21476115788320732,0.11443541100529811,0.04754028045988503,0.06421392437529953,0.039463191802789024,0.06092904102196162,0.04864227679937645,0.09593659412577094,0.21804882164329722,0.028154251193438836,0.01973453494446283,0.19186399792315867,0.19194275096689792,0.024338964763538914,0.22290272665912386,0.0474565992792932,0.08837334186260187,0.06556312471448641,0.34567410193402004,0.03942154954513675,0.07178921113168528,0.019916581577746697,0.026426546782911408,0.261655810195167,0.12248603223318161,0.05180395422007624,0.06201881903401059,0.15795199457320505,0.02613129831130594,0.12138970524070905,0.11837185643558287,0.015255115808022152,0.046794393761696036,0.05034077198458959,0.053628078709692925,0.008293484545749671
rowId221,0.025271682694782034,0.10038473659025345,0.014981903813317581,0.012587335184230724,0.08482614416438125,0.09704550650974093,0.04806025016521924,0.054280931684650695,0.013484203769131214,0.04070700659105985,0.2714605466469469,0.0441892550832111,0.12211068626932499,0.02113556481743805,0.062430280141366375,0.17005480488327893,0.14343504384091949,0.016973271370151134,0.16842985562662227,0.014661684040514657,0.021157916276166023,0.13066122595384033,0.3180651754385313,0.06302210618487246,0.02629983587546414,0.08600508125519364,0.05357940536723349,0.0962274436407269,0.06873054017857778,0.035363195774129205,0.039876557026929625,0.036649896912632624,0.12507654866951376,0.02555328322910774,0.08274407282366453,0.14481002004165813,0.1500421363925138,0.07215257276062831,0.03822996370629155,0.030996936519047814,0.07298990170758035,0.06207113531016131,0.009873194535136116,0.08338120696561022,0.04734445323783841,0.078934870899722,0.07942359275213501,0.08325662503095924,0.0635494061796558,0.05090188545054481,0.021772511529288482,0.059004586079247745,0.08685234331831665,0.04251837313333597,0.10934531532203123,0.12219537683003356,0.03280757013644673,0.057350477925272175,0.0899923145289757,0.08136133338035202,0.1356380804867504,0.056700360802280095,0.10786140375021272,0.07593919617160745,0.026980568448242415,0.08964431767445613,0.21476115788320732,0.020756155523585302,0.02783085768444364,0.17638607500940456,0.019845656749530753,0.017072460048859595,0.08325662503095924,0.20537268538925627,0.03588597300280466,0.1696726005404289,0.14871072430793672,0.08338120696561022,0.35546825740553917,0.16340254510766541,0.019916581577746697,0.036846528821193866,0.07364483211004082,0.07601437163497518,0.04071275281232493,0.05686233393948718,0.05180395422007624,0.062123878833392175,0.021772511529288482,0.013719858586891658,0.14668917981254953,0.03854625184302271,0.03352815115625609,0.043858403215920334,0.04608240081918501,0.027876176803554725,0.05694070031043384,0.08472293367978442,0.22664699653928227,0.05101712555052155,0.10552438389889687,0.06485024265722507,0.039295265544470714,0.5193187597312484,0.08569440272150812,0.08569440272150812,0.1843844272071021,0.22840368924551568,0.031798389482455613,0.10667485251271967,0.014257324378410534,0.10279955933541127,0.10485570365903252,0.025817662585343973,0.07364483211004082,0.05370653215934189,0.0461850859364933,0.08840250238522263,0.05196947250218702,0.07426990010622855,0.04990213832453254,0.07117919171599127,0.08895253341747135,0.026861697918467726,0.16689987759202496,0.01277488990260344,0.12211806068723663,0.0554855060325719,0.06750234075417384,0.038971085005950805,0.1386428392245063,0.20872635028747744,0.2507306932863154,0.0878045545547013,0.21134613596198915,0.07886327830220485,0.07044365083545326,0.18611516817269508,0.009256460734643968,0.06103237777299579,0.034370664243488024,0.017672990361177764,0.047162230417682645,0.1323933915099046,0.1295178019926262,0.10751684760680322,0.0824477990648991,0.26149081198054147,0.03681279137599688,0.15795199457320505,0.02623006659696883,0.02318646687325158,0.19223830649177262,0.02857897095131983,0.05429242909402791,0.1356380804867504,0.012558098626810878,0.3229171991097377,0.051633899716894936,0.041880081706703216,0.029291059936358436,0.36062337047888127,0.1788227873389219,0.108774467065854,0.15669038074703903,0.03387939669877388,0.033506658653691006,0.07851951477554499,0.02466226316757737,0.06345286629684944,0.09510212707801179,0.0962274436407269,0.022573770900477633,0.1631943737956888,0.07114096024572565,0.09704550650974093,0.04754028045988503,0.0550416688137162,0.011447945396967713,0.0245809366740213,0.017630175192375756,0.10060492240923555,0.07467052724840187,0.18583451268168535,0.049744736908177364,0.04465075375308366,0.0360755870758148,0.24172811512025913,0.20579014505034474,0.05661462709928093,0.0519431516812059,0.03514465642276618,0.025311766711087064,0.057363782537312245,0.07252304152301488,0.1265934144919582,0.06860051948882322,0.0348058819147593,0.13949900142465416,0.03590586360127347,0.08924529259492195,0.017106025771398956,0.0874074118222219,0.16061958142217606,0.005005215016144767,0.14146683755353875,0.07734764030560726,0.03681279137599688,0.15968786781821426,0.30124595258678216,0.03056710604675929,0.01986848339245085,0.044049624822995334,0.06588276610283748,0.060446261739116706,0.03540866522579982,0.11594780990046437,0.06136603642967155,0.023702634221545157,0.02313783907768579,0.16181108040061645,0.26881345614637076,0.03344599543635577,0.0359447612391452,0.0643135158345426,0.024663062392871464,0.06194984082576789,0.07252304152301488,0.21134613596198915,0.018844236993921484,0.026980568448242415,0.24358307554122477,0.18628808680826586,0.04962240834602832,0.13072710424841222,0.051633899716894936,0.08048125822188523,0.08895253341747135,0.020242087393360333,0.11618044237816691,0.34891311677638054,0.021067898405439718,0.07710103079442301,0.017588295025992687,0.017128430737049664,0.033301821495489534,0.16638812160611435,0.19320656892222257,0.04481391576928428,0.078934870899722
rowId222,0.032210831267687964,0.19277381183983736,0.046881382097812806,0.028348923763038197,0.11684276578331389,0.05371547389741796,0.10190263505242705,0.04768002594368225,0.05692538241875496,0.048297437251682875,0.04176343650280099,0.30152961729774447,0.02794422929916819,0.0785721462772907,0.4999321195827659,0.014981903813317581,0.055251470079924085,0.20540485068688014,0.04222978811763968,0.06551654894201865,0.03163575376733747,0.07627885643610594,0.13914740977622023,0.1445093638682014,0.0196556399038762,0.0052680624270637945,0.01907473378512423,0.06791251188713673,0.35546825740553917,0.07810796492859388,0.057214840644141694,0.16181108040061645,0.06460373209232116,0.1452086934270091,0.10164575434174027,0.20537268538925627,0.14988539535299075,0.0876026134183375,0.0394077465670282,0.04471466947688636,0.08274407282366453,0.0699128580206811,0.02635623173074948,0.07767748564375446,0.11201857577179962,0.2999375541180197,0.004004509703717296,0.06584732067285312,0.09888230924825035,0.40557282941627437,0.10252991989402437,0.08004269499961067,0.04962240834602832,0.058487495737945545,0.0330249773605309,0.12211068626932499,0.13957516578622461,0.1382327865214983,0.06356196425814355,0.11862327645103342,0.014661684040514657,0.04435980035507822,0.2219849138281642,0.13091803247248263,0.04595539194754334,0.01348667430785373,0.0667889379457594,0.11512592140157864,0.07942359275213501,0.027694535126016932,0.0628343017848615,0.19261294250040287,0.26149081198054147,0.1295082634805193,0.052405226629760854,0.04481391576928428,0.10854730204208571,0.1086200947835858,0.036187468336751134,0.06715056668121039,0.08712547088757225,0.02447860325380291,0.36368055324122,0.09763967183037908,0.0490379695395885,0.1141660897894949,0.06053130067514153,0.09704550650974093,0.19745924543290813,0.11726927412993757,0.02113556481743805,0.21804882164329722,0.1134198647261424,0.1295178019926262,0.02481288025966938,0.005745803733773644,0.06796177011202863,0.05692538241875496,0.1767565322514853,0.05758670702735719,0.19248095965164957,0.03565841363186296,0.21215248245116475,0.01770105402259905,0.05210881518392313,0.03253960227038006,0.02116821400719217,0.03794816822754598,0.0632434822655344,0.10737095420916197,0.00469153133525907,0.11325291449263311,0.020350234254141973,0.02385857807363168,0.1316345418035157,0.1063164309380385,0.06169254292998417,0.0362394855462694,0.07922861220116825,0.009873194535136116,0.36799292665354805,0.053866987442392295,0.15388354988563785,0.17966692845076357,0.20537268538925627,0.10307852310271426,0.014956096707606049,0.19388151623358074,0.20146058500594796,0.028715490854207354,0.023969313841829896,0.030153517681651424,0.061844400965221764,0.13621507646855882,0.05360222657306117,0.18593018660940214,0.010343023728082419,0.04379595926580875,0.05436172829632793,0.07197347829236062,0.10970978460661515,0.09593659412577094,0.04083088049915265,0.10981751210074983,0.08984605018464675,0.12211806068723663,0.16172161237277496,0.06707224149513806,0.10186479796660679,0.07279057382105315,0.2251822106904705,0.13315991708683086,0.053628078709692925,0.08969943217494578,0.07103377565029463,0.020991286417138856,0.03550697569405258,0.12441356900095034,0.04481391576928428,0.09325059267029452,0.03007671168660523,0.013563499102358852,0.031798389482455613,0.047162230417682645,0.018979402176076767,0.17600648064578514,0.1788227873389219,0.2111621141291003,0.05305495148621203,0.062045093156662276,0.18338484295646426,0.021527467005206555,0.06075676659749816,0.002121882473025589,0.037320078735145645,0.14858535047801408,0.09300221264141717,0.2606536427728311,0.14718307939982944,0.025160760491888617,0.07364483211004082,0.16842985562662227,0.03726148697091725,0.10996811052562744,0.18870426167675433,0.12211068626932499,0.0378669845402935,0.038176370151236406,0.06107495036395189,0.15962122246056037,0.23861576314397512,0.5570239156008115,0.03523405384106503,0.09272063992965827,0.1792834397466763,0.020345966248878473,0.03735984974308029,0.034958360764687876,0.036846528821193866,0.09304335223163059,0.07178921113168528,0.06203825029697983,0.02760353810210546,0.06715841591553207,0.03948408970897994,0.025014108046232233,0.05393921197358413,0.07586344697981773,0.17822411405818522,0.17956653351301535,0.0752064061748442,0.11882319584165722,0.028943925314967582,0.03766539871962317,0.14764441014550456,0.031756706272599924,0.017800098837098807,0.04759092305037301,0.07797456036523379,0.00884621442655624,0.0874074118222219,0.09510212707801179,0.02002952840479787,0.08244247697781007,0.018374990323745136,0.09545180886436631,0.03871069082009698,0.0196556399038762,0.10806418965376709,0.1500421363925138,0.049131978517202565,0.04744942273940095,0.0842820761735914,0.07230439312494019,0.09018835436075119,0.026932067970345412,0.04435980035507822,0.027910207489554757,0.0754669708164873,0.33091766808774714,0.04462283994352437,0.1452086934270091,0.04917032852208639,0.23303426545035244,0.21476115788320732,0.14454419744297103,0.020529509358829346,0.11133391901952686,0.0019743672866612385,0.043406679589960986
rowId223,0.12391169721127608,0.039463191802789024,0.11689600783611202,0.022901702888118634,0.078934870899722,0.3003177616492855,0.015170411416985165,0.04036084414354057,0.05848213623398934,0.05694070031043384,0.14147342497775015,0.2152643211484814,0.02733218066286086,0.0792544397720208,0.05696271235707727,0.03885148803211316,0.2106587338270038,0.05834458195742017,0.14939398150028746,0.07389922166867542,0.0735112610680996,0.12219537683003356,0.03334952467146852,0.14764441014550456,0.0874074118222219,0.07666916063144738,0.005745803733773644,0.02814962589004989,0.17966692845076357,0.01869525894530098,0.023303430075389122,0.08698319649927172,0.1843844272071021,0.08154620190035185,0.02317179731502134,0.08964431767445613,0.07101758254728814,0.06458494506397139,0.05180395422007624,0.06796177011202863,0.11523398534945531,0.03429226884051455,0.1137250587043581,0.020064425577496253,0.3727138994028762,0.14812399391349337,0.07261732845551341,0.01869525894530098,0.0009565827979865296,0.12205572874413355,0.05147005307257128,0.07037493381792351,0.1297611414039591,0.058487495737945545,0.21384661491077844,0.07031572056692838,0.0673440682358704,0.2038753946093372,0.1369571476989645,0.06082818198831625,0.27298330321199804,0.05130884486760263,0.16677513400863042,0.27298330321199804,0.35546825740553917,0.010673337756590316,0.008606575131975465,0.08196324862914352,0.02535456283120991,0.3180651754385313,0.05772318999452151,0.031275357344309446,0.19223830649177262,0.03868360349542509,0.09097591582361568,0.09599121761833428,0.013719858586891658,0.0025689959322691643,0.025327660444154753,0.20247490841399748,0.028599325313790534,0.00884621442655624,0.04631310994474407,0.021035279389131245,0.015067319578338617,0.03523405384106503,0.07666916063144738,0.17849674179298197,0.028923152962393183,0.062285713965148974,0.020386609431187586,0.16592845940929335,0.11909544926042755,0.05259667703816095,0.0441892550832111,0.1137250587043581,0.14812399391349337,0.04806025016521924,0.026274800215107787,0.11700851988804442,0.027381273594172674,0.048464710066720464,0.25169580570047323,0.1580817611002511,0.15346551334662537,0.06810160351913451,0.017106025771398956,0.11174286545708143,0.04385903655213013,0.03351128377193219,0.03520873620064968,0.172012297833012,0.031876346560642095,0.053126077928174774,0.05291159731953287,0.037320078735145645,0.0348058819147593,0.04676237280688779,0.03561139959328582,0.10656782405670617,0.010399175499135192,0.013902640332945745,0.07658065332977336,0.10402096773709571,0.02225068215494732,0.005745803733773644,0.17530093677818082,0.1834345178956457,0.025160760491888617,0.040245610853556525,0.03706550616195868,0.3229171991097377,0.01895455216864403,0.06382012832209755,0.09622246946358516,0.15326340587523377,0.01612460411241117,0.03832618871610142,0.14718307939982944,0.04462283994352437,0.05330037918976837,0.16426708102052753,0.02555328322910774,0.0533719563635346,0.06092904102196162,0.001393729645481836,0.02623006659696883,0.01647513823739269,0.07006921752847214,0.0429850759827676,0.08434440432053056,0.10121866702268312,0.09704550650974093,0.025174039322353518,0.0031098328052653304,0.3260595187431702,0.11740460218514133,0.06644184695473425,0.05357940536723349,0.010581444816286216,0.11294952971498579,0.024771235204193724,0.07708572147077516,0.05991102424496552,0.3061785138368613,0.14871072430793672,0.0429850759827676,0.03957776695492004,0.16677513400863042,0.028348923763038197,0.09865414033922758,0.10038797037179867,0.09097591582361568,0.07963498296649549,0.252546345387661,0.1309239724605942,0.029446283759633547,0.11583779486055595,0.04586860269306368,0.16677513400863042,0.05240819850123343,0.1563213946479865,0.24562228218208193,0.037378649224921054,0.1334709007063108,0.03307704851652938,0.07397354572993337,0.1711454650785608,0.12507654866951376,0.04070808234821544,0.10751684760680322,0.018374990323745136,0.07462147873765274,0.05436874168032864,0.040486436781981466,0.24094477657595723,0.0397050772708996,0.12219537683003356,0.0962274436407269,0.0722395239920576,0.09704550650974093,0.0505517010170282,0.028765196562273956,0.06321851305053366,0.01520413806018166,0.09593659412577094,0.09811087086971863,0.19690434088246628,0.04036084414354057,0.026483930919803868,0.09017447478088754,0.18186820160151645,0.0576500574178649,0.027167382687697555,0.09017447478088754,0.0507553338290804,0.05472964640721986,0.11960470280766451,0.034746682318480944,0.03305393741437245,0.1518192802005353,0.1911796698425654,0.06048729749479088,0.05240819850123343,0.0878045545547013,0.06644184695473425,0.0607849939934305,0.045376733613794906,0.11402291709174132,0.17849674179298197,0.04516920421558451,0.06588276610283748,0.028303357240390212,0.1550396469231862,0.0752064061748442,0.1445201601817003,0.08949112162957971,0.23725070138533247,0.027339415128827614,0.11362113880128479,0.012018084666396207,0.06556312471448641,0.19194275096689792,0.06787691772128103,0.0890610933244565,0.04962240834602832,0.05787162479345371,0.49528609136595186,0.025311766711087064,0.02814962589004989
rowId224,0.046607082917171326,0.03294574279750345,0.04769708527913133,0.20428805750621565,0.03561139959328582,0.04176343650280099,0.04529767279955678,0.028174092892130336,0.12912460435442497,0.07785515459993708,0.3681248789730256,0.08154620190035185,0.049097617730240746,0.025024671166916177,0.03822996370629155,0.06435750665381641,0.09897951380933881,0.02284163337380396,0.11861451035848701,0.046607082917171326,0.2534575377415102,0.08079817537731275,0.0785721462772907,0.04210500574751806,0.13464322407379928,0.009681513657680633,0.03520400737034127,0.07658065332977336,0.040845637903666084,0.05533035481700348,0.26566501185002683,0.04176343650280099,0.09950116357986438,0.04107797825956584,0.12941427028674948,0.004004509703717296,0.13844044529711408,0.018806418396416683,0.0689993063277523,0.017106025771398956,0.028923152962393183,0.12626963953472042,0.02313783907768579,0.13478958388347761,0.03357781202869811,0.11477596273895989,0.04440583666255198,0.025100142065157392,0.12411607552736283,0.07261732845551341,0.07438060590537096,0.10426384688641321,0.03887950188492328,0.06345286629684944,0.10328477219772461,0.10738461346976483,0.1265934144919582,0.17966692845076357,0.11752161948341273,0.06369774307302835,0.0052680624270637945,0.2644690882345289,0.06316832941713058,0.127041027563886,0.0421658790621041,0.06841565862114168,0.16241222083888848,0.011239942713006513,0.1404080633955328,0.014375380660155637,0.10316854057431916,0.13316941358652512,0.023550772814327676,0.191928510251779,0.029985474340503245,0.06159513328574669,0.0362394855462694,0.06841565862114168,0.1789225102535176,0.05248745394216506,0.11625513295709856,0.2186621908474496,0.062888714605575,0.08826146903160012,0.05220606181220708,0.24172811512025913,0.08482005250119078,0.07329327435539988,0.09116752982577415,0.03681645588138558,0.19016002304180096,0.11861451035848701,0.09330931421783428,0.03544609355570803,0.019332043777203257,0.05787162479345371,0.010071064154334532,0.03319675917204851,0.07037567900853456,0.07851951477554499,0.06267275232069118,0.10897046204943009,0.04595539194754334,0.046388466784095875,0.07309631450339381,0.04795333646108831,0.15962122246056037,0.07710780672072709,0.1228991753105598,0.05339413863343843,0.3545963317289478,0.026861697918467726,0.09884639407295902,0.08352530227143147,0.059194134118890046,0.14668917981254953,0.018639036263385752,0.029352972462383407,0.08600508125519364,0.05429242909402791,0.10996811052562744,0.14113352939866172,0.06080458903783766,0.11594780990046437,0.07101758254728814,0.1052622382613658,0.07767994817908282,0.15427323840338192,0.1447976279773046,0.16316697912643482,0.1295383910867325,0.01915352288157754,0.21825403355153195,0.03439272521163692,0.11618044237816691,0.059802553182996904,0.03400334190851857,0.03648124451396212,0.08732456447569596,0.11588311427078586,0.05978660310536649,0.1141660897894949,0.1417595897119603,0.057346481122152716,0.1412294811690744,0.04471466947688636,0.032818997701746046,0.06715841591553207,0.04375041821232045,0.055217181988922066,0.04219281776284814,0.07228921937305575,0.22321178026943483,0.2658849877817125,0.13571850953256293,0.09500916353817297,0.2258985049700433,0.019287301519781058,0.05005063723535282,0.010394252366224313,0.02012066757282389,0.022901702888118634,0.05578830709588376,0.04462283994352437,0.02351782199413517,0.03927340148775338,0.23543932595827535,0.06787691772128103,0.05661462709928093,0.030387354680054202,0.0848548636801642,0.06644712560729071,0.0359447612391452,0.035205111859481865,0.1843844272071021,0.22105905987919588,0.0027510090008349614,0.10241594063559417,0.11362113880128479,0.2644690882345289,0.00501509556765598,0.3093554490731001,0.01238592740711079,0.04734445323783841,0.017686954574394967,0.3228831316963086,0.0505517010170282,0.1788227873389219,0.08826146903160012,0.36062337047888127,0.5570239156008115,0.0014734937643591185,0.028906179387724443,0.047921103849625876,0.05834169532601587,0.026146505080541723,0.2111621141291003,0.06075676659749816,0.03045556880439479,0.058797927090255935,0.04261959859366956,0.05758175040859915,0.025197618312624327,0.00723332362833648,0.09018835436075119,0.06308101847755063,0.025271682694782034,0.03736430133007787,0.048619139107471364,0.2999375541180197,0.03648124451396212,0.01513130881026172,0.043430434770496025,0.06415207462311867,0.013484203769131214,0.03277899940354323,0.02696601461760173,0.03486464801397875,0.06926103601658354,0.08657086839348747,0.04485720077955179,0.03486464801397875,0.3228831316963086,0.06629030525291289,0.1789225102535176,0.027839708058538748,0.11325291449263311,0.1166785550069508,0.1445201601817003,0.01987491124064308,0.02056781267910599,0.028067500025218257,0.07298990170758035,0.03288713675441889,0.04608240081918501,0.1076361019752512,0.07864944924210476,0.13091803247248263,0.03134987981722057,0.022198968675706938,0.14718307939982944,0.016686140188555895,0.05533035481700348,0.04917298652148906,0.09510212707801179,0.011447945396967713,0.19320656892222257,0.19822721863685178,0.04058050711022771,0.09855186215742719
rowId225,0.06107495036395189,0.3148892573261145,0.07279057382105315,0.027892269653222723,0.03788775710543377,0.059236462286335244,0.1414196764074397,0.06071106900104466,0.17042579593926416,0.025197618312624327,0.0465363904616811,0.17849674179298197,0.1051118587615843,0.02555328322910774,0.06031646013147246,0.04372229617401926,0.08654471896219404,0.1674209607725292,0.06787691772128103,0.1382327865214983,0.04910280909990828,0.047856065533528384,0.10325348019017183,0.031876346560642095,0.010874952074147064,0.017106025771398956,0.07956170583697932,0.21095702757387483,0.3182529286418399,0.1788227873389219,0.0467562821725928,0.022901702888118634,0.127041027563886,0.10360607847073296,0.11027956864797933,0.062350729694423915,0.05669748161081187,0.021328364187053844,0.04631310994474407,0.04178727469312611,0.05245383369473509,0.09487925635320633,0.1297611414039591,0.01988249542172972,0.06650081836383148,0.09970243584113091,0.5193187597312484,0.10618502505903259,0.1427773981478607,0.01839084429740458,0.06415207462311867,0.051141409945534407,0.012023196246579756,0.04962240834602832,0.07117167890071133,0.029383760512826113,0.04647464526117058,0.03489913479097014,0.11061162161675382,0.08406858724476178,0.041880081706703216,0.19745924543290813,0.0968109961971932,0.16822232470883255,0.026585122090765596,0.03395120652051321,0.10981751210074983,0.03292973864397497,0.1580817611002511,0.38875735910827086,0.05379965376413866,0.025333958859089768,0.0576500574178649,0.1825014914548815,0.1404080633955328,0.02635623173074948,0.06075676659749816,0.22961718615419324,0.15525234849131536,0.03915384690431336,0.10806418965376709,0.03915384690431336,0.06207113531016131,0.04471466947688636,0.2251822106904705,0.07710780672072709,0.07709042215528919,0.09699257399247305,0.0890610933244565,0.07942359275213501,0.1334709007063108,0.025327660444154753,0.14343504384091949,0.015241665720065582,0.053552928875930855,0.016358000002096352,0.056891079170697266,0.04177562316439023,0.14113031011126084,0.06468796458830008,0.18173888180230333,0.2999375541180197,0.09763967183037908,0.13277468211871718,0.06435750665381641,0.004975004103988152,0.1562688333715234,0.10922571722489388,0.12507654866951376,0.17005480488327893,0.12481380621321259,0.11325291449263311,0.3093554490731001,0.038971085005950805,0.04669969026339511,0.10364937774625661,0.1824389242971646,0.03782898930479036,0.07486977280851757,0.07995188821965497,0.0628343017848615,0.04102533692048867,0.06064146875180415,0.18191540179836385,0.09888230924825035,0.050749717000185206,0.027492306065426773,0.017450624484275826,0.22380058753779314,0.028351876179501967,0.18338484295646426,0.06896073906595404,0.11124057942966953,0.16190114586296384,0.054822115843996516,0.0630038274757027,0.031559092364981736,0.010467376051495317,0.045319880274969276,0.10355086589252654,0.0461850859364933,0.025392678101793305,0.12562638679141755,0.04806025016521924,0.018958315266224966,0.05880646563927412,0.1320554396711257,0.023682065233235416,0.49528609136595186,0.24358307554122477,0.0594686421835955,0.018784945065822876,0.16190114586296384,0.03007671168660523,0.02089366322938851,0.011239942713006513,0.025029094172608478,0.04921266724526593,0.10307852310271426,0.03127487733751449,0.0052680624270637945,0.09734795100242262,0.35371062299421097,0.0268184986299694,0.1655563823290761,0.05095963412617053,0.02273898861418235,0.09704550650974093,0.05088840639974515,0.0429850759827676,0.057214840644141694,0.09018835436075119,0.019845656749530753,0.01970153680309463,0.14003920305160011,0.21384661491077844,0.03845064532152613,0.04579692809366499,0.04372229617401926,0.0401083087727199,0.06390620491701236,0.18894688715902186,0.0656170881376967,0.18978437954448157,0.18191540179836385,0.07856483488912339,0.03518168490499371,0.11882071775636806,0.12251165950289139,0.05758670702735719,0.2394309350208083,0.02054140468873364,0.04521676151860069,0.22929229968146284,0.03429226884051455,0.03467003182642679,0.2204852418369684,0.11684276578331389,0.08326537255041222,0.09763967183037908,0.025392678101793305,0.049131978517202565,0.06381984694513282,0.0890610933244565,0.012095021669586549,0.04094085519318643,0.02318646687325158,0.05486084811073825,0.05088840639974515,0.03235682904790616,0.1381458096349222,0.1452086934270091,0.13886235682904702,0.10038473659025345,0.028348923763038197,0.07194821538076857,0.06882577223500075,0.04176343650280099,0.00501509556765598,0.013725977296703391,0.2258985049700433,0.10995881609813189,0.036601858906629224,0.1178912662492186,0.07252304152301488,0.06838469631026628,0.03409757716207294,0.1115905840203343,0.1320554396711257,0.09593659412577094,0.08048125822188523,0.06791251188713673,0.05578830709588376,0.10112773277521184,0.028943925314967582,0.036763862238349515,0.026585122090765596,0.03520873620064968,0.07637491113170373,0.034210362222606545,0.18449154832084794,0.002316316510001745,0.014956096707606049,0.06860051948882322,0.12248603223318161,0.04471466947688636,0.06381984694513282,0.03849441112147166,0.06886356171131285,0.06468796458830008
rowId226,0.06134922898764997,0.09865414033922758,0.10485570365903252,0.027363439804964036,0.03449769517907935,0.014981903813317581,0.07037567900853456,0.025029094172608478,0.022234943294891715,0.06168603994923707,0.19186399792315867,0.10364937774625661,0.03113679629243459,0.04541251652372214,0.10307852310271426,0.01987491124064308,0.046794393761696036,0.019287301519781058,0.03544609355570803,0.10724947234195165,0.07627885643610594,0.04608240081918501,0.006246975601047956,0.0627691656825544,0.1788227873389219,0.025197618312624327,0.04083088049915265,0.01678977509604229,0.047921103849625876,0.0595199526671757,0.05686893322128239,0.1137250587043581,0.11530079725414541,0.00866723760616279,0.0845594630992321,0.034370664243488024,0.13315991708683086,0.025174039322353518,0.04178727469312611,0.1825014914548815,0.05940037972146779,0.04583884293867521,0.03887950188492328,0.1968180510868663,0.09510173084686854,0.029352972462383407,0.0968109961971932,0.03530475507284041,0.4999321195827659,0.20857655664498323,0.027910207489554757,0.140959726596463,0.0643135158345426,0.041436914536371376,0.22507450032489837,0.1265934144919582,0.03848727934251136,0.03501514193951451,0.15919559162073024,0.06134163395735278,0.07113296854299447,0.12562638679141755,0.09699257399247305,0.054214800583152645,0.0419386775708471,0.3391137012024435,0.060636570386870495,0.021527467005206555,0.2507306932863154,0.20247490841399748,0.025197618312624327,0.043430434770496025,0.05511425938721453,0.059480149237931254,0.19373147860601644,0.39546404121520046,0.10024902971260209,0.01513130881026172,0.005588867695018397,0.06677823908643249,0.03386979239732146,0.08895253341747135,0.048884152836856834,0.07915161640724724,0.1911693802116228,0.04305512182419307,0.16552069044415763,0.05305495148621203,0.04529767279955678,0.13106381999870861,0.1037583457617435,0.0607849939934305,0.3182529286418399,0.2483154695117704,0.010581444816286216,0.014470794131012073,0.2496359041853222,0.10806418965376709,0.21004634554321927,0.03717821775032464,0.06874798169201987,0.01513130881026172,0.03563154151704626,0.013003491916629327,0.03589832647286954,0.20537268538925627,0.03400334190851857,0.08338120696561022,0.04424430627846097,0.0019743672866612385,0.08654471896219404,0.043406679589960986,0.45549265311912734,0.3027496569786528,0.06750050498598165,0.12700540400463725,0.2548275354194706,0.03349720982818285,0.04435980035507822,0.0879574190924659,0.35371062299421097,0.04322238139507759,0.05696271235707727,0.1115905840203343,0.0876026134183375,0.10656782405670617,0.19248095965164957,0.06021094519756196,0.09760076578435951,0.08154620190035185,0.051075750530004446,0.03349720982818285,0.04222978811763968,0.051853501696350786,0.08004269499961067,0.2153453683839955,0.2153453683839955,0.11594780990046437,0.08042163712152642,0.05058439109993849,0.14454419744297103,0.07460163473835035,0.06149509908870966,0.04444735794264896,0.03127487733751449,0.1417595897119603,0.0378669845402935,0.11620181949525443,0.04346231377022084,0.012961469731987266,0.19822721863685178,0.025160760491888617,0.1166785550069508,0.0704920209854422,0.01277488990260344,0.08000910597483264,0.09409381491828588,0.26881345614637076,0.08984605018464675,0.048884152836856834,0.0541445986603901,0.14687038373156372,0.2111621141291003,0.1611631355227145,0.015801451102450778,0.049621278745842524,0.0017202596135649285,0.016754799503522624,0.10981751210074983,0.04300577383145825,0.027768061154365427,0.04375041821232045,0.0196556399038762,0.010071064154334532,0.04817075298797411,0.07805267957088467,0.11201857577179962,0.058487495737945545,0.012715153096983886,0.03999860299970289,0.033106713589935485,0.07922861220116825,0.07844066975234061,0.20341448967898124,0.08966850965032691,0.07926505648786575,0.017072460048859595,0.11402459448067369,0.18694592172753058,0.014981903813317581,0.010987912659858455,0.23543932595827535,0.04463134321514318,0.5193187597312484,0.002450277267931671,0.054938895266455595,0.05101712555052155,0.11862327645103342,0.3545963317289478,0.10252991989402437,0.19388151623358074,0.3260595187431702,0.10996811052562744,0.058789740339478584,0.1563681993870599,0.1479456936785445,0.09959952523575737,0.07031572056692838,0.019127231002087627,0.11926490911450775,0.06926103601658354,0.02385857807363168,0.07152735509648726,0.055615668272831646,0.19039423461709837,0.0899400568571098,0.3229171991097377,0.261655810195167,0.060795326079078026,0.0471885983259131,0.059194134118890046,0.047856065533528384,0.03727036506772215,0.06136603642967155,0.18545904204552274,0.1321701883802027,0.030182422378276723,0.10039594338350237,0.15544147439358993,0.04176343650280099,0.09438867908508199,0.1834345178956457,0.1445201601817003,0.11618044237816691,0.026426546782911408,0.0576500574178649,0.11529490747573133,0.017630175192375756,0.027892269653222723,0.22961718615419324,0.03798354132414837,0.1265934144919582,0.07400884668123524,0.13323971897869835,0.13315991708683086,0.0014734937643591185,0.06201881903401059,0.15492062769528012,0.029339572424451857,0.11963798953386495
rowId227,0.01046299191267717,0.033106713589935485,0.03352815115625609,0.10409300769221103,0.043763658440362514,0.07230439312494019,0.28973263368498414,0.06944514977390738,0.05511425938721453,0.16556059057061148,0.03429226884051455,0.055251470079924085,0.2204852418369684,0.09699257399247305,0.034058891602593,0.008281152186413676,0.02840389634552638,0.11726927412993757,0.11909544926042755,0.17492427915422573,0.06867273616548764,0.19562540965975656,0.1185385584173658,0.04463339559281491,0.04256926151243291,0.06175482815656476,0.17005480488327893,0.0576500574178649,0.10038797037179867,0.021241772437108286,0.04791447870766466,0.10167435577256531,0.02815537823506851,0.06744074606654175,0.018700198478567746,0.03501514193951451,0.19388151623358074,0.13162212883887994,0.025392678101793305,0.008136093675204323,0.05511425938721453,0.22961718615419324,0.08434440432053056,0.04921266724526593,0.10603764313892584,0.015241665720065582,0.1159413949746028,0.09199831259661723,0.024871013115369402,0.20857655664498323,0.3070058519568064,0.06031646013147246,0.11700851988804442,0.0026465754916795395,0.04817075298797411,0.16102481895057755,0.034058891602593,0.04610325480715077,0.08380283722038466,0.05220606181220708,0.3028211805111555,0.0395962715405713,0.06134922898764997,0.018806418396416683,0.06262632535208257,0.017923659099580245,0.11625767060285853,0.09868190931741555,0.020621798518323027,0.056111954907429595,0.1051118587615843,0.11926490911450775,0.21804882164329722,0.013563499102358852,0.012409812198573015,0.16903165089690644,0.09888230924825035,0.15492062769528012,0.05422935740651338,0.03839846356265713,0.23158276126519725,0.10114236738919029,0.016040533338174266,0.08553715656480743,0.04056119255652058,0.1550396469231862,0.02278187826579537,0.01046299191267717,0.05095963412617053,0.11426457805788533,0.3182529286418399,0.02650003550771703,0.2670740704633735,0.05469840484931965,0.004004509703717296,0.06584732067285312,0.00588991757559099,0.24967309262222043,0.029446283759633547,0.020386609431187586,0.04768002594368225,0.031868410667312,0.015255115808022152,0.07865097944924848,0.18350589336633658,0.019496038612461016,0.02611256720996245,0.12700540400463725,0.10186479796660679,0.04185138268959872,0.004799042885886919,0.028255731759402766,0.06222357521808899,0.0550416688137162,0.0785721462772907,0.042261196458572674,0.031559092364981736,0.01988249542172972,0.13990357565144373,0.041996588786748404,0.09438867908508199,0.06390620491701236,0.019892428173312823,0.16172161237277496,0.14573659520976878,0.05453101905055259,0.0938511877510938,0.024663062392871464,0.11273450456651479,0.0329046009050689,0.14573659520976878,0.19248095965164957,0.03387939669877388,0.11385499890938716,0.10874647795539916,0.09888230924825035,0.01986848339245085,0.0785721462772907,0.13881479140370268,0.045200432058649556,0.09280744993744025,0.01512409783235807,0.05365236410491182,0.14190502455906753,0.07230439312494019,0.11477596273895989,0.07451204275514442,0.05098374705089239,0.10364937774625661,0.18283726985167884,0.0415090335415429,0.19562540965975656,0.03544609355570803,0.027381273594172674,0.10534266627030402,0.05271634220676527,0.15492062769528012,0.19194275096689792,0.11133391901952686,0.02347907098441795,0.04435980035507822,0.023686072056975687,0.11245629191416737,0.2121707794512331,0.020991286417138856,0.07876470710772351,0.12450729421284275,0.04998130919555556,0.016040533338174266,0.15919559162073024,0.30318879799301185,0.0348058819147593,0.10085216866489953,0.002316316510001745,0.0035574907143634156,0.03425876494478175,0.1563681993870599,0.01907033912262752,0.10334672978344611,0.07730301579951251,0.20397206245230323,0.09510173084686854,0.12886494823050226,0.24207692773610648,0.1868962350416429,0.17530093677818082,0.03321758702491373,0.04491749837502824,0.15868440580585322,0.1321701883802027,0.08914338531565498,0.1596607802709601,0.06796177011202863,0.027606168990960488,0.043071005021486634,0.11027956864797933,0.02733218066286086,0.05130884486760263,0.03231724629731043,0.10854730204208571,0.054280931684650695,0.03288713675441889,0.06458494506397139,0.1297611414039591,0.01316133287268846,0.04586860269306368,0.007269746988188503,0.05740994371397918,0.04177562316439023,0.179143948589297,0.10006566146445842,0.03157549614693655,0.03187190381782426,0.3428503142213519,0.15217526271752516,0.024124754485251945,0.0415090335415429,0.036291896834200026,0.04276085660505043,0.04485720077955179,0.12441356900095034,0.05371547389741796,0.27926771393662286,0.054214800583152645,0.06439905526673266,0.09865414033922758,0.05995406151271267,0.04346462473617179,0.12380179439755364,0.06460373209232116,0.1789631763486703,0.07708572147077516,0.09720702222508476,0.03319675917204851,0.10670357252879333,0.36062337047888127,0.007131961602682052,0.0824477990648991,0.017106025771398956,0.029352972462383407,0.03321758702491373,0.0649477681015009,0.05453101905055259,0.03848727934251136,0.12563750103973415,0.016040533338174266,0.045616126317840226,0.03187190381782426,0.08196324862914352,0.047635917976653605
rowId228,0.0314607697635493,0.0026465754916795395,0.052153667803229845,0.31529600635664984,0.005745803733773644,0.06321851305053366,0.07206168782554961,0.05769832902229535,0.06053130067514153,0.05486084811073825,0.021595790954911927,0.018425671901617,0.23928241693201163,0.029339572424451857,0.0419386775708471,0.04669969026339511,0.033290774643300255,0.07194821538076857,0.03540866522579982,0.06267275232069118,0.04036084414354057,0.1354156656773594,0.00176492202251769,0.12211068626932499,0.012366508001763019,0.11740460218514133,0.07482193533990962,0.099652762165392,0.04162392941264945,0.22664699653928227,0.0536970880051042,0.027839708058538748,0.017998176002266903,0.026932067970345412,0.08079535123336722,0.05833622116877451,0.12380179439755364,0.04379595926580875,0.010874952074147064,0.026483930919803868,0.10738461346976483,0.03501514193951451,0.04952331415873677,0.09820919447804341,0.09899324295735384,0.07593919617160745,0.0016594866843270078,0.04056119255652058,0.030328569389991258,0.020621798518323027,0.09462622765743829,0.030927021957536882,0.027504269865620715,0.054822115843996516,0.18583451268168535,0.033358740680036456,0.048884152836856834,0.14988539535299075,0.03991607894800064,0.5193187597312484,0.09116752982577415,0.10575797204979392,0.11294952971498579,0.02281560115399537,0.20989097606091836,0.05061685740582469,0.013725977296703391,0.05833622116877451,0.038176370151236406,0.08837334186260187,0.04516920421558451,0.05578830709588376,0.02081028375652667,0.10360607847073296,0.05686893322128239,0.006801340860506317,0.06313882087780895,0.024663062392871464,0.14143183671796988,0.0359447612391452,0.0208339993927098,0.03344599543635577,0.10056264620920957,0.10294895835231888,0.1295383910867325,0.05735692628781611,0.2507306932863154,0.10603764313892584,0.10851714506791006,0.0656170881376967,0.08654471896219404,0.1879263109057972,0.030153517681651424,0.13396855290030701,0.26879822329353653,0.24775353246930432,0.06839934237827247,0.005588867695018397,0.03113679629243459,0.04070808234821544,0.10167435577256531,0.09361426491082366,0.00723332362833648,0.10349991225940729,0.06435750665381641,0.05735554479919937,0.03253960227038006,0.19320656892222257,0.019892428173312823,0.06262632535208257,0.09703680934456076,0.06759523942494555,0.06279852860220687,0.08826146903160012,0.08061541586142089,0.10112773277521184,0.06486139555434021,0.027876176803554725,0.10114236738919029,0.08545342411244973,0.060446261739116706,0.15525086444828687,0.014635708471241923,0.15346551334662537,0.03822996370629155,0.06215243224595004,0.11588311427078586,0.04261959859366956,0.07767994817908282,0.08949112162957971,0.06090742961770446,0.10534266627030402,0.07915161640724724,0.025031390642341268,0.03835395733374427,0.028599325313790534,0.0359447612391452,0.07309631450339381,0.0522210458533132,0.04804952846042931,0.03052038560590705,0.12410549086147098,0.03086444059220104,0.012302249161072084,0.012161449214596332,0.31529600635664984,0.04481391576928428,0.11614626967264054,0.03835395733374427,0.0361999467180642,0.059236462286335244,0.04542468396420786,0.23861576314397512,0.03681645588138558,0.07230439312494019,0.0536970880051042,0.25881898426779637,0.061019999055244085,0.1789631763486703,0.07137774300691742,0.15962122246056037,0.04292360038385886,0.06420564322210497,0.03540866522579982,0.27554240885943343,0.012023196246579756,0.11862327645103342,0.09854469621923163,0.03772199700644724,0.25635908080830144,0.008422735088664578,0.06136603642967155,0.11926490911450775,0.05834458195742017,0.04909027753160908,0.2073555137067861,0.020386609431187586,0.2534575377415102,0.15544147439358993,0.043145974762119024,0.21415924083222407,0.14812399391349337,0.08969943217494578,0.05745628713186052,0.19388151623358074,0.10006566146445842,0.02613129831130594,0.22961718615419324,0.04774728846850738,0.05692538241875496,0.02840022742037241,0.015170411416985165,0.05940037972146779,0.1445201601817003,0.051633899716894936,0.1321701883802027,0.03927340148775338,0.10114236738919029,0.09427147148233736,0.06455453056223481,0.03514363435872044,0.11362113880128479,0.05469840484931965,0.028669348790339493,0.044049624822995334,0.020386609431187586,0.16689987759202496,0.03187190381782426,0.1674209607725292,0.034210362222606545,0.24595226603168896,0.04444735794264896,0.061844400965221764,0.0329315213687575,0.07886327830220485,0.07882916111607614,0.023550772814327676,0.023828379467334102,0.013653968348247239,0.1381458096349222,0.007194636632862728,0.13625357738901228,0.18003070762950393,0.08553715656480743,0.029274926692899546,0.05669748161081187,0.1323933915099046,0.08263987967781321,0.15086271529609083,0.06245472633172106,0.12096049534283558,0.0938511877510938,0.03759004280874613,0.012216891820285111,0.1441239985181465,0.0699128580206811,0.08321436088057595,0.07103377565029463,0.15664252575486765,0.053126077928174774,0.11594780990046437,0.12425308649778367,0.18449154832084794,0.05307977036299651,0.02710899991417163,0.10667485251271967,0.026585059228289947,0.13421121227743957,0.02815537823506851,0.034210362222606545
rowId229,0.1824389242971646,0.0542228987442999,0.017450624484275826,0.01817424356802463,0.03231724629731043,0.005745803733773644,0.0987284859740227,0.2364005381988082,0.127041027563886,0.025327660444154753,0.2644690882345289,0.05196947250218702,0.01915352288157754,0.05109981097667743,0.040845637903666084,0.12860464508678013,0.019496038612461016,0.03815625801769054,0.14129435327272127,0.09897951380933881,0.03501514193951451,0.0461850859364933,0.04785285354146018,0.19629602978222907,0.036230841073632856,0.05210881518392313,0.042946920005675966,0.06952257454552643,0.18449154832084794,0.04370905553095802,0.03908833083751431,0.3681248789730256,0.028799829447790155,0.041880081706703216,0.08325662503095924,0.04962240834602832,0.02317179731502134,0.3070058519568064,0.07170174788096212,0.019315778665033825,0.02957582199534259,0.1178912662492186,0.1957036499749003,0.08257032572084051,0.033301821495489534,0.1310381700263656,0.5241880850131344,0.24009752942176518,0.06071106900104466,0.015801451102450778,0.0507314920588211,0.14718307939982944,0.05170643345835024,0.2534575377415102,0.20939838941095246,0.01970153680309463,0.17966692845076357,0.043406679589960986,0.06605031758532445,0.07586344697981773,0.01666493942349854,0.036649896912632624,0.14812399391349337,0.2469646889848434,0.08380283722038466,0.024098780808221292,0.1323933915099046,0.10426991559030556,0.020321361358463564,0.1295383910867325,0.004152926940190109,0.1295383910867325,0.053990798115460266,0.09094831663440615,0.23303426545035244,0.22290272665912386,0.008149511298223012,0.08338120696561022,0.03315502653878524,0.25668347936274627,0.023846452282117396,0.08060394579563751,0.05578830709588376,0.07792447873124378,0.06097390686036244,0.22929229968146284,0.03681279137599688,0.016040533338174266,0.03839141000492729,0.02049398507016983,0.019457210346014938,0.028765196562273956,0.11954656336370266,0.0771158955617825,0.08914338531565498,0.15627345005088242,0.033579700002234446,0.11614626967264054,0.3260595187431702,0.072099642549982,0.025271682694782034,0.05834169532601587,0.17172641547838768,0.08892913104888106,0.0471885983259131,0.03277899940354323,0.18003070762950393,0.11201857577179962,0.02089366322938851,0.15227726780942955,0.10250890973583873,0.012161449214596332,0.16841652266777207,0.02966187467733761,0.0208339993927098,0.18057994137607258,0.027407112804122807,0.08964431767445613,0.06408883949666411,0.05580781562436631,0.0265530593515837,0.40557282941627437,0.010196507717486642,0.019092016924790765,0.09236449954720602,0.3197689405850322,0.03084410864312551,0.05834458195742017,0.044049624822995334,0.020247981163211536,0.026263694827171676,0.09897951380933881,0.032264556125907624,0.05061685740582469,0.04579692809366499,0.005617077720564275,0.10155999662551508,0.025817662585343973,0.1417595897119603,0.26881345614637076,0.07755929807815137,0.0954788470012861,0.09888230924825035,0.05101712555052155,0.02629983587546414,0.01348667430785373,0.04817075298797411,0.12138970524070905,0.040245610853556525,0.16061958142217606,0.07730301579951251,0.005005215016144767,0.1029843243690421,0.0537597443516009,0.08892913104888106,0.01238592740711079,0.025024671166916177,0.04095516332527793,0.025897385529207652,0.08654471896219404,0.04525431632382581,0.03905296466375901,0.08249538594581472,0.052405226629760854,0.012802176579163431,0.019315778665033825,0.1550396469231862,0.06926103601658354,0.19194275096689792,0.03808331619262089,0.24775353246930432,0.045922997763917076,0.11477596273895989,0.09325059267029452,0.04185138268959872,0.06707224149513806,0.06071106900104466,0.0277221587397961,0.02263917793753184,0.09244417169740099,0.11288499704623164,0.08895253341747135,0.08653034708937724,0.19512175973379914,0.1466377351705964,0.30152961729774447,0.05260097431677552,0.12705315503216075,0.0429850759827676,0.0270145524300177,0.2746187737836757,0.07792447873124378,0.11583779486055595,0.10290633734405875,0.021654483572879402,0.018639036263385752,0.1357760968140226,0.02584657308877199,0.017630175192375756,0.13316941358652512,0.1640993206899182,0.1414196764074397,0.07734764030560726,0.04636684804944004,0.010581444816286216,0.037558283967565914,0.04385903655213013,0.15868440580585322,0.19388151623358074,0.2644690882345289,0.18444224677760085,0.06750050498598165,0.10328477219772461,0.584049185076163,0.11684276578331389,0.04444735794264896,0.07426990010622855,0.008660115293498229,0.06631257114977637,0.195916188529966,0.07797456036523379,0.1029843243690421,0.05449139133272031,0.03334952467146852,0.01915352288157754,0.0519431516812059,0.10667485251271967,0.2251822106904705,0.10939680651715215,0.023330181294667924,0.1175324079111423,0.1341652501913408,0.11138415490383903,0.10076413849603529,0.02857897095131983,0.12425308649778367,0.04298511575898325,0.024245729366474,0.04669969026339511,0.09388686176416415,0.18444224677760085,0.09760076578435951,0.03409757716207294,0.13962037808819094,0.08274407282366453,0.017273800303183713,0.03493008876530704,0.43441487236169335,0.16340254510766541,0.09199831259661723
rowId230,0.043071005021486634,0.09555741616989258,0.10121866702268312,0.056891079170697266,0.04056119255652058,0.1357009020748816,0.025897385529207652,0.2199627082215403,0.03832618871610142,0.03530475507284041,0.047635917976653605,0.014661684040514657,0.12252495912844875,0.009482827252723503,0.1228991753105598,0.179143948589297,0.02243896273490084,0.06420564322210497,0.1342836024757118,0.06369774307302835,0.0899790526173496,0.08892913104888106,0.09703680934456076,0.12972031364053122,0.0030499094301360435,0.07637491113170373,0.05880646563927412,0.039876557026929625,0.04910280909990828,0.04204329395914663,0.1265934144919582,0.07882916111607614,0.007615392198972024,0.033290774643300255,0.11245629191416737,0.01988777446856482,0.02710899991417163,0.0555072862063709,0.19512175973379914,0.19562540965975656,0.10970978460661515,0.027892269653222723,0.04645193071360075,0.1441239985181465,0.001393729645481836,0.010196507717486642,0.08196324862914352,0.1042569366773471,0.042261196458572674,0.27554240885943343,0.10155999662551508,0.019916581577746697,0.05429242909402791,0.02002952840479787,0.022201433566264018,0.022573770900477633,0.11909544926042755,0.11815629172468389,0.08029710466537372,0.09939811435029541,0.2746187737836757,0.029291059936358436,0.08579832894478713,0.007024772460824246,0.027339415128827614,0.10552438389889687,0.10854730204208571,0.08517001339279531,0.142594228576919,0.025100142065157392,0.07005594247260512,0.041846755170547624,0.02580952453634657,0.01473791567634694,0.05861421065705314,0.0879574190924659,0.04071275281232493,0.07103377565029463,0.07031572056692838,0.03419462071077893,0.06053595980176759,0.028154251193438836,0.04820576052431156,0.1159413949746028,0.01387351467132388,0.034746682318480944,0.09835796675412416,0.012944281733999176,0.11530079725414541,0.022234943294891715,0.041846755170547624,0.07621505512326755,0.001393729645481836,0.14971586933495437,0.06111234514641131,0.04162392941264945,0.08635270049928916,0.1321701883802027,0.09854469621923163,0.012018084666396207,0.07462147873765274,0.013409590494440833,0.21825403355153195,0.022546309686991825,0.0772783426344131,0.02580952453634657,0.1116571166056257,0.02629983587546414,0.034867962672411844,0.016973271370151134,0.09820919447804341,0.0277221587397961,0.1166785550069508,0.27926771393662286,0.02225068215494732,0.17530093677818082,0.04774617208099574,0.053990798115460266,0.011167719420105799,0.06515893991520305,0.19562540965975656,0.03612476729242831,0.036230841073632856,0.051770520819839676,0.023846452282117396,0.08712547088757225,0.2644690882345289,0.1674209607725292,0.025271682694782034,0.05307977036299651,0.0656170881376967,0.023844478287064486,0.07486977280851757,0.019127231002087627,0.11740460218514133,0.11960470280766451,0.09761890088074457,0.06399474151154907,0.05305495148621203,0.014981903813317581,0.015258459652880734,0.07379161689293162,0.03815638308977166,0.051141409945534407,0.01520413806018166,0.0054814593349430405,0.03735984974308029,0.13357245140683496,0.01277488990260344,0.043071005021486634,0.10670357252879333,0.058797927090255935,0.027763038657373913,0.03681279137599688,0.05095963412617053,0.1677536341409256,0.09543251971003722,0.3061785138368613,0.019048800579276583,0.1330630091351828,0.1283805700797791,0.3594849603243823,0.16181108040061645,0.08496200088294405,0.1611631355227145,0.04864227679937645,0.03387939669877388,0.07864944924210476,0.028174092892130336,0.061844400965221764,0.04586860269306368,0.0337456475259338,0.07228921937305575,0.1320554396711257,0.02520256731126624,0.11458761931764577,0.055251470079924085,0.39546404121520046,0.024663062392871464,0.03942154954513675,0.03280757013644673,0.012366508001763019,0.026585059228289947,0.21384661491077844,0.19078411262500236,0.02347907098441795,0.06451092060994358,0.03288713675441889,0.04070700659105985,0.1356380804867504,0.09884639407295902,0.020242087393360333,0.05354673072017464,0.07856483488912339,0.010394252366224313,0.26279658803543204,0.047691580699675384,0.07005594247260512,0.020122083008015757,0.13289247623394812,0.03514465642276618,0.03253960227038006,0.1086200947835858,0.11837185643558287,0.023686072056975687,0.030396685805813638,0.06111234514641131,0.07070226275940979,0.22321178026943483,0.19562540965975656,0.584049185076163,0.05848213623398934,0.09720702222508476,0.018275824150812713,0.26879822329353653,0.026585059228289947,0.22628529374863732,0.1581044432373948,0.08244247697781007,0.04879590076482457,0.04754028045988503,0.027146168235100094,0.08000910597483264,0.03163575376733747,0.029356870216574262,0.1342836024757118,0.13962037808819094,0.22290272665912386,0.02318646687325158,0.021922161283611755,0.04608240081918501,0.05882174479512728,0.10114236738919029,0.05745113261848428,0.07005594247260512,0.06111234514641131,0.048884152836856834,0.10167435577256531,0.05024722004133929,0.11201857577179962,0.0014311573718241751,0.05769832902229535,0.13962037808819094,0.0722395239920576,0.0630038274757027,0.039295265544470714,0.019620235341900393,0.06207113531016131,0.30152961729774447,0.16552069044415763
rowId231,0.015664244459787043,0.022579196739952512,0.05109981097667743,0.1185385584173658,0.2349367485001284,0.09300221264141717,0.10605325488426509,0.020242087393360333,0.06215243224595004,0.27036948105207664,0.02650003550771703,0.09869680188678473,0.07230439312494019,0.26279658803543204,0.037378649224921054,0.07460163473835035,0.5193187597312484,0.038627933456537346,0.11186074983563712,0.15883501452833554,0.07441619064437292,0.1445201601817003,0.032562388630048615,0.1754565304756922,0.054763426404342466,0.06303752745103712,0.012302249161072084,0.032359818370631226,0.032952065867482595,0.1246497705187889,0.06303752745103712,0.04615049880844655,0.02378384434336071,0.0876026134183375,0.1381458096349222,0.045791771541429424,0.07486977280851757,0.017672990361177764,0.04541251652372214,0.033301821495489534,0.06551654894201865,0.013081264351617305,0.08895253341747135,0.23861576314397512,0.09429267373051416,0.14668917981254953,0.06496844226399118,0.3469715121223475,0.023992342584586136,0.07963498296649549,0.07942359275213501,0.034509813976437216,0.010581444816286216,0.09199831259661723,0.06952257454552643,0.0068412080772048455,0.02113556481743805,0.025160760491888617,0.03253960227038006,0.04083088049915265,0.11477596273895989,0.01869083213487588,0.15227726780942955,0.043071005021486634,0.09236449954720602,0.1957036499749003,0.029826891600890564,0.08577860073031916,0.013409590494440833,0.021157916276166023,0.1834345178956457,0.09074726331961366,0.02029622361328579,0.050133515081212804,0.04070808234821544,0.05086519017247306,0.0397050772708996,0.08855830640387612,0.05005063723535282,0.09462622765743829,0.023846452282117396,0.027339415128827614,0.06810160351913451,0.03915384690431336,0.0026465754916795395,0.027381273594172674,0.15795199457320505,0.03733659973021283,0.05245383369473509,0.06149509908870966,0.10430790309244155,0.01348667430785373,0.02419396447389655,0.055938634554263025,0.06757375974048797,0.08004269499961067,0.028547592901568733,0.21326958176696714,0.05513978848235159,0.16340254510766541,0.11276069009873572,0.12860464508678013,0.03908833083751431,0.020982432959834096,0.030387354680054202,0.058260940532916396,0.09684750332021232,0.02613129831130594,0.025197618312624327,0.252546345387661,0.12626963953472042,0.0014195172520296124,0.05248745394216506,0.036649896912632624,0.08685234331831665,0.04608240081918501,0.0300759063062323,0.07565897206750936,0.060795326079078026,0.10440381610333906,0.07101758254728814,0.1550396469231862,0.140959726596463,0.18191540179836385,0.13957516578622461,0.23543932595827535,0.0330249773605309,0.14365904546732117,0.03965121145683844,0.012382517878824474,0.1090167930446169,0.12138970524070905,0.43441487236169335,0.082456895347769,0.18283726985167884,0.06130051184028606,0.03503989682772746,0.06460373209232116,0.047691580699675384,0.12391169721127608,0.017106025771398956,0.0710315829658983,0.19223830649177262,0.01839084429740458,0.09427147148233736,0.11426457805788533,0.0360755870758148,0.15178022389544338,0.019892428173312823,0.03961435402692669,0.057983344683024504,0.14147342497775015,0.013725977296703391,0.19512175973379914,0.0876026134183375,0.01817424356802463,0.04305512182419307,0.1276348184276337,0.028599325313790534,0.10552438389889687,0.054129586089871874,0.08325662503095924,0.03468003074247901,0.02977049159155893,0.2111621141291003,0.01374440018485426,0.08226846302831745,0.04881095883136564,0.09811087086971863,0.02857897095131983,0.04177562316439023,0.13621507646855882,0.036763862238349515,0.031756706272599924,0.18758162931895178,0.13478958388347761,0.010987912659858455,0.10190263505242705,0.034370664243488024,0.10076413849603529,0.08555483590857797,0.014860908062084252,0.4999321195827659,0.03417634251930709,0.048464710066720464,0.06097390686036244,0.057983344683024504,0.020498449919657748,0.2219849138281642,0.08004269499961067,0.053552928875930855,0.043430434770496025,0.020807297962228015,0.07400884668123524,0.03965121145683844,0.008281152186413676,0.0190519723518334,0.01976819149240272,0.0009565827979865296,0.15217526271752516,0.028715490854207354,0.03417634251930709,0.1295178019926262,0.10290633734405875,0.1159413949746028,0.0898435307738926,0.14113352939866172,0.09760076578435951,0.0360755870758148,0.022573770900477633,0.027363439804964036,0.0749770436991232,0.13478958388347761,0.04785285354146018,0.020122083008015757,0.18003070762950393,0.01277488990260344,0.11815629172468389,0.015170411416985165,0.05696289288454036,0.13464322407379928,0.027363439804964036,0.02635623173074948,0.08732456447569596,0.05371547389741796,0.028255731759402766,0.009681513657680633,0.08482614416438125,0.020321361358463564,0.08325662503095924,0.0329315213687575,0.03565841363186296,0.01976819149240272,0.03299054287185349,0.02002957821666919,0.07241697745172099,0.09300221264141717,0.044049624822995334,0.0890610933244565,0.5241880850131344,0.009230952109465151,0.028506084278041223,0.058797927090255935,0.02381888579015437,0.04440583666255198,0.05360222657306117,0.039876557026929625,0.0013854556807550518,0.21804882164329722,0.020064425577496253
rowId232,0.02580952453634657,0.07700547832610954,0.0208339993927098,0.028912686395979416,0.05101712555052155,0.06194984082576789,0.07658065332977336,0.03052038560590705,0.009873194535136116,0.15673013638471428,0.09855186215742719,0.02381888579015437,0.10820335962123553,0.1479456936785445,0.1792834397466763,0.08635270049928916,0.1788227873389219,0.052083190847696914,0.2765435329574788,0.0027510090008349614,0.04506801982299781,0.13315991708683086,0.07709042215528919,0.020321361358463564,0.1137250587043581,0.24595226603168896,0.15758099506012443,0.11402459448067369,0.11412182255391809,0.08847280145958716,0.04509791694775669,0.21804882164329722,0.1860946727606127,0.04210500574751806,0.05271634220676527,0.05991102424496552,0.051082808073531286,0.027892269653222723,0.01520413806018166,0.07379161689293162,0.07734764030560726,0.015960476247937345,0.08569440272150812,0.0181559662694938,0.08249538594581472,0.08964431767445613,0.035260075015522224,0.045922997763917076,0.02281560115399537,0.03134987981722057,0.04881095883136564,0.012961469731987266,0.005745803733773644,0.03351128377193219,0.1051118587615843,0.11777693041468404,0.05886391966927162,0.049097617730240746,0.02239055797752867,0.06207113531016131,0.03942154954513675,0.2548275354194706,0.05291159731953287,0.0329315213687575,0.04078779991944996,0.12526723464431033,0.049744736908177364,0.03705585238141802,0.03961435402692669,0.04516920421558451,0.13671306362195296,0.2658849877817125,0.01647513823739269,0.19016002304180096,0.053126077928174774,0.04864227679937645,0.06071106900104466,0.10820335962123553,0.033365314010788134,0.06390620491701236,0.024365487239746613,0.017630175192375756,0.032359818370631226,0.12228666395372358,0.10565873408288223,0.08698319649927172,0.261655810195167,0.031740260267190276,0.05722470980939253,0.04095910770721359,0.108774467065854,0.261655810195167,0.0190519723518334,0.19320656892222257,0.02580952453634657,0.10364937774625661,0.04774728846850738,0.029706759699468954,0.04176343650280099,0.10605325488426509,0.09893626269075131,0.11288499704623164,0.2186621908474496,0.3003177616492855,0.060266059686105294,0.06457918226837461,0.03160906145105333,0.02664862240992076,0.12236543073654657,0.08482614416438125,0.07125929557042193,0.26913692879840234,0.055466322071612284,0.05992858240965832,0.059802553182996904,0.14112762206315058,0.16638812160611435,0.05357940536723349,0.021118410496397552,0.03292973864397497,0.03205144736031224,0.05058439109993849,0.02029622361328579,0.19014511813092702,0.08042163712152642,0.018425671901617,0.03565841363186296,0.024365487239746613,0.08195793823383195,0.07090457711116659,0.03845064532152613,0.023682065233235416,0.033106713589935485,0.06457918226837461,0.018955262996848417,0.1823869310687453,0.19078411262500236,0.093388886946188,0.04610325480715077,0.2204852418369684,0.026426546782911408,0.13886235682904702,0.019892428173312823,0.025333958859089768,0.03727036506772215,0.08481315466306634,0.021527467005206555,0.03425876494478175,0.03832618871610142,0.13725806414437652,0.05371547389741796,0.15669038074703903,0.03726148697091725,0.19629602978222907,0.2746187737836757,0.1596607802709601,0.0068412080772048455,0.007269746988188503,0.05472964640721986,0.10724947234195165,0.1369571476989645,0.06952257454552643,0.043145974762119024,0.03352815115625609,0.0522210458533132,0.057350477925272175,0.045319880274969276,0.012134930745230818,0.0014311573718241751,0.09599121761833428,0.043071005021486634,0.02351782199413517,0.05360222657306117,0.12626963953472042,0.045791771541429424,0.09045302062979264,0.10904500645234083,0.16822232470883255,0.02137279835562717,0.10038797037179867,0.1452086934270091,0.09116752982577415,0.0595199526671757,0.07700547832610954,0.1879263109057972,0.08445385072126431,0.1452086934270091,0.03216971260422346,0.021157916276166023,0.08907090607325127,0.08010368087486869,0.005617077720564275,0.2534575377415102,0.11730261187148877,0.1788227873389219,0.10440381610333906,0.07451204275514442,0.029237766048682105,0.09519306227719453,0.03563154151704626,0.10485570365903252,0.031798389482455613,0.11445004906312639,0.023054019550028122,0.04424430627846097,0.038669056209247425,0.21215248245116475,0.0542228987442999,0.11815629172468389,0.06092904102196162,0.05834458195742017,0.054763426404342466,0.01817424356802463,0.06048729749479088,0.02263772852861777,0.05552993223624501,0.08321436088057595,0.15086271529609083,0.057214840644141694,0.03991607894800064,0.057363782537312245,0.016686140188555895,0.06435750665381641,0.10921701078819221,0.008136093675204323,0.10006566146445842,0.08586955293230615,0.10349991225940729,0.05608147292049057,0.0667889379457594,0.3197689405850322,0.06123350526234784,0.01678977509604229,0.06207113531016131,0.18758162931895178,0.06136603642967155,0.06111234514641131,0.1266858152845967,0.01907473378512423,0.07445848668361738,0.0643135158345426,0.09051342413235951,0.057715175115986395,0.04444735794264896,0.18173888180230333,0.1078497759557763,0.0467562821725928,0.0955187759967584,0.142594228576919,0.0938511877510938
rowId233,0.020242087393360333,0.04213882884517572,0.09869680188678473,0.0027510090008349614,0.023682065233235416,0.10203295344644954,0.08496200088294405,0.013653968348247239,0.04521676151860069,0.07659175563472435,0.03957776695492004,0.08079510604588554,0.03550697569405258,0.1779344105324831,0.02452123900545794,0.08837334186260187,0.1932187420887361,0.03493008876530704,0.06053595980176759,0.02999614690083302,0.0968109961971932,0.1382327865214983,0.18719690702186523,0.11052145071876468,0.06860051948882322,0.019457210346014938,0.16426708102052753,0.020345966248878473,0.09225130635784731,0.2506406475823802,0.029943120478630375,0.05722470980939253,0.05371547389741796,0.10190263505242705,0.28033217266827043,0.028174092892130336,0.03493008876530704,0.08044347490146428,0.2632336066482097,0.2548275354194706,0.018806418396416683,0.03163575376733747,0.1500421363925138,0.04230443740330246,0.09051342413235951,0.018844236993921484,0.004004509703717296,0.11598418326398066,0.03157549614693655,0.050133515081212804,0.17042579593926416,0.05436874168032864,0.1550396469231862,0.10970978460661515,0.0505517010170282,0.013409590494440833,0.11926490911450775,0.0300759063062323,0.08018129967829611,0.13022584200540502,0.011167719420105799,0.047635917976653605,0.12228666395372358,0.06207113531016131,0.03871069082009698,0.02696601461760173,0.06134163395735278,0.01907473378512423,0.1309239724605942,0.11009175703346592,0.014878934411381101,0.06382012832209755,0.06264437487725902,0.017588295025992687,0.03957776695492004,0.03167120150154307,0.1957036499749003,0.012558098626810878,0.013484203769131214,0.05086519017247306,0.05533035481700348,0.023682065233235416,0.14668917981254953,0.031740260267190276,0.017072460048859595,0.07278167971079125,0.08060394579563751,0.08135120198795744,0.03544609355570803,0.07482193533990962,0.2223604653132783,0.16842985562662227,0.13072710424841222,0.15962122246056037,0.22105905987919588,0.03240034146396136,0.06384464835745123,0.220292524920484,0.012161449214596332,0.055217181988922066,0.06874798169201987,0.09388686176416415,0.020242087393360333,0.036187468336751134,0.016588984493490472,0.03590586360127347,0.22507450032489837,0.18435777333481965,0.2776265708225612,0.054280931684650695,0.11118440660788745,0.20939838941095246,0.072099642549982,0.06130051184028606,0.09325059267029452,0.07586344697981773,0.006801340860506317,0.03947508985661001,0.0016594866843270078,0.09156471727650593,0.05978660310536649,0.06069020644170173,0.03924490953398031,0.08653034708937724,0.09884639407295902,0.1868962350416429,0.033365314010788134,0.05307977036299651,0.19690434088246628,0.0314607697635493,0.051687603420260464,0.03501514193951451,0.0406149742766575,0.02419396447389655,0.11529490747573133,0.007615392198972024,0.18611516817269508,0.07137774300691742,0.15758099506012443,0.21215248245116475,0.046607082917171326,0.14113352939866172,0.052083190847696914,0.07856483488912339,0.04276085660505043,0.02263917793753184,0.142594228576919,0.172012297833012,0.015701948111027837,0.038971085005950805,0.12987758190099027,0.08249538594581472,0.02313783907768579,0.08963884549822916,0.04372229617401926,0.033097731182593564,0.05109981097667743,0.09760076578435951,0.05833622116877451,0.010071064154334532,0.1677536341409256,0.15868440580585322,0.028506084278041223,0.0009565827979865296,0.033579700002234446,0.05487583547021357,0.06222357521808899,0.04795333646108831,0.059004586079247745,0.0793443096543359,0.12886494823050226,0.06375824879173388,0.1381458096349222,0.04385903655213013,0.010343023728082419,0.19078411262500236,0.02243896273490084,0.039716931145939396,0.008136093675204323,0.05745113261848428,0.11009175703346592,0.03113679629243459,0.047162230417682645,0.03357781202869811,0.11755973381021978,0.025392678101793305,0.08786929151668124,0.14529841026851467,0.02966187467733761,0.054280931684650695,0.17956653351301535,0.04917298652148906,0.08230037117986294,0.07929654641953629,0.01869083213487588,0.10241594063559417,0.06644184695473425,0.09519306227719453,0.07037493381792351,0.03835395733374427,0.04917298652148906,0.10112773277521184,0.05995406151271267,0.12860464508678013,0.05399159008563422,0.033301821495489534,0.23928241693201163,0.05212729291658361,0.12319189475464339,0.11882071775636806,0.20872635028747744,0.056111954907429595,0.14764441014550456,0.0201585408420951,0.09427147148233736,0.2159207442663503,0.06303752745103712,0.17419125449951103,0.014635708471241923,0.3771672212472896,0.07329327435539988,0.11772017342388433,0.02966187467733761,0.3681248789730256,0.08429347150409369,0.08044347490146428,0.08041896053972508,0.039295265544470714,0.03501514193951451,0.33732251758153786,0.12096049534283558,0.08963884549822916,0.07584865320171244,0.07228921937305575,0.027768061154365427,0.06415207462311867,0.15785882849713337,0.0656152538296495,0.13323971897869835,0.0576500574178649,0.13396855290030701,0.09222861443600389,0.04917298652148906,0.029274926692899546,0.14529841026851467,0.04185138268959872,0.10970978460661515,0.10039258696788503,0.0009565827979865296,0.062123878833392175
rowId234,0.273296513704592,0.14716545133457043,0.026276556651016393,0.029507745076402716,0.026274800215107787,0.018806418396416683,0.26879822329353653,0.1364655702278823,0.17956653351301535,0.10249062815394472,0.05370653215934189,0.012095021669586549,0.03706550616195868,0.026263694827171676,0.0522210458533132,0.010673337756590316,0.05486084811073825,0.10249062815394472,0.0699667824915573,0.06435750665381641,0.09959952523575737,0.14812399391349337,0.018639036263385752,0.08044347490146428,0.0657465267103825,0.028923152962393183,0.063784276915804,0.09703680934456076,0.017947202939576485,0.025311766711087064,0.02351227273072225,0.13022584200540502,0.04645193071360075,0.03766539871962317,0.06451092060994358,0.049744736908177364,0.07720896244367571,0.027167382687697555,0.03334952467146852,0.07710780672072709,0.09340039086107733,0.019127231002087627,0.0754669708164873,0.05268225340870092,0.019332043777203257,0.012018084666396207,0.03395120652051321,0.06250849925275137,0.04676237280688779,0.02783085768444364,0.03357781202869811,0.023580556072726674,0.036187468336751134,0.02351227273072225,0.09199831259661723,0.04879590076482457,0.07700547832610954,0.06556312471448641,0.040202306975338144,0.07700547832610954,0.21215248245116475,0.027739673843593833,0.027892269653222723,0.034865189638133724,0.07194821538076857,0.12886494823050226,0.11625767060285853,0.03589832647286954,0.10667485251271967,0.3093554490731001,0.032818997701746046,0.025029094172608478,0.03359679780667776,0.021654483572879402,0.061119482480982854,0.07020954388857871,0.08034193349068149,0.05580781562436631,0.04916600786159446,0.06584732067285312,0.029826891600890564,0.16331513308486978,0.004975004103988152,0.04586860269306368,0.4999321195827659,0.1215872123146998,0.2199627082215403,0.010196507717486642,0.21463072383043022,0.015352563380492361,0.08078607664578705,0.03417634251930709,0.04126416055933206,0.03187190381782426,0.11861451035848701,0.10786140375021272,0.018806418396416683,0.04253325415890776,0.027722067837179065,0.10409300769221103,0.09622246946358516,0.01907033912262752,0.045509685059433785,0.08685234331831665,0.04809396790315217,0.06262632535208257,0.06435750665381641,0.11926490911450775,0.023330181294667924,0.058487495737945545,0.22664699653928227,0.08195793823383195,0.05305495148621203,0.22664699653928227,0.09543251971003722,0.08586955293230615,0.028174092892130336,0.04465075375308366,0.22105905987919588,0.06115579624633521,0.10477976030004915,0.15086271529609083,0.07058851242365444,0.017106025771398956,0.08600508125519364,0.22380058753779314,0.01666493942349854,0.06451092060994358,0.010196507717486642,0.25169580570047323,0.1369571476989645,0.0571866857956583,0.07209222732767491,0.06715056668121039,0.09094831663440615,0.045200432058649556,0.09720702222508476,0.12450729421284275,0.0627691656825544,0.10290633734405875,0.04203818600440162,0.024266183679863794,0.17530093677818082,0.014019535842511229,0.1323334003157555,0.10364937774625661,0.07278167971079125,0.059236462286335244,0.20044102279815545,0.029339572424451857,0.0540927417505276,0.1677536341409256,0.015927063990360178,0.029339572424451857,0.26785683595267257,0.2999375541180197,0.08136133338035202,0.1427773981478607,0.14933438258730217,0.2219849138281642,0.06216262999539586,0.03871069082009698,0.055774104685159004,0.05472964640721986,0.08196324862914352,0.051853501696350786,0.11689600783611202,0.012944281733999176,0.063784276915804,0.18593018660940214,0.03899315372958534,0.03815638308977166,0.2364121131322201,0.04256926151243291,0.021527467005206555,0.07298990170758035,0.08855830640387612,0.039463191802789024,0.034867962672411844,0.07417031644006374,0.05686995490855384,0.18666027209475722,0.45549265311912734,0.0542228987442999,0.03418437605602435,0.1500421363925138,0.15962122246056037,0.1441239985181465,0.0890191691639798,0.04909027753160908,0.051770520819839676,0.045616126317840226,0.18350589336633658,0.06169254292998417,0.09361426491082366,0.033358740680036456,0.07506896499436568,0.06175482815656476,0.08406858724476178,0.14764441014550456,0.2394309350208083,0.015067319578338617,0.1086200947835858,0.08657086839348747,0.1873828912940007,0.04455737455271466,0.060795326079078026,0.022386710360606483,0.03929745058332522,0.059004586079247745,0.023303430075389122,0.1452086934270091,0.16638812160611435,0.08249538594581472,0.10708985912028696,0.13162212883887994,0.1078497759557763,0.029352972462383407,0.06556312471448641,0.020321361358463564,0.22961718615419324,0.15627345005088242,0.03983059066932128,0.2106587338270038,0.04744942273940095,0.14143183671796988,0.08970041153957714,0.057214840644141694,0.10534266627030402,0.07178921113168528,0.11837185643558287,0.13323027286096276,0.08044347490146428,0.1078497759557763,0.0505517010170282,0.11840644712166468,0.01669423581904388,0.0277221587397961,0.05636390858181385,0.15525086444828687,0.04909027753160908,0.13005508638955907,0.09888230924825035,0.014257324378410534,0.045616126317840226,0.15178022389544338,0.04219281776284814,0.08481315466306634,0.014415037939537852,0.108774467065854
rowId235,0.24775353246930432,0.02743976817762768,0.014956096707606049,0.0721305894263954,0.02399030813264455,0.04816170391689469,0.03736430133007787,0.05259667703816095,0.03717821775032464,0.04481391576928428,0.18611516817269508,0.03280757013644673,0.03248835396083318,0.21640617987221014,0.062285713965148974,0.03359679780667776,0.08029710466537372,0.12441356900095034,0.0554855060325719,0.03666282831631107,0.057715175115986395,0.072099642549982,0.035260075015522224,0.12361762312368559,0.022386710360606483,0.027339415128827614,0.11325291449263311,0.04321949947062577,0.09599121761833428,0.12526723464431033,0.026276556651016393,0.04700080692243039,0.04700080692243039,0.3093554490731001,0.027739673843593833,0.08326537255041222,0.060636570386870495,0.013719858586891658,0.1052622382613658,0.1445201601817003,0.08938470287517632,0.10112773277521184,0.20146058500594796,0.07185214553071906,0.07882916111607614,0.014956096707606049,0.11960470280766451,0.0406149742766575,0.04346462473617179,0.09734795100242262,0.03349720982818285,0.07074065692092224,0.019194145876443882,0.14958268588671825,0.0360755870758148,0.039295265544470714,0.04126416055933206,0.032562388630048615,0.06169254292998417,0.05449139133272031,0.20874618180906124,0.031876346560642095,0.05305495148621203,0.024618591499328494,0.09325059267029452,0.028303357240390212,0.13990357565144373,0.07031572056692838,0.014019535842511229,0.06882577223500075,0.0879574190924659,0.053990798115460266,0.11362113880128479,0.1860946727606127,0.06515893991520305,0.05399159008563422,0.03854164996678236,0.07482193533990962,0.13962037808819094,0.10085216866489953,0.045200432058649556,0.2578014176647156,0.015352563380492361,0.05735692628781611,0.11530079725414541,0.07005594247260512,0.09884639407295902,0.028799829447790155,0.1367338401089776,0.04222978811763968,0.09429267373051416,0.05986381853936585,0.057214840644141694,0.021055835138022262,0.055251470079924085,0.0657465267103825,0.044049624822995334,0.07441619064437292,0.07792447873124378,0.06759523942494555,0.06203184337028378,0.3003177616492855,0.2333867513310674,0.15758099506012443,0.11402459448067369,0.03387939669877388,0.11726927412993757,0.04058050711022771,0.18870426167675433,0.07058851242365444,0.22664699653928227,0.16181108040061645,0.07667281301684715,0.024266183679863794,0.00424493197697294,0.1932187420887361,0.07037493381792351,0.06306523644878903,0.0955187759967584,0.03678678295654137,0.026932067970345412,0.1580817611002511,0.03418168625114799,0.05886391966927162,0.0395962715405713,0.02650003550771703,0.03735839786408729,0.3061785138368613,0.49528609136595186,0.08061541586142089,0.19016002304180096,0.1341652501913408,0.0890610933244565,0.06048729749479088,0.0752064061748442,0.07659175563472435,0.10155896546150484,0.06819333741960472,0.06408883949666411,0.04768002594368225,0.05533035481700348,0.06605031758532445,0.1550396469231862,0.1655563823290761,0.06090742961770446,0.022573770900477633,0.08326537255041222,0.02263772852861777,0.2091523714731809,0.1677536341409256,0.08448792858324237,0.039716931145939396,0.052083190847696914,0.06207113531016131,0.11777693041468404,0.05661462709928093,0.13554704684960045,0.0695040546611142,0.08964431767445613,0.036230841073632856,0.09857740111087837,0.24595226603168896,0.027531620896947936,0.10167435577256531,0.06503226309649579,0.03808331619262089,0.05991102424496552,0.03248835396083318,0.20146058500594796,0.05942891483026106,0.04435980035507822,0.22380058753779314,0.05259667703816095,0.1051118587615843,0.099652762165392,0.01907033912262752,0.06064146875180415,0.06753860586174079,0.05696271235707727,0.03854625184302271,0.06605031758532445,0.06090742961770446,0.12380179439755364,0.06556312471448641,0.08685226182184991,0.1500421363925138,0.04982025888411105,0.06107495036395189,0.0068412080772048455,0.031740260267190276,0.24358307554122477,0.01513130881026172,0.2199627082215403,0.06435750665381641,0.0823375638533397,0.11575658288256026,0.3027496569786528,0.24094477657595723,0.058260940532916396,0.3162993595987294,0.191928510251779,0.03832618871610142,0.15249242112043093,0.03648124451396212,0.06250205948427942,0.19009898732459152,0.06159513328574669,0.09330931421783428,0.15217526271752516,0.09279965872048816,0.032264556125907624,0.00866723760616279,0.019620235341900393,0.06308101847755063,0.1580817611002511,0.1086200947835858,0.03288713675441889,0.026709505515855436,0.02815537823506851,0.02743976817762768,0.02840022742037241,0.057693300840760825,0.027606168990960488,0.09097591582361568,0.072099642549982,0.013902640332945745,0.057214840644141694,0.3003177616492855,0.029291059936358436,0.014661684040514657,0.10668520722708796,0.014635708471241923,0.05945534751366567,0.23725070138533247,0.013845486774718425,0.20939838941095246,0.04595539194754334,0.12321405941938406,0.059236462286335244,0.036846528821193866,0.033555591874811025,0.14365904546732117,0.06839934237827247,0.013081264351617305,0.03885148803211316,0.037378649224921054,0.07023972692722037,0.06111234514641131,0.07090457711116659,0.1295841708513099
rowId236,0.015801451102450778,0.024124754485251945,0.015793248160788205,0.11588311427078586,0.24775353246930432,0.04222067134673445,0.06201881903401059,0.03822996370629155,0.03052038560590705,0.2496359041853222,0.027722067837179065,0.049508764798018974,0.07554793194649385,0.059802553182996904,0.0401083087727199,0.0196556399038762,0.08553715656480743,0.028906179387724443,0.07734764030560726,0.18583451268168535,0.02584657308877199,0.05487583547021357,0.022579196739952512,0.0419386775708471,0.36799292665354805,0.12321405941938406,0.03706550616195868,0.0052680624270637945,0.05061685740582469,0.05991102424496552,0.04126416055933206,0.24172811512025913,0.01046299191267717,0.017273800303183713,0.037452485883362904,0.15968786781821426,0.04465075375308366,0.04647464526117058,0.02635623173074948,0.03187190381782426,0.03822996370629155,0.0208339993927098,0.02691960586289213,0.045200432058649556,0.03775970949684174,0.27554240885943343,0.16592845940929335,0.04379595926580875,0.05095963412617053,0.031876346560642095,0.084028416742319,0.03425876494478175,0.06828300839267314,0.020064425577496253,0.03387497164470329,0.1647014841231385,0.009256460734643968,0.18283726985167884,0.03550697569405258,0.16340254510766541,0.043430434770496025,0.01348667430785373,0.04036084414354057,0.08786929151668124,0.05513978848235159,0.04424430627846097,0.0542228987442999,0.014415037939537852,0.04251837313333597,0.07864944924210476,0.07058851242365444,0.09868190931741555,0.06382012832209755,0.11245629191416737,0.06439905526673266,0.05453101905055259,0.04349725231215473,0.03814931609514115,0.10252991989402437,0.03835395733374427,0.03948408970897994,0.020621798518323027,0.07037493381792351,0.08800441714809738,0.0657465267103825,0.23095548830597412,0.05769832902229535,0.04727763522576811,0.11179989357123193,0.05608147292049057,0.019996810121400154,0.015469941711065378,0.030996936519047814,0.09763967183037908,0.05787162479345371,0.1637682749328249,0.1076361019752512,0.029943120478630375,0.04754028045988503,0.015170411416985165,0.2152643211484814,0.032264556125907624,0.17158028346212587,0.09244417169740099,0.07252304152301488,0.07445848668361738,0.02642587952391636,0.26566501185002683,0.017106025771398956,0.020621798518323027,0.17172641547838768,0.03350840518769029,0.15919559162073024,0.11294952971498579,0.040845637903666084,0.029985474340503245,0.026876565589276938,0.058487495737945545,0.025024671166916177,0.04095910770721359,0.2483154695117704,0.052384989966095176,0.049131978517202565,0.047856065533528384,0.193635599882764,0.013845486774718425,0.0699667824915573,0.023303430075389122,0.014375380660155637,0.029352972462383407,0.04820576052431156,0.18593018660940214,0.07075565832710061,0.006246975601047956,0.05220606181220708,0.028906179387724443,0.0415090335415429,0.09975901395039075,0.0664158250271298,0.1798948556160159,0.016973271370151134,0.05360222657306117,0.054938895266455595,0.017800098837098807,0.08135120198795744,0.014375380660155637,0.07279057382105315,0.4140068328953792,0.04222067134673445,0.27926771393662286,0.044860885474410195,0.06053130067514153,0.0419386775708471,0.044049624822995334,0.015165196934626564,0.06140680518445316,0.026059042153095482,0.034058891602593,0.0467562821725928,0.03544353092451041,0.025014108046232233,0.28973263368498414,0.040245610853556525,0.09897951380933881,0.07185214553071906,0.007269746988188503,0.20247490841399748,0.18978437954448157,0.0635494061796558,0.08244247697781007,0.33734359445085255,0.01374440018485426,0.0527981832657547,0.11266209052558614,0.01660390198358485,0.03839846356265713,0.04769708527913133,0.07117919171599127,0.09280744993744025,0.054938895266455595,0.055217181988922066,0.019663016356227418,0.03849441112147166,0.12248603223318161,0.06164151164633323,0.05861421065705314,0.06064146875180415,0.05061685740582469,0.05805212147369039,0.06048729749479088,0.03514363435872044,0.1932187420887361,0.06601684212396985,0.07197347829236062,0.07152735509648726,0.13066122595384033,0.014019535842511229,0.1321701883802027,0.14040186023070478,0.08963884549822916,0.01987491124064308,0.09330931421783428,0.09959952523575737,0.04570153127571757,0.04962240834602832,0.034867962672411844,0.08434440432053056,0.08698319649927172,0.07438060590537096,0.043763658440362514,0.3469715121223475,0.04471466947688636,0.12219537683003356,0.06302210618487246,0.02696601461760173,0.11402291709174132,0.0196556399038762,0.007194636632862728,0.1263156157929624,0.05692538241875496,0.11620181949525443,0.021067898405439718,0.06092904102196162,0.10121866702268312,0.027531620896947936,0.017800098837098807,0.24207692773610648,0.10112773277521184,0.08010368087486869,0.10708985912028696,0.0471885983259131,0.14112762206315058,0.03885148803211316,0.0401083087727199,0.0490379695395885,0.024771235204193724,0.05390023838106589,0.3182529286418399,0.04176343650280099,0.09018835436075119,0.08154620190035185,0.02318646687325158,0.08263987967781321,0.11837185643558287,0.030801362127112646,0.06250849925275137,0.06194984082576789,0.03280757013644673,0.07023972692722037,0.1141660897894949
rowId237,0.03468003074247901,0.1276348184276337,0.11740460218514133,0.05330037918976837,0.09222861443600389,0.0031098328052653304,0.05636390858181385,0.13162212883887994,0.23928241693201163,0.12211806068723663,0.1178912662492186,0.060446261739116706,0.10252991989402437,0.16841652266777207,0.03786621570464605,0.10667485251271967,0.06313882087780895,0.11181024998578303,0.0360755870758148,0.0595199526671757,0.1295383910867325,0.1316345418035157,0.07856483488912339,0.10290633734405875,0.18896364773024418,0.14112762206315058,0.08970041153957714,0.059480149237931254,0.06382012832209755,0.08566758211999098,0.35371062299421097,0.07755929807815137,0.07963498296649549,0.045200432058649556,0.012558098626810878,0.05992858240965832,0.05609276012837682,0.0522210458533132,0.01988777446856482,0.06796177011202863,0.028303357240390212,0.07101758254728814,0.08196324862914352,0.25881898426779637,0.02642587952391636,0.10904500645234083,0.022234943294891715,0.08042163712152642,0.084028416742319,0.1711454650785608,0.024377994979228636,0.03748970445464128,0.03726148697091725,0.08377775022095811,0.10290633734405875,0.03294574279750345,0.5570239156008115,0.03493008876530704,0.19629602978222907,0.021035279389131245,0.2553151597134402,0.10203295344644954,0.04837986921081425,0.142594228576919,0.0017571564343280834,0.06757375974048797,0.18173888180230333,0.04261959859366956,0.0406149742766575,0.1612891967285631,0.0348058819147593,0.08481315466306634,0.001393729645481836,0.031756706272599924,0.35371062299421097,0.05578830709588376,0.16316697912643482,0.06796177011202863,0.09854469621923163,0.021226796448345624,0.11445004906312639,0.10485570365903252,0.019287301519781058,0.044521419544169445,0.4100194020764493,0.008149511298223012,0.26307161862603196,0.05307977036299651,0.04506801982299781,0.026585122090765596,0.054214800583152645,0.02840389634552638,0.02696476681248785,0.33091766808774714,0.0874903467327799,0.03514363435872044,0.03530475507284041,0.0542228987442999,0.43869097846121036,0.07445848668361738,0.11181024998578303,0.140959726596463,0.11144192143260966,0.07995188821965497,0.0710315829658983,0.05834458195742017,0.035617739209091205,0.10056264620920957,0.057214840644141694,0.11122896499749457,0.05661462709928093,0.2091523714731809,0.06693039258088294,0.07565897206750936,0.04185138268959872,0.03429226884051455,0.10164575434174027,0.15388354988563785,0.028010747977871408,0.05940037972146779,0.3391137012024435,0.19690434088246628,0.3197689405850322,0.10477976030004915,0.20720819671893126,0.02794422929916819,0.03324955615323629,0.05212729291658361,0.049131978517202565,0.11103531492787581,0.006885013636356038,0.054214800583152645,0.02710899991417163,0.025327660444154753,0.01387351467132388,0.1447976279773046,0.01046299191267717,0.024365487239746613,0.18283152742229947,0.0793443096543359,0.072099642549982,0.10729126503837018,0.1295178019926262,0.05436874168032864,0.04070700659105985,0.14939398150028746,0.044860885474410195,0.005679349701945355,0.14939398150028746,0.037558283967565914,0.022201433566264018,0.06175482815656476,0.07397354572993337,0.040845637903666084,0.05354673072017464,0.004152926940190109,0.027876176803554725,0.048884152836856834,0.0362394855462694,0.14812399391349337,0.0406149742766575,0.08135120198795744,0.029826891600890564,0.016040533338174266,0.21475093122862896,0.09094831663440615,0.3428503142213519,0.023330181294667924,0.1404080633955328,0.11338932753021252,0.08545342411244973,0.14190502455906753,0.07844066975234061,0.0402292473641634,0.05669748161081187,0.14113352939866172,0.08507553736647443,0.06588276610283748,0.0905182719978466,0.20247490841399748,0.19039423461709837,0.07262101302967139,0.15249242112043093,0.05334765586927046,0.09888230924825035,0.14812399391349337,0.03193248632198632,0.07720896244367571,0.03735839786408729,0.49528609136595186,0.025355727280114457,0.02317179731502134,0.0415090335415429,0.11009175703346592,0.1364791135843468,0.04190173012996835,0.1090167930446169,0.03205144736031224,0.1029843243690421,0.05686893322128239,0.05609276012837682,0.05034077198458959,0.02535456283120991,0.013484203769131214,0.07445848668361738,0.049508764798018974,0.033309323892934846,0.021595790954911927,0.05882174479512728,0.03788775710543377,0.07467052724840187,0.031876346560642095,0.3175120038808173,0.052153667803229845,0.09857740111087837,0.056700360802280095,0.057363782537312245,0.06496844226399118,0.03321758702491373,0.029274926692899546,0.016980287233531125,0.04506801982299781,0.06439905526673266,0.07278167971079125,0.15086271529609083,0.06598354674678703,0.12211068626932499,0.14112762206315058,0.07767748564375446,0.14632140965753745,0.024618591499328494,0.09854469621923163,0.10039258696788503,0.3194174998259263,0.09025769470979908,0.09611385024571852,0.04128466076665463,0.3197689405850322,0.06302210618487246,0.07767994817908282,0.05098374705089239,0.02056781267910599,0.017430691886933358,0.03530730558576696,0.1404080633955328,0.025720319365882233,0.1330630091351828,0.07113296854299447,0.04458682553622899,0.0968109961971932
rowId238,0.09880416150985406,0.04806025016521924,0.04641012420267559,0.045376733613794906,0.00501509556765598,0.1834345178956457,0.15967368453543784,0.06399474151154907,0.0764087364420143,0.026146505080541723,0.05061685740582469,0.10605325488426509,0.03315502653878524,0.10534266627030402,0.0667889379457594,0.036291896834200026,0.03489886399072764,0.1637682749328249,0.19248095965164957,0.03417634251930709,0.031275357344309446,0.041846755170547624,0.05686995490855384,0.18283726985167884,0.05399159008563422,0.04589467591825148,0.1427773981478607,0.028348923763038197,0.05740994371397918,0.18894688715902186,0.093388886946188,0.05623017099871448,0.10164575434174027,0.0330249773605309,0.1330630091351828,0.13625357738901228,0.1357760968140226,0.20989097606091836,0.045509685059433785,0.05260097431677552,0.059802553182996904,0.016980287233531125,0.05486084811073825,0.09543761332904574,0.08230037117986294,0.20152512057686184,0.06486139555434021,0.019048800579276583,0.05147005307257128,0.11443541100529811,0.1452086934270091,0.03961435402692669,0.0537597443516009,0.0337456475259338,0.04754028045988503,0.0397050772708996,0.02794422929916819,0.009873194535136116,0.12361762312368559,0.06944514977390738,0.02447860325380291,0.028854506441448317,0.12705315503216075,0.2776265708225612,0.14481002004165813,0.15388354988563785,0.03217564722898496,0.027492306065426773,0.04541251652372214,0.03235682904790616,0.018979402176076767,0.04346231377022084,0.032952065867482595,0.1798948556160159,0.1063164309380385,0.10981751210074983,0.0441892550832111,0.010987912659858455,0.15427323840338192,0.021527467005206555,0.3093554490731001,0.010874952074147064,0.02347907098441795,0.012018084666396207,0.013725977296703391,0.016980287233531125,0.05513978848235159,0.14971586933495437,0.049508764798018974,0.23303426545035244,0.06460373209232116,0.06867273616548764,0.019916581577746697,0.1078497759557763,0.025014108046232233,0.049933419816022,0.11755973381021978,0.11181024998578303,0.09017447478088754,0.09340039086107733,0.017800098837098807,0.08895253341747135,0.10667485251271967,0.16841652266777207,0.0027510090008349614,0.14003920305160011,0.17822411405818522,0.016973271370151134,0.05330037918976837,0.06435750665381641,0.02710899991417163,0.10618502505903259,0.14113031011126084,0.06791251188713673,0.12380179439755364,0.02574444028713122,0.25668347936274627,0.06134922898764997,0.08136133338035202,0.20959641478555013,0.02056781267910599,0.1452086934270091,0.19435376875942542,0.0695040546611142,0.17042579593926416,0.040245610853556525,0.17638607500940456,0.036846528821193866,0.07070226275940979,0.11426457805788533,0.027694535126016932,0.09379182321443247,0.12411607552736283,0.018374990323745136,0.11593151931672963,0.053866987442392295,0.13074656879043367,0.05248745394216506,0.25635908080830144,0.060266059686105294,0.03839846356265713,0.04305512182419307,0.21825403355153195,0.0898435307738926,0.220292524920484,0.06203184337028378,0.05694070031043384,0.037378649224921054,0.04270954807646496,0.05670052168664793,0.10491625862270752,0.0429850759827676,0.02116821400719217,0.05686995490855384,0.017800098837098807,0.02049398507016983,0.04261959859366956,0.09025769470979908,0.17956653351301535,0.020386609431187586,0.08938470287517632,0.06264437487725902,0.20152512057686184,0.0874074118222219,0.046607082917171326,0.11288499704623164,0.09893626269075131,0.2534575377415102,0.03319675917204851,0.12450729421284275,0.16903165089690644,0.03735984974308029,0.06123350526234784,0.06839934237827247,0.22929229968146284,0.2199627082215403,0.07851951477554499,0.017630175192375756,0.03772199700644724,0.09279965872048816,0.04962240834602832,0.04178727469312611,0.20428805750621565,0.025024671166916177,0.23158276126519725,0.03588597300280466,0.06194984082576789,0.06791251188713673,0.059236462286335244,0.04083088049915265,0.3391137012024435,0.1185385584173658,0.12807209650745013,0.2548275354194706,0.033220339547255416,0.029352972462383407,0.2578014176647156,0.0904686580562412,0.057346481122152716,0.06203825029697983,0.15178022389544338,0.08938879861991139,0.03935005438836094,0.09869680188678473,0.16266482666147805,0.05024722004133929,0.043406971336301,0.06070335427422454,0.013653968348247239,0.02520256731126624,0.03334952467146852,0.039463191802789024,0.0208339993927098,0.18186820160151645,0.06381984694513282,0.09699257399247305,0.02378384434336071,0.060137038670072376,0.05449139133272031,0.09017447478088754,0.08874543296011354,0.08135120198795744,0.10394473113420492,0.05453101905055259,0.1427773981478607,0.04300577383145825,0.08507553736647443,0.05034077198458959,0.10806418965376709,0.08042163712152642,0.031756706272599924,0.05037667855411855,0.027339415128827614,0.06399474151154907,0.08230037117986294,0.11598418326398066,0.0955187759967584,0.09543251971003722,0.0962274436407269,0.02691960586289213,0.049097617730240746,0.0378669845402935,0.07886327830220485,0.11242857206816594,0.014772500230663017,0.06952257454552643,0.034958360764687876,0.04727763522576811,0.09156471727650593,0.05834169532601587
rowId239,0.12562638679141755,0.04300577383145825,0.036649896912632624,0.08060394579563751,0.07329327435539988,0.08938879861991139,0.02284163337380396,0.11443541100529811,0.45997384824528237,0.014399625229580902,0.02623006659696883,0.009482827252723503,0.04921266724526593,0.027722067837179065,0.013484203769131214,0.07767994817908282,0.041996588786748404,0.033506658653691006,0.05086519017247306,0.1357009020748816,0.16710876139780362,0.06588276610283748,0.0898435307738926,0.10995881609813189,0.04267621179097056,0.01869083213487588,0.25169580570047323,0.02977049159155893,0.08826146903160012,0.14112762206315058,0.07298990170758035,0.024377994979228636,0.13468626386236254,0.045200432058649556,0.03137587953540144,0.027663159557689426,0.01907473378512423,0.03994451649516368,0.03319941164403907,0.3064858950054413,0.0878045545547013,0.0054814593349430405,0.02466226316757737,0.1779344105324831,0.04879590076482457,0.2776265708225612,0.09811087086971863,0.06384464835745123,0.17638607500940456,0.13671306362195296,0.012161449214596332,0.13396855290030701,0.09045302062979264,0.01869525894530098,0.01839084429740458,0.053126077928174774,0.06215243224595004,0.001160583601150869,0.03766539871962317,0.1452086934270091,0.021067898405439718,0.012587335184230724,0.065728013099982,0.036846528821193866,0.33918533192477185,0.2534575377415102,0.07710780672072709,0.07942359275213501,0.00884621442655624,0.019996810121400154,0.05991102424496552,0.08712547088757225,0.0360755870758148,0.12865367008844464,0.06267275232069118,0.05852680247216348,0.03871069082009698,0.08874543296011354,0.11593151931672963,0.0595199526671757,0.06123350526234784,0.02361421532171209,0.1412294811690744,0.140959726596463,0.06841565862114168,0.06944514977390738,0.09427147148233736,0.02840022742037241,0.040202306975338144,0.04579692809366499,0.1115905840203343,0.018700198478567746,0.10307852310271426,0.027381273594172674,0.016754799503522624,0.06159513328574669,0.045319880274969276,0.07400884668123524,0.0361999467180642,0.1412294811690744,0.007131961602682052,0.07074065692092224,0.03387497164470329,0.19078411262500236,0.03007671168660523,0.06136603642967155,0.2999375541180197,0.10565873408288223,0.3391137012024435,0.02351227273072225,0.1957036499749003,0.016588984493490472,0.13021606959958118,0.040845637903666084,0.040845637903666084,0.04190173012996835,0.018425671901617,0.16172161237277496,0.020386609431187586,0.01666493942349854,0.3180651754385313,0.020807297962228015,0.04589955972427422,0.015701948111027837,0.07197347829236062,0.025100142065157392,0.03983059066932128,0.17822411405818522,0.06922884638999138,0.04529767279955678,0.12941427028674948,0.06844674841574178,0.062123878833392175,0.040202306975338144,0.023580556072726674,0.10155896546150484,0.23861576314397512,0.006801340860506317,0.02857897095131983,0.21386519591590655,0.00193613108216705,0.15243063322524364,0.07262101302967139,0.046747789712766004,0.1386428392245063,0.0329315213687575,0.019287301519781058,0.09959952523575737,0.014257324378410534,0.03678678295654137,0.13091803247248263,0.2159207442663503,0.15243063322524364,0.0052680624270637945,0.14638398611707923,0.043145974762119024,0.11862327645103342,0.06039117806019295,0.11337772438500815,0.1382327865214983,0.008203217482846543,0.1625737309454052,0.02574444028713122,0.11201857577179962,0.049131978517202565,0.21475093122862896,0.02999614690083302,0.04795333646108831,0.06874798169201987,0.1957036499749003,0.054938895266455595,0.03612476729242831,0.02966187467733761,0.014635708471241923,0.1414196764074397,0.15883501452833554,0.044521419544169445,0.047921103849625876,0.05180395422007624,0.0938511877510938,0.11009175703346592,0.0904686580562412,0.007615392198972024,0.03908833083751431,0.11755973381021978,0.07767994817908282,0.016686140188555895,0.1295383910867325,0.054129586089871874,0.013409590494440833,0.08600508125519364,0.16190114586296384,0.016973271370151134,0.00588991757559099,0.11588311427078586,0.07988827723680285,0.030439379557517934,0.04385903655213013,0.14040186023070478,0.07762287103978621,0.1369571476989645,0.10060492240923555,0.2776265708225612,0.09854469621923163,0.05942891483026106,0.15258766027551868,0.11882071775636806,0.14146683755353875,0.023550772814327676,0.09330931421783428,0.0360755870758148,0.09865414033922758,0.0485374725560171,0.025817662585343973,0.14573659520976878,0.06075676659749816,0.05850393617212031,0.11523398534945531,0.02278187826579537,0.03299054287185349,0.020064425577496253,0.27036948105207664,0.03875353309490299,0.04768002594368225,0.06496844226399118,0.03999860299970289,0.10879308328872195,0.08042163712152642,0.06031646013147246,0.07995188821965497,0.10138195455992095,0.06926103601658354,0.03735984974308029,0.015165196934626564,0.02629983587546414,0.034865189638133724,0.027910207489554757,0.049508764798018974,0.0421658790621041,0.11772017342388433,0.10639914686488107,0.18283726985167884,0.020498449919657748,0.04892163518420947,0.017630175192375756,0.3162993595987294,0.08657086839348747,0.10409300769221103,0.03887950188492328,0.1357760968140226
rowId240,0.03503989682772746,0.0537597443516009,0.04573619491427452,0.08545342411244973,0.061844400965221764,0.16340254510766541,0.053628078709692925,0.11412182255391809,0.08352530227143147,0.11144192143260966,0.11882319584165722,0.05334765586927046,0.1295178019926262,0.01986848339245085,0.055938634554263025,0.10138195455992095,0.11124057942966953,0.016588984493490472,0.09222861443600389,0.1090167930446169,0.09325059267029452,0.01277488990260344,0.018955262996848417,0.11594780990046437,0.05357940536723349,0.05240819850123343,0.06297106234016792,0.047921103849625876,0.02635623173074948,0.2765435329574788,0.04727763522576811,0.08586955293230615,0.06439905526673266,0.034509813976437216,0.05104160610971572,0.172012297833012,0.04292360038385886,0.027663159557689426,0.0010202824078819834,0.06168446572573735,0.25635908080830144,0.02580952453634657,0.045616126317840226,0.22380058753779314,0.039876557026929625,0.06021094519756196,0.059443151246513115,0.19388151623358074,0.0785721462772907,0.03871069082009698,0.047921103849625876,0.030693479075619284,0.193635599882764,0.16331513308486978,0.03277899940354323,0.018364172732089117,0.12138970524070905,0.03231724629731043,0.03052038560590705,0.04440583666255198,0.10349991225940729,0.15778891138703702,0.2364005381988082,0.20152512057686184,0.09854469621923163,0.07593919617160745,0.08377775022095811,0.14573659520976878,0.10038473659025345,0.12912460435442497,0.027892269653222723,0.03674381607780177,0.036187468336751134,0.01660390198358485,0.03788775710543377,0.14399552386602338,0.08949112162957971,0.04213882884517572,0.12228666395372358,0.03530475507284041,0.020756155523585302,0.1215872123146998,0.27554240885943343,0.011239942713006513,0.1323334003157555,0.01612460411241117,0.01277488990260344,0.04176343650280099,0.26149081198054147,0.13315991708683086,0.28973263368498414,0.08029710466537372,0.1364791135843468,0.05291159731953287,0.015960476247937345,0.09438867908508199,0.08352530227143147,0.1825014914548815,0.07882916111607614,0.013570794622076622,0.027492306065426773,0.03004152838787338,0.0643135158345426,0.07309631450339381,0.08684442825395526,0.017072460048859595,0.14311180265807422,0.108774467065854,0.3061785138368613,0.06194984082576789,0.21095702757387483,0.023828379467334102,0.21804882164329722,0.025174039322353518,0.08079817537731275,0.039097178403433,0.07856483488912339,0.02774020260628076,0.11593151931672963,0.06201881903401059,0.017630175192375756,0.026932067970345412,0.07601437163497518,0.05360222657306117,0.012366508001763019,0.0016584474346639983,0.005588867695018397,0.04636684804944004,0.034210362222606545,0.07593919617160745,0.16822232470883255,0.010874952074147064,0.0699667824915573,0.14112762206315058,0.019048800579276583,0.04078779991944996,0.07767994817908282,0.08653034708937724,0.23861576314397512,0.01316133287268846,0.06952257454552643,0.0402292473641634,0.03947508985661001,0.20939838941095246,0.0467562821725928,0.11385499890938716,0.03248835396083318,0.03848544513246123,0.05487583547021357,0.06159513328574669,0.22628529374863732,0.07767748564375446,0.08152949166667502,0.07426990010622855,0.12219537683003356,0.17638607500940456,0.04998130919555556,0.16677513400863042,0.11052145071876468,0.032952065867482595,0.012587335184230724,0.16426708102052753,0.1452086934270091,0.024871013115369402,0.07856483488912339,0.0474565992792932,0.13962037808819094,0.08018129967829611,0.04809396790315217,0.06306523644878903,0.03307704851652938,0.015258459652880734,0.03352815115625609,0.1381458096349222,0.04795333646108831,0.0025689959322691643,0.10849236044690688,0.01976819149240272,0.04821058808631389,0.10279955933541127,0.11009175703346592,0.01647513823739269,0.07755929807815137,0.08195793823383195,0.07710780672072709,0.04455737455271466,0.1125391657576237,0.1051118587615843,0.20959641478555013,0.05240819850123343,0.03530475507284041,0.1637682749328249,0.25668347936274627,0.023702634221545157,0.020498449919657748,0.18426750232774555,0.030996936519047814,0.2394309350208083,0.04809396790315217,0.28973263368498414,0.005005215016144767,0.03871069082009698,0.1246497705187889,0.022190818518236684,0.11960470280766451,0.19223830649177262,0.012302249161072084,0.09857740111087837,0.02381888579015437,0.18758162931895178,0.04952331415873677,0.07241697745172099,0.03848544513246123,0.23928241693201163,0.06381984694513282,0.11266209052558614,0.028547592901568733,0.1316345418035157,0.24595226603168896,0.08195793823383195,0.020247981163211536,0.060266059686105294,0.099652762165392,0.08380283722038466,0.054280931684650695,0.050749717000185206,0.1789631763486703,0.0907346183323277,0.1655563823290761,0.04817075298797411,0.04162392941264945,0.053126077928174774,0.08657086839348747,0.08482005250119078,0.04280986253284726,0.06556312471448641,0.10668520722708796,0.10294895835231888,0.0629887879839539,0.09225130635784731,0.2578014176647156,0.06264437487725902,0.3148892573261145,0.08577860073031916,0.03772199700644724,0.06080458903783766,0.07070226275940979,0.11325291449263311,0.05513978848235159,0.06203184337028378
rowId241,0.0241525457096305,0.08044347490146428,0.03324955615323629,0.028906179387724443,0.04589955972427422,0.004332332792757682,0.03386979239732146,0.14011744072666557,0.03052038560590705,0.016980287233531125,0.12972031364053122,0.023550772814327676,0.02664862240992076,0.08042163712152642,0.028765196562273956,0.099652762165392,0.022052915920142253,0.12236543073654657,0.191928510251779,0.04525431632382581,0.03319941164403907,0.14113031011126084,0.06021094519756196,0.010394252366224313,0.035056425684755754,0.06759523942494555,0.09340039086107733,0.08079817537731275,0.03727036506772215,0.10667485251271967,0.08010368087486869,0.029706759699468954,0.005617077720564275,0.039716931145939396,0.03875353309490299,0.13949900142465416,0.041436914536371376,0.06203825029697983,0.04364627000013338,0.019663016356227418,0.07230439312494019,0.015170411416985165,0.09330931421783428,0.03832618871610142,0.039463191802789024,0.0054814593349430405,0.019996810121400154,0.04190173012996835,0.06485024265722507,0.015529893083447616,0.12121331241289607,0.03957776695492004,0.10995881609813189,0.02012066757282389,0.06262632535208257,0.03915384690431336,0.05670052168664793,0.027381273594172674,0.04132392199381643,0.04892163518420947,0.038627933456537346,0.11840644712166468,0.07070226275940979,0.03530475507284041,0.03080378095493439,0.021423618077814347,0.08214468497383062,0.10939680651715215,0.0268184986299694,0.1051118587615843,0.0069603434554135245,0.261655810195167,0.06486139555434021,0.07700547832610954,0.0699667824915573,0.039872841557605905,0.1581044432373948,0.11523398534945531,0.034370664243488024,0.05104574543442532,0.12441356900095034,0.04573619491427452,0.15967368453543784,0.03418437605602435,0.1364791135843468,0.05783041423428113,0.08583343789693548,0.17158028346212587,0.029352972462383407,0.0069603434554135245,0.08352530227143147,0.13079995882111786,0.028715490854207354,0.10603764313892584,0.18719690702186523,0.09222861443600389,0.26149081198054147,0.03924510396556578,0.05580781562436631,0.046747789712766004,0.012961469731987266,0.03299054287185349,0.03007671168660523,0.043763658440362514,0.13310438824799042,0.2200078992959789,0.03915384690431336,0.10167435577256531,0.06264437487725902,0.019315778665033825,0.0035574907143634156,0.0962274436407269,0.07995188821965497,0.06069020644170173,0.04463339559281491,0.15868440580585322,0.26879822329353653,0.04162392941264945,0.2776265708225612,0.02857897095131983,0.11138415490383903,0.030396685805813638,0.21415924083222407,0.09510173084686854,0.2658849877817125,0.18870426167675433,0.06455453056223481,0.017264477451250176,0.10849236044690688,0.028943925314967582,0.10241020114291999,0.031868410667312,0.06750234075417384,0.08963884549822916,0.04058050711022771,0.07209222732767491,0.08445385072126431,0.026483930919803868,0.19054168358611942,0.16841652266777207,0.06071106900104466,0.16842985562662227,0.034058891602593,0.03493008876530704,0.0052680624270637945,0.13725806414437652,0.024377994979228636,0.3594849603243823,0.04455737455271466,0.01374440018485426,0.018784945065822876,0.05103956064333818,0.13074656879043367,0.027694535126016932,0.03948408970897994,0.07864944924210476,0.18870426167675433,0.14040186023070478,0.20397206245230323,0.2038753946093372,0.09841710633466864,0.18173888180230333,0.24009752942176518,0.07486977280851757,0.0024663782729773404,0.02264041966360618,0.191928510251779,0.21004634554321927,0.032952065867482595,0.03167120150154307,0.11174286545708143,0.00424493197697294,0.03782898930479036,0.12219537683003356,0.049508764798018974,0.02774020260628076,0.3162993595987294,0.09897951380933881,0.02696601461760173,0.006885013636356038,0.12626963953472042,0.039876557026929625,0.24009752942176518,0.0378669845402935,0.11626584452197324,0.019892428173312823,0.07441619064437292,0.10902995955306398,0.02733218066286086,0.013653968348247239,0.05210881518392313,0.1968180510868663,0.013081264351617305,0.1354156656773594,0.17849674179298197,0.22961718615419324,0.172012297833012,0.20959641478555013,0.06345286629684944,0.08938879861991139,0.11626584452197324,0.08196324862914352,0.34567410193402004,0.025817662585343973,0.05220606181220708,0.030693479075619284,0.03681645588138558,0.2349367485001284,0.07364483211004082,0.01374440018485426,0.05552993223624501,0.1309239724605942,0.025333958859089768,0.14668917981254953,0.1767565322514853,0.06070335427422454,0.02481288025966938,0.08230037117986294,0.012587335184230724,0.014661684040514657,0.022234943294891715,0.14147342497775015,0.02574444028713122,0.11122896499749457,0.08895253341747135,0.043406679589960986,0.059802553182996904,0.08969943217494578,0.11385499890938716,0.018364172732089117,0.08586955293230615,0.017264477451250176,0.10849236044690688,0.031876346560642095,0.142594228576919,0.15360233910270657,0.1279124781470182,0.099652762165392,0.0348058819147593,0.06753860586174079,0.017273800303183713,0.04744942273940095,0.0190519723518334,0.05834169532601587,0.10334672978344611,0.17822411405818522,0.11755973381021978,0.03775970949684174,0.17638672838815636,0.07844066975234061
rowId242,0.1386428392245063,0.06455453056223481,0.04276085660505043,0.07963498296649549,0.05834458195742017,0.10820335962123553,0.024771235204193724,0.18003070762950393,0.20857655664498323,0.03193248632198632,0.13357245140683496,0.10360607847073296,0.03782898930479036,0.07666916063144738,0.03417634251930709,0.014981903813317581,0.10851714506791006,0.002450277267931671,0.20537268538925627,0.03387497164470329,0.021654483572879402,0.1550396469231862,0.07584865320171244,0.11402459448067369,0.020621798518323027,0.09017447478088754,0.11752161948341273,0.02049398507016983,0.029237766048682105,0.06828300839267314,0.15835562061705558,0.02555328322910774,0.2999375541180197,0.026585122090765596,0.021772511529288482,0.12219537683003356,0.06250205948427942,0.34468304846797815,0.030614514599098204,0.025197618312624327,0.03167120150154307,0.11412182255391809,0.49528609136595186,0.0465363904616811,0.10334672978344611,0.30124595258678216,0.04094085519318643,0.18449154832084794,0.142594228576919,0.02378384434336071,0.13323027286096276,0.07125929557042193,0.01869525894530098,0.12096049534283558,0.045795797598099486,0.07730301579951251,0.195916188529966,0.06839934237827247,0.11412182255391809,0.041846755170547624,0.08136133338035202,0.08600653786498069,0.08004269499961067,0.05354673072017464,0.023054019550028122,0.061013159375091844,0.0014311573718241751,0.19690434088246628,0.05787162479345371,0.04816170391689469,0.19016002304180096,0.07185214553071906,0.03550697569405258,0.03565841363186296,0.10656782405670617,0.1382327865214983,0.08712547088757225,0.11598418326398066,0.03935005438836094,0.024663062392871464,0.032952065867482595,0.09880416150985406,0.09272063992965827,0.05295063780666251,0.048619139107471364,0.05692538241875496,0.051853501696350786,0.0594686421835955,0.11593151931672963,0.02466226316757737,0.07101758254728814,0.057214840644141694,0.09855186215742719,0.04370905553095802,0.014956096707606049,0.14003920305160011,0.00501509556765598,0.04462283994352437,0.08010368087486869,0.07767748564375446,0.05220606181220708,0.041712302511136355,0.027739673843593833,0.02049398507016983,0.03520873620064968,0.03352815115625609,0.027739673843593833,0.028799829447790155,0.010071064154334532,0.060636570386870495,0.10085216866489953,0.10398192488485646,0.045319880274969276,0.1137250587043581,0.03848727934251136,0.05453101905055259,0.02953407343919929,0.12248603223318161,0.034867962672411844,0.4140068328953792,0.06926103601658354,0.044667915145341616,0.0879574190924659,0.33734359445085255,0.04058050711022771,0.0467562821725928,0.12481380621321259,0.057715175115986395,0.05580781562436631,0.05783041423428113,0.046092288886077,0.03875353309490299,0.014399625229580902,0.03633334323186749,0.14365904546732117,0.03983059066932128,0.028255731759402766,0.059802553182996904,0.2153453683839955,0.023550772814327676,0.08614679481226657,0.1369571476989645,0.02696476681248785,0.3027496569786528,0.23158276126519725,0.08214468497383062,0.03854164996678236,0.1563681993870599,0.02650003550771703,0.0406149742766575,0.15664252575486765,0.04372229617401926,0.05686233393948718,0.07364483211004082,0.047113868993233096,0.24009752942176518,0.10085216866489953,0.09720702222508476,0.03915384690431336,0.11458761931764577,0.03542607471918619,0.017998176002266903,0.04370905553095802,0.15785882849713337,0.03957776695492004,0.034746682318480944,0.05024722004133929,0.02840389634552638,0.04817075298797411,0.021241772437108286,0.049024242005896064,0.054938895266455595,0.03885148803211316,0.016973271370151134,0.06140680518445316,0.03351405703448733,0.04676237280688779,0.07461071930135524,0.05130884486760263,0.06069020644170173,0.018291443294187214,0.04631310994474407,0.3182529286418399,0.035898107525405044,0.025029094172608478,0.10056264620920957,0.09669392721349093,0.0571866857956583,0.11772017342388433,0.048884152836856834,0.15669038074703903,0.1563213946479865,0.17158028346212587,0.05305495148621203,0.00866723760616279,0.07797456036523379,0.14141812516099347,0.06598354674678703,0.05578830709588376,0.03520400737034127,0.0606517689478234,0.3391137012024435,0.03681645588138558,0.3064858950054413,0.23725070138533247,0.24172811512025913,0.11276069009873572,0.0627691656825544,0.0899923145289757,0.13021606959958118,0.2483154695117704,0.07170174788096212,0.18541752096511707,0.08970485982576791,0.061847437905578964,0.1386428392245063,0.0629887879839539,0.08938879861991139,0.11186074983563712,0.04768002594368225,0.057715175115986395,0.05694070031043384,0.02691960586289213,0.02650003550771703,0.10398192488485646,0.05694070031043384,0.05180395422007624,0.0360755870758148,0.051602939631941826,0.04298511575898325,0.15388354988563785,0.05745113261848428,0.09510212707801179,0.05088840639974515,0.008660115293498229,0.025355727280114457,0.03349720982818285,0.22840368924551568,0.06496844226399118,0.027363439804964036,0.10534266627030402,0.15544147439358993,0.046607082917171326,0.18057994137607258,0.034867962672411844,0.3469715121223475,0.05081679252632302,0.056891079170697266,0.0505517010170282,0.03418437605602435
rowId243,0.07037493381792351,0.08970041153957714,0.0329046009050689,0.21476115788320732,0.037378649224921054,0.04727763522576811,0.06129987982429951,0.019892428173312823,0.031868410667312,0.2003959170726871,0.032210831267687964,0.06196559736719907,0.06053130067514153,0.14040186023070478,0.054129586089871874,0.10252991989402437,0.03349720982818285,0.07389922166867542,0.26149081198054147,0.3556424361647484,0.023580556072726674,0.055774104685159004,0.18449154832084794,0.04542468396420786,0.055422642859247175,0.054763426404342466,0.03848727934251136,0.055256227649755706,0.04444735794264896,0.11052145071876468,0.052405226629760854,0.06715841591553207,0.1596607802709601,0.021654483572879402,0.04261959859366956,0.07467052724840187,0.03007671168660523,0.04176343650280099,0.0016594866843270078,0.03359679780667776,0.2106587338270038,0.018374990323745136,0.0461850859364933,0.15249242112043093,0.26881345614637076,0.033220339547255416,0.07767748564375446,0.06048729749479088,0.025720319365882233,0.031740260267190276,0.15178022389544338,0.04636684804944004,0.18350589336633658,0.13022584200540502,0.04631310994474407,0.0505517010170282,0.02691960586289213,0.024365487239746613,0.3334925090390668,0.04636684804944004,0.028599325313790534,0.23861576314397512,0.0024663782729773404,0.028358287807441887,0.027980646120439018,0.03788775710543377,0.1911693802116228,0.26307161862603196,0.03439272521163692,0.043430434770496025,0.07329327435539988,0.06584863655866877,0.18350589336633658,0.07278167971079125,0.06207113531016131,0.03359679780667776,0.005745803733773644,0.08034193349068149,0.10879308328872195,0.06168603994923707,0.1647014841231385,0.0397050772708996,0.0415090335415429,0.12481848783605332,0.11630662596262815,0.08044347490146428,0.03908833083751431,0.018639036263385752,0.10056264620920957,0.1490411053187102,0.14143183671796988,0.06169254292998417,0.06644184695473425,0.0635494061796558,0.12562638679141755,0.12912460435442497,0.04491749837502824,0.13571850953256293,0.013145015428794026,0.08195793823383195,0.018639036263385752,0.30318879799301185,0.3037920355828678,0.017264477451250176,0.01647513823739269,0.07397354572993337,0.11954656336370266,0.020529509358829346,0.001160583601150869,0.2159207442663503,0.06601684212396985,0.057214840644141694,0.09622246946358516,0.08008595999373899,0.15863599133732575,0.08482614416438125,0.12219537683003356,0.03467003182642679,0.04203818600440162,0.11179989357123193,0.26149081198054147,0.018425671901617,0.20649467464612828,0.2553151597134402,0.05740994371397918,0.07438060590537096,0.19745924543290813,0.04636684804944004,0.09438867908508199,0.007194636632862728,0.0397050772708996,0.02381888579015437,0.13021606959958118,0.10038797037179867,0.05848213623398934,0.1354156656773594,0.046747789712766004,0.02953407343919929,0.1357760968140226,0.04444735794264896,0.051853501696350786,0.024771235204193724,0.04608240081918501,0.12096049534283558,0.02313783907768579,0.07586344697981773,0.09975901395039075,0.022573770900477633,0.04700080692243039,0.08635270049928916,0.11186074983563712,0.02263917793753184,0.010581444816286216,0.11530079725414541,0.08263987967781321,0.08892913104888106,0.044667915145341616,0.12121331241289607,0.021151515504727717,0.03319941164403907,0.061847437905578964,0.06844674841574178,0.220292524920484,0.26879822329353653,0.18666027209475722,0.045791771541429424,0.05940037972146779,0.07710780672072709,0.07913518569135433,0.04204329395914663,0.1596607802709601,0.04631310994474407,0.1076361019752512,0.15530946107413995,0.020386609431187586,0.08800441714809738,0.004799042885886919,0.0899400568571098,0.026585122090765596,0.02957582199534259,0.046794393761696036,0.09156471727650593,0.038627933456537346,0.05371547389741796,0.11288499704623164,0.09279965872048816,0.03815638308977166,0.1297611414039591,0.252546345387661,0.062430280141366375,0.2349367485001284,0.031089106207021117,0.19822721863685178,0.16241222083888848,0.047162230417682645,0.1711454650785608,0.05291159731953287,0.1263156157929624,0.045581527511999786,0.04444735794264896,0.037558283967565914,0.03160906145105333,0.04491749837502824,0.1441239985181465,0.024338964763538914,0.16677513400863042,0.04837986921081425,0.06053130067514153,0.06620182671010647,0.18896364773024418,0.10409300769221103,0.032264556125907624,0.04444735794264896,0.03052038560590705,0.04759092305037301,0.055615668272831646,0.07194821538076857,0.031275357344309446,0.08425381116818527,0.07206168782554961,0.11412182255391809,0.05578830709588376,0.08614679481226657,0.047691580699675384,0.14716545133457043,0.047691580699675384,0.08712547088757225,0.08826146903160012,0.16316697912643482,0.23412335067903467,0.03948408970897994,0.0490379695395885,0.08545342411244973,0.04372229617401926,0.14190502455906753,0.06129987982429951,0.18894688715902186,0.04791447870766466,0.019892428173312823,0.015335599796271132,0.015170411416985165,0.10995881609813189,0.0772783426344131,0.0348058819147593,0.1316345418035157,0.16181108040061645,0.21326958176696714,0.009681513657680633,0.05090188545054481,0.027892269653222723
rowId244,0.01839084429740458,0.11009175703346592,0.08600653786498069,0.05694070031043384,0.028715490854207354,0.09226955809382711,0.08448792858324237,0.10337740311861805,0.03736430133007787,0.039295265544470714,0.029274926692899546,0.20397206245230323,0.01970153680309463,0.06203825029697983,0.022386710360606483,0.16903165089690644,0.10996811052562744,0.012944281733999176,0.22080184262869307,0.04816170391689469,0.09199831259661723,0.014772500230663017,0.04921266724526593,0.11740460218514133,0.09165802437935143,0.05696289288454036,0.03386979239732146,0.1445093638682014,0.08195793823383195,0.5241880850131344,0.12705315503216075,0.01988777446856482,0.10039258696788503,0.02966187467733761,0.06149509908870966,0.012161449214596332,0.031089106207021117,0.11242857206816594,0.021423618077814347,0.20939838941095246,0.03503989682772746,0.21386519591590655,0.12361762312368559,0.06873054017857778,0.023844478287064486,0.06715056668121039,0.14971586933495437,0.09841710633466864,0.06097390686036244,0.0555072862063709,0.06455453056223481,0.043763658440362514,0.04385903655213013,0.07810796492859388,0.1932187420887361,0.15968786781821426,0.03315502653878524,0.07426990010622855,0.0052680624270637945,0.012382517878824474,0.04952331415873677,0.021328364187053844,0.031756706272599924,0.01907473378512423,0.04230443740330246,0.09684750332021232,0.07114096024572565,0.028358287807441887,0.08078607664578705,0.13074656879043367,0.03794816822754598,0.03321758702491373,0.16061958142217606,0.026585122090765596,0.028303357240390212,0.014257324378410534,0.019845656749530753,0.03782898930479036,0.03994451649516368,0.051824934045968406,0.001393729645481836,0.05005063723535282,0.057350477925272175,0.06644184695473425,0.04615051968663605,0.1076361019752512,0.012126675197217269,0.09438867908508199,0.07709042215528919,0.04070808234821544,0.05696289288454036,0.07667281301684715,0.02650003550771703,0.06631257114977637,0.03429226884051455,0.18694592172753058,0.025311766711087064,0.014661684040514657,0.060137038670072376,0.05180395422007624,0.0618648465896002,0.05081679252632302,0.04210500574751806,0.09622246946358516,0.08600653786498069,0.22507450032489837,0.07995188821965497,0.03735839786408729,0.10477976030004915,0.18593018660940214,0.17419125449951103,0.10279955933541127,0.07922861220116825,0.06825487503589651,0.050978000566798576,0.24595226603168896,0.03319675917204851,0.07228921937305575,0.21804882164329722,0.12236543073654657,0.04485720077955179,0.024266183679863794,0.1414196764074397,0.26913692879840234,0.046388466784095875,0.022190818518236684,0.07922861220116825,0.08326537255041222,0.04132392199381643,0.04727763522576811,0.08078607664578705,0.13962037808819094,0.055084569082919255,0.012216891820285111,0.05436172829632793,0.06601684212396985,0.11588311427078586,0.06080458903783766,0.140959726596463,0.05722470980939253,0.03548375469695007,0.03868360349542509,0.1215872123146998,0.11103531492787581,0.03885148803211316,0.23928241693201163,0.18338484295646426,0.018700198478567746,0.04056119255652058,0.012095021669586549,0.07194821538076857,0.3260595187431702,0.04485720077955179,0.029985474340503245,0.018784945065822876,0.0014311573718241751,0.03839846356265713,0.08800441714809738,0.027768061154365427,0.03782898930479036,0.03157549614693655,0.2152643211484814,0.10125690672229279,0.05945534751366567,0.03965121145683844,0.08583343789693548,0.05259667703816095,0.03493008876530704,0.11179989357123193,0.013563499102358852,0.02794422929916819,0.0348058819147593,0.07709042215528919,0.20221099925335276,0.10970978460661515,0.21476115788320732,0.11402459448067369,0.08448792858324237,0.0542228987442999,0.053628078709692925,0.021151515504727717,0.05103956064333818,0.20649467464612828,0.05670052168664793,0.0954788470012861,0.07441619064437292,0.03633334323186749,0.03352815115625609,0.15249242112043093,0.057693300840760825,0.05429242909402791,0.26785683595267257,0.10485570365903252,0.04346231377022084,0.07006921752847214,0.12391169721127608,0.007269746988188503,0.047162230417682645,0.034865189638133724,0.01988249542172972,0.12380179439755364,0.0277221587397961,0.07125929557042193,0.021772511529288482,0.27554240885943343,0.037452485883362904,0.06136603642967155,0.06874798169201987,0.11907757489265196,0.38875735910827086,0.014951362342960125,0.30152961729774447,0.0704920209854422,0.04917032852208639,0.028303357240390212,0.06203825029697983,0.18541752096511707,0.23303426545035244,0.0554855060325719,0.10190263505242705,0.014399625229580902,0.020386609431187586,0.07170174788096212,0.07995188821965497,0.0329046009050689,0.034192443862057706,0.04440583666255198,0.03737447382194406,0.019332043777203257,0.22961718615419324,0.09388686176416415,0.06053130067514153,0.11583779486055595,0.11575658288256026,0.12138970524070905,0.04821058808631389,0.062303464678621655,0.06819333741960472,0.028943925314967582,0.04509791694775669,0.014415037939537852,0.017766762353292203,0.1364791135843468,0.0419386775708471,0.0771158955617825,0.09841710633466864,0.055774104685159004,0.05578830709588376,0.04820576052431156,0.08249538594581472
rowId245,0.07797456036523379,0.11338932753021252,0.08377775022095811,0.10250890973583873,0.04516920421558451,0.08553715656480743,0.07178921113168528,0.02520256731126624,0.0735112610680996,0.047635917976653605,0.04126416055933206,0.013081264351617305,0.16316697912643482,0.06384464835745123,0.14129435327272127,0.013725977296703391,0.05147005307257128,0.0627691656825544,0.04879590076482457,0.004004509703717296,0.11443541100529811,0.05103956064333818,0.035363195774129205,0.21386519591590655,0.08321436088057595,0.06605031758532445,0.06629030525291289,0.06644712560729071,0.09051342413235951,0.0013854556807550518,0.16592845940929335,0.043763658440362514,0.08414673120938626,0.04095910770721359,0.04921266724526593,0.10187193224047701,0.10874647795539916,0.03782898930479036,0.0898435307738926,0.12425308649778367,0.043858403215920334,0.17849674179298197,0.034911584713727004,0.052956487694236526,0.02049398507016983,0.040486436781981466,0.029326273724277544,0.05692538241875496,0.02520256731126624,0.04463339559281491,0.08892913104888106,0.11072836442583536,0.04589955972427422,0.015241665720065582,0.10328477219772461,0.14632140965753745,0.023846452282117396,0.11288499704623164,0.01669423581904388,0.019315778665033825,0.11072836442583536,0.07853026456257887,0.06111234514641131,0.06828300839267314,0.02317179731502134,0.002121882473025589,0.11122896499749457,0.23672554762405443,0.14141812516099347,0.1279124781470182,0.039872841557605905,0.15178022389544338,0.06064146875180415,0.026059042153095482,0.25881898426779637,0.14113031011126084,0.04097984159837939,0.11460330998056277,0.023705378825243036,0.033301821495489534,0.1341652501913408,0.0968109961971932,0.010581444816286216,0.10197873909666125,0.07865097944924848,0.051366119186550645,0.03387939669877388,0.10186479796660679,0.12912460435442497,0.028906179387724443,0.014635708471241923,0.20152512057686184,0.022964712006800666,0.0069603434554135245,0.0630038274757027,0.2204852418369684,0.21475093122862896,0.07462147873765274,0.14668917981254953,0.04917032852208639,0.03737447382194406,0.06308101847755063,0.2523686063220783,0.03514363435872044,0.07856483488912339,0.026263694827171676,0.013563499102358852,0.1581044432373948,0.03706550616195868,0.037320078735145645,0.1052622382613658,0.1283805700797791,0.08895253341747135,0.03045556880439479,0.20397206245230323,0.03134987981722057,0.18870426167675433,0.01869083213487588,0.024771235204193724,0.02378384434336071,0.03957776695492004,0.013081264351617305,0.05745113261848428,0.020991286417138856,0.3197689405850322,0.0329046009050689,0.04589955972427422,0.03425876494478175,0.06551654894201865,0.05769832902229535,0.018784945065822876,0.14687038373156372,0.016063735838563173,0.023099802747534592,0.0954788470012861,0.052956487694236526,0.02452123900545794,0.13886235682904702,0.15778891138703702,0.027768061154365427,0.07797456036523379,0.05305495148621203,0.11862327645103342,0.06381984694513282,0.10806418965376709,0.0268184986299694,0.02953407343919929,0.03589832647286954,0.04754028045988503,0.11772017342388433,0.0054814593349430405,0.049621278745842524,0.11133391901952686,0.00588991757559099,0.017672990361177764,0.01839084429740458,0.033106713589935485,0.27926771393662286,0.30124595258678216,0.2106587338270038,0.19277381183983736,0.039295265544470714,0.08274407282366453,0.16256286021822472,0.17492427915422573,0.1386428392245063,0.06408883949666411,0.13079995882111786,0.004152926940190109,0.11862327645103342,0.0024663782729773404,0.16870580819916503,0.03905296466375901,0.04892163518420947,0.11385499890938716,0.2364121131322201,0.08569440272150812,0.2349367485001284,0.04917298652148906,0.18666027209475722,0.1789225102535176,0.13571850953256293,0.028854506441448317,0.004332332792757682,0.03735984974308029,0.06584732067285312,0.05511425938721453,0.0632434822655344,0.04130264847584571,0.11294952971498579,0.07023972692722037,0.0749770436991232,0.30435797541633286,0.07844066975234061,0.07279057382105315,0.01907033912262752,0.06791251188713673,0.23303426545035244,0.039295265544470714,0.4140068328953792,0.03924510396556578,0.013484203769131214,0.018979402176076767,0.0069603434554135245,0.033506658653691006,0.14812399391349337,0.17530093677818082,0.0010202824078819834,0.042797119164057644,0.10197873909666125,0.07075565832710061,0.17042579593926416,0.05578830709588376,0.0474565992792932,0.06451092060994358,0.07667281301684715,0.09236449954720602,0.0016594866843270078,0.04589955972427422,0.045319880274969276,0.07278167971079125,0.03235682904790616,0.052083190847696914,0.11861451035848701,0.11077466046246393,0.10618502505903259,0.047162230417682645,0.08195793823383195,0.06458494506397139,0.11861451035848701,0.12425308649778367,0.23672554762405443,0.05805212147369039,0.108774467065854,0.1295383910867325,0.08895253341747135,0.1356380804867504,0.21825403355153195,0.09340039086107733,0.03418168625114799,0.08970485982576791,0.024871013115369402,0.2507306932863154,0.04608240081918501,0.03294574279750345,0.21095702757387483,0.09865414033922758,0.053126077928174774,0.022546309686991825,0.012961469731987266
rowId246,0.07445848668361738,0.07114096024572565,0.027407112804122807,0.017630175192375756,0.3727138994028762,0.05245383369473509,0.05436874168032864,0.05692538241875496,0.07720896244367571,0.18779475819152228,0.03056710604675929,0.2106587338270038,0.17600648064578514,0.037320078735145645,0.1279124781470182,0.01512409783235807,0.014635708471241923,0.028506084278041223,0.05212729291658361,0.0201585408420951,0.060636570386870495,0.012302249161072084,0.02611256720996245,0.05486872498828684,0.14141812516099347,0.027910207489554757,0.18583451268168535,0.07228921937305575,0.03899315372958534,0.07482193533990962,0.13625357738901228,0.11710710220545238,0.13914740977622023,0.03386979239732146,0.042797119164057644,0.060266059686105294,0.11740460218514133,0.021226796448345624,0.047691580699675384,0.15627345005088242,0.01988777446856482,0.14933438258730217,0.1563213946479865,0.10477976030004915,0.06194984082576789,0.054822115843996516,0.12526723464431033,0.014257324378410534,0.06203825029697983,0.21326958176696714,0.03056710604675929,0.20044102279815545,0.3556424361647484,0.13066122595384033,0.07637491113170373,0.027504269865620715,0.017923659099580245,0.030801362127112646,0.07506896499436568,0.15388354988563785,0.012126675197217269,0.020064425577496253,0.10485570365903252,0.11118440660788745,0.08338120696561022,0.04820576052431156,0.025100142065157392,0.009873194535136116,0.15627345005088242,0.03717821775032464,0.028854506441448317,0.06679846799465182,0.127041027563886,0.11882319584165722,0.06390620491701236,0.12131608126838168,0.08226846302831745,0.3197689405850322,0.1354156656773594,0.0363676403973819,0.1792834397466763,0.11122896499749457,0.04570153127571757,0.07767748564375446,0.08148668066719446,0.10440381610333906,0.22080184262869307,0.017923659099580245,0.1111333338491525,0.05916657597753136,0.09703680934456076,0.07621505512326755,0.11325291449263311,0.10039258696788503,0.03544353092451041,0.028715490854207354,0.07621505512326755,0.058487495737945545,0.058260940532916396,0.00176492202251769,0.07309631450339381,0.021226796448345624,0.023849798036602254,0.10854730204208571,0.01976819149240272,0.08164072362909384,0.2152643211484814,0.12228666395372358,0.12563750103973415,0.08380283722038466,0.22961718615419324,0.06071106900104466,0.13289247623394812,0.06175482815656476,0.06375824879173388,0.16903165089690644,0.12347727137335505,0.12361762312368559,0.04837986921081425,0.2223604653132783,0.10603764313892584,0.05090188545054481,0.1417595897119603,0.06321851305053366,0.036601858906629224,0.019048800579276583,0.11402291709174132,0.057350477925272175,0.029383760512826113,0.10290633734405875,0.025031390642341268,0.1276348184276337,0.017998176002266903,0.1265934144919582,0.03835395733374427,0.18896364773024418,0.07926505648786575,0.021226796448345624,0.05449139133272031,0.0793443096543359,0.1798948556160159,0.013845486774718425,0.03542607471918619,0.14632140965753745,0.10125690672229279,0.10970978460661515,0.2496359041853222,0.05104160610971572,0.028303357240390212,0.06886356171131285,0.05608147292049057,0.049131978517202565,0.11700851988804442,0.11529490747573133,0.12211806068723663,0.14146683755353875,0.05834458195742017,0.1562688333715234,0.05390023838106589,0.0673440682358704,0.009482827252723503,0.06867273616548764,0.08517001339279531,0.04346231377022084,0.034865189638133724,0.02611256720996245,0.13829512470271474,0.11337772438500815,0.04058050711022771,0.03835395733374427,0.02313783907768579,0.05210881518392313,0.029356870216574262,0.010581444816286216,0.3182529286418399,0.03612476729242831,0.02278187826579537,0.1125391657576237,0.07886327830220485,0.08377775022095811,0.3681248789730256,0.09865414033922758,0.025355727280114457,0.04529767279955678,0.12211806068723663,0.13683359295655975,0.02351782199413517,0.05487583547021357,0.13464322407379928,0.02317179731502134,0.011353764515775563,0.15835562061705558,0.10491625862270752,0.060266059686105294,0.08732456447569596,0.13478958388347761,0.10656782405670617,0.02623006659696883,0.03350840518769029,0.07767994817908282,0.07929262048894575,0.08406858724476178,0.03871069082009698,0.0329315213687575,0.12391169721127608,0.12131608126838168,0.05268225340870092,0.08969943217494578,0.01678977509604229,0.061302009339381985,0.11583779486055595,0.020122083008015757,0.11337772438500815,0.06860051948882322,0.11614626967264054,0.028923152962393183,0.018432099923438347,0.02351227273072225,0.026146505080541723,0.09510173084686854,0.11512592140157864,0.028912686395979416,0.07882916111607614,0.1427773981478607,0.09555741616989258,0.058260940532916396,0.027146168235100094,0.021922161283611755,0.08230037117986294,0.26913692879840234,0.016686140188555895,0.11174286545708143,0.04917298652148906,0.1843844272071021,0.1320554396711257,0.030328569389991258,0.05978660310536649,0.04107797825956584,0.07462147873765274,0.04734445323783841,0.10995881609813189,0.04982025888411105,0.06485024265722507,0.09857740111087837,0.08635270049928916,0.0196556399038762,0.03588597300280466,0.05210881518392313,0.10668520722708796,0.17956653351301535
rowId247,0.01976819149240272,0.11362113880128479,0.18003070762950393,0.0823375638533397,0.026824400993290573,0.07926505648786575,0.05623017099871448,0.13962037808819094,0.13079995882111786,0.058797927090255935,0.1116571166056257,0.14311180265807422,0.03429226884051455,0.07364483211004082,0.072099642549982,0.028067500025218257,0.04676237280688779,0.12411607552736283,0.172012297833012,0.20872635028747744,0.261655810195167,0.2364005381988082,0.08786929151668124,0.015255115808022152,0.26879822329353653,0.05104574543442532,0.10337740311861805,0.03999860299970289,0.025014108046232233,0.03217564722898496,0.04132392199381643,0.06140680518445316,0.3391137012024435,0.21095702757387483,0.14463515329590595,0.010394252366224313,0.07381480878488941,0.07993950078430732,0.09950116357986438,0.2483154695117704,0.09720702222508476,0.04542468396420786,0.010196507717486642,0.06677823908643249,0.0606517689478234,0.020321361358463564,0.029356870216574262,0.03235926346470298,0.1479456936785445,0.022579196739952512,0.06557286050496769,0.1178912662492186,0.13072710424841222,0.045360789929056525,0.04774728846850738,0.0979135366345343,0.15492062769528012,0.014772500230663017,0.06222357521808899,0.14147342497775015,0.03080378095493439,0.19277381183983736,0.08154620190035185,0.012366508001763019,0.11144192143260966,0.034695106210996585,0.10007624563057085,0.14896969453060246,0.06071106900104466,0.07117167890071133,0.09893626269075131,0.030086858276874,0.10038473659025345,0.027504269865620715,0.11077466046246393,0.032359818370631226,0.04491749837502824,0.24094477657595723,0.04321949947062577,0.06515893991520305,0.06485024265722507,0.11385499890938716,0.06215243224595004,0.05861421065705314,0.017923659099580245,0.018806418396416683,0.044860885474410195,0.015469941711065378,0.02765053618110973,0.031868410667312,0.04982025888411105,0.05271634220676527,0.0874074118222219,0.1266858152845967,0.06319030421927102,0.09388686176416415,0.061302009339381985,0.06070335427422454,0.06757375974048797,0.06810160351913451,0.09206805513314008,0.01669423581904388,0.13421121227743957,0.1115905840203343,0.045360789929056525,0.11276069009873572,0.04204329395914663,0.07882916111607614,0.1341652501913408,0.06867273616548764,0.10167435577256531,0.01907033912262752,0.048464710066720464,0.10426991559030556,0.05805212147369039,0.20537268538925627,0.2078788065117053,0.08924529259492195,0.1321701883802027,0.03991607894800064,0.1911796698425654,0.0429850759827676,0.02613129831130594,0.1356380804867504,0.007024772460824246,0.06415207462311867,0.24009752942176518,0.1711454650785608,0.058789740339478584,0.05210881518392313,0.1968180510868663,0.1823869310687453,0.11815629172468389,0.22507450032489837,0.18173888180230333,0.03359679780667776,0.10854730204208571,0.18779475819152228,0.1334709007063108,0.0607849939934305,0.06707224149513806,0.17172641547838768,0.037558283967565914,0.0704920209854422,0.07137774300691742,0.13671306362195296,0.08078607664578705,0.0629887879839539,0.2521000479886916,0.07020954388857871,0.10854730204208571,0.004152926940190109,0.07206168782554961,0.06399474151154907,0.0848548636801642,0.031275357344309446,0.04440583666255198,0.012087732820448055,0.05609276012837682,0.052956487694236526,0.09280744993744025,0.0017571564343280834,0.16822232470883255,0.0471885983259131,0.0395962715405713,0.05354673072017464,0.12248603223318161,0.1356380804867504,0.11772017342388433,0.3727138994028762,0.06175482815656476,0.026824400993290573,0.017430691886933358,0.11625767060285853,0.0555072862063709,0.011030822511195562,0.09699257399247305,0.030927021957536882,0.03425876494478175,0.1320554396711257,0.3027496569786528,0.05670052168664793,0.04982025888411105,0.02002952840479787,0.026709505515855436,0.03352815115625609,0.1166785550069508,0.19009898732459152,0.016040533338174266,0.10729126503837018,0.0397050772708996,0.05307977036299651,0.058487495737945545,0.08654471896219404,0.03315502653878524,0.04102533692048867,0.0361999467180642,0.013484203769131214,0.056700360802280095,0.07206168782554961,0.195916188529966,0.03523405384106503,0.0749770436991232,0.10203295344644954,0.045376733613794906,0.014860908062084252,0.07441619064437292,0.1640993206899182,0.31529600635664984,0.058260940532916396,0.002121882473025589,0.08079817537731275,0.07103377565029463,0.1037583457617435,0.08712547088757225,0.027381273594172674,0.17638672838815636,0.2746187737836757,0.09593659412577094,0.03775970949684174,0.11009175703346592,0.15669038074703903,0.06196559736719907,0.030387354680054202,0.04097984159837939,0.08970485982576791,0.15962122246056037,0.03924490953398031,0.10325348019017183,0.055615668272831646,0.23928241693201163,0.04178727469312611,0.38875735910827086,0.11882319584165722,0.013570794622076622,0.03352815115625609,0.07844066975234061,0.015335599796271132,0.04982025888411105,0.04058050711022771,0.12211806068723663,0.02352782975286913,0.03160906145105333,0.11625767060285853,0.11118440660788745,0.0874903467327799,0.019332043777203257,0.4100194020764493,0.3727138994028762,0.2204852418369684
rowId248,0.028923152962393183,0.21463072383043022,0.0749770436991232,0.09272063992965827,0.04817075298797411,0.048464710066720464,0.05005063723535282,0.08698319649927172,0.28973263368498414,0.23543932595827535,0.273296513704592,0.06787691772128103,0.03235682904790616,0.059236462286335244,0.004317486260476565,0.008293484545749671,0.029274926692899546,0.08010368087486869,0.07627885643610594,0.019663016356227418,0.07856483488912339,0.07079673407993524,0.056700360802280095,0.08041896053972508,0.0314607697635493,0.04727763522576811,0.07882916111607614,0.15758099506012443,0.10316854057431916,0.1364791135843468,0.010394252366224313,0.009256460734643968,0.013409590494440833,0.08448792858324237,0.04346462473617179,0.24207692773610648,0.005005215016144767,0.20428805750621565,0.04372229617401926,0.19014511813092702,0.11118440660788745,0.13464322407379928,0.04375041821232045,0.11122896499749457,0.0009565827979865296,0.11626584452197324,0.01277488990260344,0.10897046204943009,0.03885148803211316,0.023580556072726674,0.18758162931895178,0.063784276915804,0.034746682318480944,0.14687038373156372,0.08657086839348747,0.0899400568571098,0.08684442825395526,0.2999375541180197,0.06134922898764997,0.1042569366773471,0.014981903813317581,0.02113556481743805,0.16870580819916503,0.1090167930446169,0.09893626269075131,0.2480913783478117,0.14896969453060246,0.042797119164057644,0.07079673407993524,0.02555328322910774,0.03845064532152613,0.09593659412577094,0.027381273594172674,0.17061893930874097,0.07125929557042193,0.01647513823739269,0.21804882164329722,0.38875735910827086,0.09510173084686854,0.014981903813317581,0.11620181949525443,0.06134163395735278,0.13310438824799042,0.3003177616492855,0.1711454650785608,0.034911584713727004,0.19248095965164957,0.084028416742319,0.03216971260422346,0.11815629172468389,0.0329315213687575,0.018979402176076767,0.026336588642208864,0.019845656749530753,0.04210500574751806,0.035056425684755754,0.03717821775032464,0.0667889379457594,0.10039258696788503,0.020321361358463564,0.08814272218469847,0.03565841363186296,0.0584438991170054,0.07554793194649385,0.3391137012024435,0.3027496569786528,0.03514363435872044,0.0699667824915573,0.10902995955306398,0.03717821775032464,0.1283805700797791,0.09975901395039075,0.1250324649912175,0.23303426545035244,0.061119482480982854,0.12096049534283558,0.05104574543442532,0.06757375974048797,0.010581444816286216,0.014878934411381101,0.0764087364420143,0.022901222912728655,0.1466377351705964,0.03540866522579982,0.05268225340870092,0.07101758254728814,0.05945534751366567,0.11027956864797933,0.05088840639974515,0.1037583457617435,0.04608240081918501,0.05957042965684036,0.015801451102450778,0.0673440682358704,0.041846755170547624,0.0329046009050689,0.044667915145341616,0.06313882087780895,0.027768061154365427,0.04128466076665463,0.03845064532152613,0.04465075375308366,0.16710876139780362,0.06458494506397139,0.03678678295654137,0.03351405703448733,0.0754669708164873,0.09300221264141717,0.02318646687325158,0.2746187737836757,0.2152643211484814,0.0785721462772907,0.0013854556807550518,0.04879590076482457,0.05436874168032864,0.06455453056223481,0.14343504384091949,0.10024902971260209,0.21326958176696714,0.16172161237277496,0.04455737455271466,0.1334709007063108,0.017766762353292203,0.04036084414354057,0.14716545133457043,0.0362394855462694,0.1611631355227145,0.04440583666255198,0.017998176002266903,0.06123350526234784,0.0348058819147593,0.06168446572573735,0.03351405703448733,0.02347907098441795,0.022198968675706938,0.11138415490383903,0.24009752942176518,0.048464710066720464,0.03045556880439479,0.1125644642390023,0.0699128580206811,0.1404080633955328,0.0554855060325719,0.07364483211004082,0.18353317167795255,0.06420564322210497,0.11052145071876468,0.1265934144919582,0.00176492202251769,0.11836588863489117,0.11061162161675382,0.09841710633466864,0.08738340122130314,0.2078788065117053,0.07730301579951251,0.01473791567634694,0.010343023728082419,0.02225068215494732,0.06926103601658354,0.13315991708683086,0.23158276126519725,0.19014511813092702,0.10897046204943009,0.05037667855411855,0.04910280909990828,0.1789225102535176,0.055217181988922066,0.04774728846850738,0.14896969453060246,0.0962274436407269,0.21384661491077844,0.03735839786408729,0.07101758254728814,0.02399030813264455,0.10995881609813189,0.16102481895057755,0.1159413949746028,0.015258459652880734,0.252546345387661,0.18870426167675433,0.1321701883802027,0.15785882849713337,0.07666916063144738,0.03854164996678236,0.0522210458533132,0.1445201601817003,0.08865993303919399,0.09545180886436631,0.078934870899722,0.06620182671010647,0.07462147873765274,0.03772199700644724,0.1364791135843468,0.10279955933541127,0.18283152742229947,0.08738340122130314,0.03825583218523496,0.0738920103499353,0.012944281733999176,0.12410549086147098,0.05940037972146779,0.21476115788320732,0.1367338401089776,0.08326537255041222,0.024124754485251945,0.03908833083751431,0.020529509358829346,0.08425381116818527,0.09880416150985406,0.06759523942494555
rowId249,0.10056264620920957,0.034000464186655505,0.2186621908474496,0.07113296854299447,0.059236462286335244,0.037320078735145645,0.02774020260628076,0.05305495148621203,0.012023196246579756,0.06356196425814355,0.02555328322910774,0.0325779914417661,0.05686233393948718,0.10167435577256531,0.034370664243488024,0.11512592140157864,0.09429267373051416,0.027722067837179065,0.03854164996678236,0.06114028361909431,0.02710899991417163,0.03005283459482651,0.021580403233670803,0.05210881518392313,0.11588311427078586,0.08048125822188523,0.1441239985181465,0.05957042965684036,0.029274926692899546,0.220292524920484,0.07886327830220485,0.06650081836383148,0.13072710424841222,0.06111234514641131,0.08517001339279531,0.035261434698328355,0.09017447478088754,0.1076361019752512,0.16870580819916503,0.20720819671893126,0.08226846302831745,0.10007624563057085,0.0024735841903112434,0.2746187737836757,0.034210362222606545,0.10409300769221103,0.10897046204943009,0.09051342413235951,0.04506801982299781,0.12563750103973415,0.0359447612391452,0.13022584200540502,0.08579832894478713,0.06896073906595404,0.09595609125389327,0.05245383369473509,0.11618044237816691,0.13396855290030701,0.04647464526117058,0.03794816822754598,0.02452123900545794,0.0527981832657547,0.06629030525291289,0.019892428173312823,0.07197347829236062,0.02584657308877199,0.08434440432053056,0.16638812160611435,0.014951362342960125,0.08566758211999098,0.04917298652148906,0.10038473659025345,0.08970485982576791,0.028506084278041223,0.03400334190851857,0.10355086589252654,0.0485374725560171,0.023702634221545157,0.14939398150028746,0.13886235682904702,0.03386979239732146,0.005679349701945355,0.11385499890938716,0.07298990170758035,0.03849441112147166,0.5570239156008115,0.054822115843996516,0.1051118587615843,0.06415207462311867,0.13074656879043367,0.024771235204193724,0.04097984159837939,0.0031098328052653304,0.06245472633172106,0.029507745076402716,0.062123878833392175,0.043858403215920334,0.06168446572573735,0.03736430133007787,0.031756706272599924,0.03550697569405258,0.06828300839267314,0.13914740977622023,0.072099642549982,0.10738461346976483,0.030396685805813638,0.04820576052431156,0.05957042965684036,0.055251470079924085,0.07023972692722037,0.0017571564343280834,0.057693300840760825,0.025271682694782034,0.11412182255391809,0.1631943737956888,0.3037920355828678,0.11740460218514133,0.11052145071876468,0.10334672978344611,0.06753860586174079,0.020247981163211536,0.025100142065157392,0.010467376051495317,0.06408883949666411,0.033579700002234446,0.1615715416251067,0.014716686096325607,0.2553151597134402,0.1076361019752512,0.03786621570464605,0.08507553736647443,0.03350840518769029,0.07720896244367571,0.02351782199413517,0.02399030813264455,0.10426384688641321,0.04463339559281491,0.07956170583697932,0.034000464186655505,0.23928241693201163,0.018639036263385752,0.20579014505034474,0.02623006659696883,0.02054140468873364,0.08008595999373899,0.12526723464431033,0.0842820761735914,0.039872841557605905,0.10939680651715215,0.002121882473025589,0.06707224149513806,0.03123999571671486,0.11218261353333293,0.10902995955306398,0.01530033495826165,0.11385499890938716,0.00469153133525907,0.021151515504727717,0.10444233613991619,0.09734795100242262,0.03748970445464128,0.036846528821193866,0.031798389482455613,0.20152512057686184,0.1137250587043581,0.12563750103973415,0.028923152962393183,0.035261434698328355,0.15178022389544338,0.054280931684650695,0.04455737455271466,0.36457726444627037,0.14141812516099347,0.14573659520976878,0.013653968348247239,0.04458682553622899,0.36400503546692115,0.06111234514641131,0.027504269865620715,0.07125929557042193,0.14933438258730217,0.04615051968663605,0.13844044529711408,0.17042579593926416,0.1266858152845967,0.028351876179501967,0.014860908062084252,0.1357009020748816,0.1500421363925138,0.06250849925275137,0.11620181949525443,0.43869097846121036,0.052153667803229845,0.18353317167795255,0.0785721462772907,0.11861451035848701,0.16613313457885215,0.1382327865214983,0.042261196458572674,0.047921103849625876,0.09206805513314008,0.03929745058332522,0.02002957821666919,0.05805212147369039,0.1637682749328249,0.12507654866951376,0.06196559736719907,0.031275357344309446,0.14939398150028746,0.034695106210996585,0.18191540179836385,0.04481391576928428,0.11242857206816594,0.018150947067355323,0.05330037918976837,0.03717821775032464,0.03409757716207294,0.1141660897894949,0.01669423581904388,0.023330181294667924,0.08517001339279531,0.15919559162073024,0.022197490518024013,0.039876557026929625,0.03983635869480125,0.03007671168660523,0.03544353092451041,0.08569440272150812,0.04078779991944996,0.034746682318480944,0.17849674179298197,0.27554240885943343,0.08874543296011354,0.08614679481226657,0.059443151246513115,0.072099642549982,0.03514465642276618,0.12987758190099027,0.03848727934251136,0.00501509556765598,0.058487495737945545,0.09427147148233736,0.04806025016521924,0.3428503142213519,0.11583779486055595,0.1321701883802027,0.06882577223500075,0.03359679780667776,0.08000910597483264,0.02284163337380396
